COLLISION_TYPE= 4
NUMBER_OF_CHANLS=    9
NUMBER_OF_STATES=     35
MATRIX_SIZE=       147
R_GRID_SIZE=    2
  #STATE #CHANNEL J12 M12   J  KA  KC
       1        1   0   0   0   0   0
       2        2   1  -1   1   0   1
       3        2   1   0   1   0   1
       4        2   1   1   1   0   1
       5        3   1  -1   1   1   1
       6        3   1   0   1   1   1
       7        3   1   1   1   1   1
       8        4   1  -1   1   1   0
       9        4   1   0   1   1   0
      10        4   1   1   1   1   0
      11        5   2  -2   2   0   2
      12        5   2  -1   2   0   2
      13        5   2   0   2   0   2
      14        5   2   1   2   0   2
      15        5   2   2   2   0   2
      16        6   2  -2   2   1   2
      17        6   2  -1   2   1   2
      18        6   2   0   2   1   2
      19        6   2   1   2   1   2
      20        6   2   2   2   1   2
      21        7   2  -2   2   1   1
      22        7   2  -1   2   1   1
      23        7   2   0   2   1   1
      24        7   2   1   2   1   1
      25        7   2   2   2   1   1
      26        8   2  -2   2   2   1
      27        8   2  -1   2   2   1
      28        8   2   0   2   2   1
      29        8   2   1   2   2   1
      30        8   2   2   2   2   1
      31        9   2  -2   2   2   0
      32        9   2  -1   2   2   0
      33        9   2   0   2   2   0
      34        9   2   1   2   2   0
      35        9   2   2   2   2   0
       MIJ_INDEX     ST_1     ST_2
               1        1        1
               2        2        2
               3        3        1
               4        3        3
               5        4        4
               6        5        2
               7        5        5
               8        6        1
               9        6        3
              10        6        6
              11        7        4
              12        7        7
              13        8        2
              14        8        5
              15        8        8
              16        9        1
              17        9        3
              18        9        6
              19        9        9
              20       10        4
              21       10        7
              22       10       10
              23       11       11
              24       12        2
              25       12        5
              26       12        8
              27       12       12
              28       13        1
              29       13        3
              30       13        6
              31       13        9
              32       13       13
              33       14        4
              34       14        7
              35       14       10
              36       14       14
              37       15       15
              38       16       11
              39       16       16
              40       17        2
              41       17        5
              42       17        8
              43       17       12
              44       17       17
              45       18        1
              46       18        3
              47       18        6
              48       18        9
              49       18       13
              50       18       18
              51       19        4
              52       19        7
              53       19       10
              54       19       14
              55       19       19
              56       20       15
              57       20       20
              58       21       11
              59       21       16
              60       21       21
              61       22        2
              62       22        5
              63       22        8
              64       22       12
              65       22       17
              66       22       22
              67       23        1
              68       23        3
              69       23        6
              70       23        9
              71       23       13
              72       23       18
              73       23       23
              74       24        4
              75       24        7
              76       24       10
              77       24       14
              78       24       19
              79       24       24
              80       25       15
              81       25       20
              82       25       25
              83       26       11
              84       26       16
              85       26       21
              86       26       26
              87       27        2
              88       27        5
              89       27        8
              90       27       12
              91       27       17
              92       27       22
              93       27       27
              94       28        1
              95       28        3
              96       28        6
              97       28        9
              98       28       13
              99       28       18
             100       28       23
             101       28       28
             102       29        4
             103       29        7
             104       29       10
             105       29       14
             106       29       19
             107       29       24
             108       29       29
             109       30       15
             110       30       20
             111       30       25
             112       30       30
             113       31       11
             114       31       16
             115       31       21
             116       31       26
             117       31       31
             118       32        2
             119       32        5
             120       32        8
             121       32       12
             122       32       17
             123       32       22
             124       32       27
             125       32       32
             126       33        1
             127       33        3
             128       33        6
             129       33        9
             130       33       13
             131       33       18
             132       33       23
             133       33       28
             134       33       33
             135       34        4
             136       34        7
             137       34       10
             138       34       14
             139       34       19
             140       34       24
             141       34       29
             142       34       34
             143       35       15
             144       35       20
             145       35       25
             146       35       30
             147       35       35
  #iR           R_COM(iR)
    1  0.600000000000E+01
    2  0.800000000000E+01
        #k_matel      #iR     Mij(iR,k_matel)
               1        1 -0.555032358215E-04
               1        2 -0.420170499939E-04
               2        1 -0.421901781501E-04
               2        2 -0.411222071664E-04
               3        1  0.000000000000E+00
               3        2  0.000000000000E+00
               4        1 -0.821293511642E-04
               4        2 -0.438067356488E-04
               5        1 -0.421901781501E-04
               5        2 -0.411222071664E-04
               6        1  0.000000000000E+00
               6        2  0.000000000000E+00
               7        1 -0.556976776939E-04
               7        2 -0.415774808635E-04
               8        1 -0.247713365479E-04
               8        2  0.326372712219E-05
               9        1  0.000000000000E+00
               9        2  0.000000000000E+00
              10        1 -0.551143520766E-04
              10        2 -0.428961882545E-04
              11        1  0.000000000000E+00
              11        2  0.000000000000E+00
              12        1 -0.556976776939E-04
              12        2 -0.415774808635E-04
              13        1 -0.214526067362E-04
              13        2  0.282647059883E-05
              14        1  0.000000000000E+00
              14        2  0.000000000000E+00
              15        1 -0.686218516204E-04
              15        2 -0.433514619517E-04
              16        1  0.000000000000E+00
              16        2  0.000000000000E+00
              17        1  0.000000000000E+00
              17        2  0.000000000000E+00
              18        1  0.000000000000E+00
              18        2  0.000000000000E+00
              19        1 -0.292660042235E-04
              19        2 -0.393482260782E-04
              20        1  0.214526067362E-04
              20        2 -0.282647059883E-05
              21        1  0.000000000000E+00
              21        2  0.000000000000E+00
              22        1 -0.686218516204E-04
              22        2 -0.433514619517E-04
              23        1 -0.353733817383E-04
              23        2 -0.403702317533E-04
              24        1  0.000000000000E+00
              24        2  0.000000000000E+00
              25        1 -0.172677704968E-04
              25        2  0.248974562062E-05
              26        1  0.000000000000E+00
              26        2  0.000000000000E+00
              27        1 -0.618084553179E-04
              27        2 -0.429036658209E-04
              28        1  0.271899726053E-04
              28        2  0.166677680383E-05
              29        1  0.000000000000E+00
              29        2  0.000000000000E+00
              30        1 -0.412349597099E-05
              30        2  0.171512325092E-06
              31        1  0.000000000000E+00
              31        2  0.000000000000E+00
              32        1 -0.831525049950E-04
              32        2 -0.435374548209E-04
              33        1  0.000000000000E+00
              33        2  0.000000000000E+00
              34        1 -0.172677704968E-04
              34        2  0.248974562062E-05
              35        1  0.000000000000E+00
              35        2  0.000000000000E+00
              36        1 -0.618084553179E-04
              36        2 -0.429036658209E-04
              37        1 -0.353733817383E-04
              37        2 -0.403702317533E-04
              38        1  0.000000000000E+00
              38        2  0.000000000000E+00
              39        1 -0.355847908906E-04
              39        2 -0.401754816236E-04
              40        1 -0.104320881999E-04
              40        2  0.109142928144E-05
              41        1  0.000000000000E+00
              41        2  0.000000000000E+00
              42        1  0.174381069273E-04
              42        2  0.587755815651E-06
              43        1  0.000000000000E+00
              43        2  0.000000000000E+00
              44        1 -0.695839365502E-04
              44        2 -0.427112636858E-04
              45        1  0.000000000000E+00
              45        2  0.000000000000E+00
              46        1 -0.299005801655E-04
              46        2  0.442976942707E-05
              47        1  0.000000000000E+00
              47        2  0.000000000000E+00
              48        1  0.000000000000E+00
              48        2  0.000000000000E+00
              49        1  0.000000000000E+00
              49        2  0.000000000000E+00
              50        1 -0.671787242257E-04
              50        2 -0.443117593504E-04
              51        1 -0.104320881999E-04
              51        2  0.109142928144E-05
              52        1  0.000000000000E+00
              52        2  0.000000000000E+00
              53        1 -0.174381069273E-04
              53        2 -0.587755815651E-06
              54        1  0.000000000000E+00
              54        2  0.000000000000E+00
              55        1 -0.695839365502E-04
              55        2 -0.427112636858E-04
              56        1  0.000000000000E+00
              56        2  0.000000000000E+00
              57        1 -0.355847908906E-04
              57        2 -0.401754816236E-04
              58        1  0.187057106901E-04
              58        2 -0.226452846357E-05
              59        1  0.000000000000E+00
              59        2  0.000000000000E+00
              60        1 -0.551185155402E-04
              60        2 -0.425851141347E-04
              61        1  0.000000000000E+00
              61        2  0.000000000000E+00
              62        1  0.341231437210E-04
              62        2  0.287795555262E-05
              63        1  0.000000000000E+00
              63        2  0.000000000000E+00
              64        1  0.190082592195E-04
              64        2 -0.290447179837E-05
              65        1  0.000000000000E+00
              65        2  0.000000000000E+00
              66        1 -0.560699075846E-04
              66        2 -0.419426390824E-04
              67        1  0.000000000000E+00
              67        2  0.000000000000E+00
              68        1  0.000000000000E+00
              68        2  0.000000000000E+00
              69        1  0.000000000000E+00
              69        2  0.000000000000E+00
              70        1  0.000000000000E+00
              70        2  0.000000000000E+00
              71        1  0.000000000000E+00
              71        2  0.000000000000E+00
              72        1  0.000000000000E+00
              72        2  0.000000000000E+00
              73        1 -0.551393328577E-04
              73        2 -0.410297435352E-04
              74        1  0.000000000000E+00
              74        2  0.000000000000E+00
              75        1 -0.341231437210E-04
              75        2 -0.287795555262E-05
              76        1  0.000000000000E+00
              76        2  0.000000000000E+00
              77        1 -0.190082592195E-04
              77        2  0.290447179837E-05
              78        1  0.000000000000E+00
              78        2  0.000000000000E+00
              79        1 -0.560699075846E-04
              79        2 -0.419426390824E-04
              80        1 -0.187057106901E-04
              80        2  0.226452846357E-05
              81        1  0.000000000000E+00
              81        2  0.000000000000E+00
              82        1 -0.551185155402E-04
              82        2 -0.425851141347E-04
              83        1  0.000000000000E+00
              83        2  0.000000000000E+00
              84        1 -0.171106719403E-04
              84        2  0.221371639526E-05
              85        1  0.000000000000E+00
              85        2  0.000000000000E+00
              86        1 -0.747006596930E-04
              86        2 -0.432829084886E-04
              87        1 -0.166850367937E-04
              87        2 -0.229019973697E-05
              88        1  0.000000000000E+00
              88        2  0.000000000000E+00
              89        1 -0.184505652278E-04
              89        2  0.277701173095E-05
              90        1  0.000000000000E+00
              90        2  0.000000000000E+00
              91        1 -0.153300067959E-05
              91        2  0.283351540868E-06
              92        1  0.000000000000E+00
              92        2  0.000000000000E+00
              93        1 -0.452788286919E-04
              93        2 -0.414278301524E-04
              94        1  0.000000000000E+00
              94        2  0.000000000000E+00
              95        1  0.000000000000E+00
              95        2  0.000000000000E+00
              96        1  0.000000000000E+00
              96        2  0.000000000000E+00
              97        1 -0.160121705537E-04
              97        2  0.151025498418E-05
              98        1  0.000000000000E+00
              98        2  0.000000000000E+00
              99        1  0.000000000000E+00
              99        2  0.000000000000E+00
             100        1  0.000000000000E+00
             100        2  0.000000000000E+00
             101        1 -0.375572023374E-04
             101        2 -0.406637726874E-04
             102        1  0.166850367937E-04
             102        2  0.229019973697E-05
             103        1  0.000000000000E+00
             103        2  0.000000000000E+00
             104        1 -0.184505652278E-04
             104        2  0.277701173095E-05
             105        1  0.000000000000E+00
             105        2  0.000000000000E+00
             106        1  0.153300067959E-05
             106        2 -0.283351540868E-06
             107        1  0.000000000000E+00
             107        2  0.000000000000E+00
             108        1 -0.452788286919E-04
             108        2 -0.414278301524E-04
             109        1  0.000000000000E+00
             109        2  0.000000000000E+00
             110        1  0.171106719403E-04
             110        2 -0.221371639526E-05
             111        1  0.000000000000E+00
             111        2  0.000000000000E+00
             112        1 -0.747006596930E-04
             112        2 -0.432829084886E-04
             113        1 -0.473793238160E-05
             113        2 -0.110919889114E-05
             114        1  0.000000000000E+00
             114        2  0.000000000000E+00
             115        1  0.202478380992E-04
             115        2 -0.295771292148E-05
             116        1  0.000000000000E+00
             116        2  0.000000000000E+00
             117        1 -0.767388312453E-04
             117        2 -0.436715139692E-04
             118        1  0.000000000000E+00
             118        2  0.000000000000E+00
             119        1  0.156490659524E-04
             119        2 -0.182549617766E-05
             120        1  0.000000000000E+00
             120        2  0.000000000000E+00
             121        1  0.119946584018E-05
             121        2  0.729212180591E-06
             122        1  0.000000000000E+00
             122        2  0.000000000000E+00
             123        1  0.343964286015E-05
             123        2  0.126763928986E-06
             124        1  0.000000000000E+00
             124        2  0.000000000000E+00
             125        1 -0.447750509626E-04
             125        2 -0.410998512278E-04
             126        1  0.206223996018E-04
             126        2  0.254373511805E-05
             127        1  0.000000000000E+00
             127        2  0.000000000000E+00
             128        1  0.165975193515E-04
             128        2 -0.259613446276E-05
             129        1  0.000000000000E+00
             129        2  0.000000000000E+00
             130        1  0.707693308284E-05
             130        2  0.759973421107E-06
             131        1  0.000000000000E+00
             131        2  0.000000000000E+00
             132        1  0.000000000000E+00
             132        2  0.000000000000E+00
             133        1  0.000000000000E+00
             133        2  0.000000000000E+00
             134        1 -0.344884146916E-04
             134        2 -0.405425195753E-04
             135        1  0.000000000000E+00
             135        2  0.000000000000E+00
             136        1  0.156490659524E-04
             136        2 -0.182549617766E-05
             137        1  0.000000000000E+00
             137        2  0.000000000000E+00
             138        1  0.119946584018E-05
             138        2  0.729212180591E-06
             139        1  0.000000000000E+00
             139        2  0.000000000000E+00
             140        1 -0.343964286015E-05
             140        2 -0.126763928986E-06
             141        1  0.000000000000E+00
             141        2  0.000000000000E+00
             142        1 -0.447750509626E-04
             142        2 -0.410998512278E-04
             143        1 -0.473793238160E-05
             143        2 -0.110919889114E-05
             144        1  0.000000000000E+00
             144        2  0.000000000000E+00
             145        1 -0.202478380992E-04
             145        2  0.295771292148E-05
             146        1  0.000000000000E+00
             146        2  0.000000000000E+00
             147        1 -0.767388312453E-04
             147        2 -0.436715139692E-04
