#N =          J1         V1         J2         V2          E
    1          0          0          0          0   2352.440
    2          0          1          0          1   7014.360
 R1(i),J1(i)
   1.62470000000000       0.100000000000000     
   1.72470000000000       0.100000000000000     
   1.82470000000000       0.100000000000000     
   1.92470000000000       0.100000000000000     
   2.02470000000000       0.100000000000000     
   2.12470000000000       0.100000000000000     
   2.22470000000000       0.100000000000000     
   2.32470000000000       0.100000000000000     
   2.42470000000000       0.100000000000000     
   2.52470000000000       0.100000000000000     
 R2(i),J2(i)
   1.62470000000000       0.100000000000000     
   1.72470000000000       0.100000000000000     
   1.82470000000000       0.100000000000000     
   1.92470000000000       0.100000000000000     
   2.02470000000000       0.100000000000000     
   2.12470000000000       0.100000000000000     
   2.22470000000000       0.100000000000000     
   2.32470000000000       0.100000000000000     
   2.42470000000000       0.100000000000000     
   2.52470000000000       0.100000000000000     
 WAVEFUNCTIONS ARE LISTED BELOW
 MOLECULE#1,CHANNEL=           1
  7.804295400631288E-008
  1.108331038978703E-004
  1.818908571848309E-002
  0.447935975560560     
   2.08260753651436     
   2.23684290823697     
  0.662733887384913     
  6.330399757939037E-002
  2.235767265033735E-003
  3.293334026423257E-005
 
 MOLECULE#1,CHANNEL=           2
 -4.439585961232912E-007
 -5.231646028432146E-004
 -6.581834673612631E-002
  -1.05940697245840     
  -1.95548487461021     
   1.52909423899146     
   1.67647395040993     
  0.293093612944678     
  1.569403714491397E-002
  3.207132965442737E-004
 
 MOLECULE#2,CHANNEL=           1
  7.804295400631288E-008
  1.108331038978703E-004
  1.818908571848309E-002
  0.447935975560560     
   2.08260753651436     
   2.23684290823697     
  0.662733887384913     
  6.330399757939037E-002
  2.235767265033735E-003
  3.293334026423257E-005
 
 MOLECULE#2,CHANNEL=           2
 -4.439585961232912E-007
 -5.231646028432146E-004
 -6.581834673612631E-002
  -1.05940697245840     
  -1.95548487461021     
   1.52909423899146     
   1.67647395040993     
  0.293093612944678     
  1.569403714491397E-002
  3.207132965442737E-004
 
