 1.00   0.5440766E+06   0.2881668E+05   0.1252427E+05   0.8793831E+05  -0.5108879E+05   0.6225925E+05  -0.1660705E+05   0.1558306E+05   0.1574130E+05   0.9693639E+03  -0.3038964E+04   0.3890161E+04
 1.10   0.3776753E+06   0.2658683E+05   0.7938562E+04   0.5865871E+05  -0.3552788E+05   0.4430898E+05  -0.1202698E+05   0.1109355E+05   0.1062267E+05   0.7127343E+03  -0.2132411E+04   0.2699267E+04
 1.20   0.2616773E+06   0.2284749E+05   0.5080480E+04   0.3892309E+05  -0.2468196E+05   0.3140525E+05  -0.8671080E+04   0.7890755E+04   0.7150729E+04   0.5198042E+03  -0.1490101E+04   0.1869006E+04
 1.30   0.1809253E+06   0.1876455E+05   0.3290413E+04   0.2567363E+05  -0.1712480E+05   0.2216754E+05  -0.6224723E+04   0.5605480E+04   0.4800382E+04   0.3762498E+03  -0.1036962E+04   0.1291157E+04
 1.40   0.1247949E+06   0.1492738E+05   0.2160681E+04   0.1681830E+05  -0.1186229E+05   0.1558125E+05  -0.4449844E+04   0.3975332E+04   0.3212708E+04   0.2704241E+03  -0.7186170E+03   0.8897466E+03
 1.50   0.8584470E+05   0.1159219E+05   0.1440120E+04   0.1092946E+05  -0.8200911E+04   0.1090444E+05  -0.3167877E+04   0.2813347E+04   0.2142726E+04   0.1930722E+03  -0.4958896E+03   0.6114830E+03
 1.60   0.5886719E+05   0.8830991E+04   0.9743167E+03   0.7035617E+04  -0.5656527E+04   0.7597102E+04  -0.2245881E+04   0.1986032E+04   0.1423484E+04   0.1369755E+03  -0.3407002E+03   0.4190260E+03
 1.70   0.4022171E+05   0.6620830E+04   0.6683981E+03   0.4477668E+04  -0.3891014E+04   0.5267918E+04  -0.1585521E+04   0.1397928E+04   0.9413846E+03   0.9659065E+02  -0.2330161E+03   0.2862450E+03
 1.80   0.2736568E+05   0.4895712E+04   0.4639778E+03   0.2809965E+04  -0.2668184E+04   0.3634564E+04  -0.1114480E+04   0.9807026E+03   0.6192698E+03   0.6771667E+02  -0.1586095E+03   0.1948806E+03
 1.90   0.1852549E+05   0.3575661E+04   0.3249634E+03   0.1732303E+04  -0.1823068E+04   0.2494190E+04  -0.7798485E+03   0.6854157E+03   0.4048251E+03   0.4720692E+02  -0.1074186E+03   0.1321950E+03
 2.00   0.1246553E+05   0.2581972E+04   0.2288632E+03   0.1043285E+04  -0.1240483E+04   0.1701649E+04  -0.5431010E+03   0.4770157E+03   0.2626501E+03   0.3272867E+02  -0.7235756E+02   0.8931916E+02
 2.10   0.8326228E+04   0.1844379E+04   0.1614880E+03   0.6084254E+03  -0.8400591E+03   0.1153500E+04  -0.3763109E+03   0.3304091E+03   0.1688401E+03   0.2256877E+02  -0.4845639E+02   0.6009023E+02
 2.20   0.5510570E+04   0.1303642E+04   0.1137371E+03   0.3383886E+03  -0.5657720E+03   0.7763235E+03  -0.2593192E+03   0.2276481E+03   0.1072897E+03   0.1547982E+02  -0.3224355E+02   0.4023569E+02
 2.30   0.3604624E+04   0.9116917E+03   0.7965275E+02   0.1741800E+03  -0.3786164E+03   0.5182226E+03  -0.1776333E+03   0.1559134E+03   0.6717557E+02   0.1056080E+02  -0.2130393E+02   0.2680080E+02
 2.40   0.2321959E+04   0.6305973E+03   0.5524368E+02   0.7710737E+02  -0.2514803E+03   0.3426646E+03  -0.1208753E+03   0.1060650E+03   0.4124369E+02   0.7165665E+01  -0.1396438E+02   0.1774764E+02
 2.50   0.1464808E+04   0.4310638E+03   0.3777158E+02   0.2199435E+02  -0.1655545E+03   0.2240415E+03  -0.8164306E+02   0.7160099E+02   0.2464746E+02   0.4834474E+01  -0.9070637E+01   0.1167464E+02
 2.60   0.8969601E+03   0.2908569E+03   0.2531525E+02  -0.7388206E+01  -0.1078200E+03   0.1444826E+03  -0.5467785E+02   0.4790805E+02   0.1415988E+02   0.3241940E+01  -0.5829913E+01   0.7620848E+01
 2.70   0.5248571E+03   0.1933481E+03   0.1650077E+02  -0.2138483E+02  -0.6928964E+02   0.9157335E+02  -0.3625853E+02   0.3172293E+02   0.7640807E+01   0.2159469E+01  -0.3700175E+01   0.4929621E+01
 2.80   0.2844425E+03   0.1262593E+03   0.1033111E+02  -0.2649878E+02  -0.4377866E+02   0.5673127E+02  -0.2376297E+02   0.2074534E+02   0.3677373E+01   0.1427385E+01  -0.2312617E+01   0.3153814E+01
 2.90   0.1320157E+03   0.8062889E+02   0.6075788E+01  -0.2674796E+02  -0.2704576E+02   0.3405339E+02  -0.1535141E+02   0.1336006E+02   0.1341819E+01   0.9348035E+00  -0.1417578E+01   0.1990103E+01
 3.00   0.3788651E+02   0.4998553E+02   0.3196973E+01  -0.2455900E+02  -0.1619414E+02   0.1950198E+02  -0.9738913E+01   0.8437790E+01   0.2879397E-01   0.6051469E+00  -0.8469805E+00   0.1233554E+01
 3.10  -0.1801873E+02   0.2970292E+02   0.1298505E+01  -0.2135275E+02  -0.9254351E+01   0.1033159E+02  -0.6032378E+01   0.5192794E+01  -0.6536618E+00   0.3858101E+00  -0.4883364E+00   0.7463096E+00
 3.20  -0.4919515E+02   0.1650630E+02   0.8949641E-01  -0.1792443E+02  -0.4894365E+01   0.4687640E+01  -0.3614280E+01   0.3081261E+01  -0.9569461E+00   0.2408384E+00  -0.2668517E+00   0.4360631E+00
 3.30  -0.6465364E+02   0.8100149E+01  -0.6422833E+00  -0.1468801E+02  -0.2218641E+01   0.1326418E+01  -0.2060061E+01   0.1729048E+01  -0.1040390E+01   0.1457739E+00  -0.1331496E+00   0.2413183E+00
 3.40  -0.7036133E+02   0.2891272E+01  -0.1050271E+01  -0.1183152E+02  -0.6291986E+00  -0.5793057E+00  -0.1079638E+01   0.8804307E+00  -0.1003429E+01   0.8405373E-01  -0.5489406E-01   0.1213280E+00
 3.50  -0.7022949E+02  -0.2146780E+00  -0.1244105E+01  -0.9414197E+01   0.2700993E+00  -0.1574586E+01  -0.4761799E+00   0.3619092E+00  -0.9068497E+00   0.4450816E-01  -0.1110055E-01   0.4925405E-01
 3.60  -0.6678872E+02  -0.1961180E+01  -0.1301005E+01  -0.7426216E+01   0.7392508E+00  -0.2014617E+01  -0.1171567E+00   0.5674664E-01  -0.7867562E+00   0.1963330E-01   0.1170624E-01   0.7535815E-02
 3.70  -0.6164870E+02  -0.2847324E+01  -0.1274421E+01  -0.5824427E+01   0.9470288E+00  -0.2127824E+01   0.8587866E-01  -0.1128603E+00  -0.6636916E+00   0.4405836E-02   0.2207314E-01  -0.1523204E-01
 3.80  -0.5580994E+02  -0.3203695E+01  -0.1200569E+01  -0.4553082E+01   0.1001534E+01  -0.2058735E+01   0.1913558E+00  -0.1982006E+00  -0.5485552E+00  -0.4525945E-02   0.2534057E-01  -0.2639449E-01
 3.90  -0.4987404E+02  -0.3245930E+01  -0.1103340E+01  -0.3555206E+01   0.9708636E+00  -0.1896903E+01   0.2374149E+00  -0.2326517E+00  -0.4464070E+00  -0.9391366E-02   0.2478405E-01  -0.3063494E-01
 4.00  -0.4418473E+02  -0.3112145E+01  -0.9979524E+00  -0.2778343E+01   0.8970127E+00  -0.1696293E+01   0.2485965E+00  -0.2376010E+00  -0.3588862E+00  -0.1166844E-01   0.2236484E-01  -0.3090408E-01
 4.10  -0.3892185E+02  -0.2888840E+01  -0.8936389E+00  -0.2176985E+01   0.8051470E+00  -0.1488159E+01   0.2404136E+00  -0.2264936E+00  -0.2857279E+00  -0.1233346E-01   0.1921943E-01  -0.2903334E-01
 4.20  -0.3416336E+02  -0.2628639E+01  -0.7955914E+00  -0.1713148E+01   0.7097469E+00  -0.1289521E+01   0.2224527E+00  -0.2075768E+00  -0.2256954E+00  -0.1202833E-01   0.1597562E-01  -0.2613735E-01
 4.30  -0.2992591E+02  -0.2362296E+01  -0.7063541E+00  -0.1355978E+01   0.6186332E+00  -0.1108681E+01   0.2004626E+00  -0.1857457E+00  -0.1771395E+00  -0.1117233E-01   0.1295422E-01  -0.2287645E-01
 4.40  -0.2619101E+02  -0.2106730E+01  -0.6267999E+00  -0.1080906E+01   0.5355769E+00  -0.9487674E+00   0.1777457E+00  -0.1637707E+00  -0.1383208E+00  -0.1003662E-01   0.1029611E-01  -0.1962646E-01
 4.50  -0.2292166E+02  -0.1870324E+01  -0.5568011E+00  -0.8686700E+00   0.4619681E+00  -0.8099812E+00   0.1560773E+00  -0.1431051E+00  -0.1075847E+00  -0.8793961E-02   0.8040937E-02  -0.1658771E-01
 4.60  -0.2007260E+02  -0.1656369E+01  -0.4956797E+00  -0.7043438E+00   0.3978632E+00  -0.6909811E+00   0.1363037E+00  -0.1244090E+00  -0.8344617E-01  -0.7551699E-02   0.6174897E-02  -0.1385442E-01
 4.70  -0.1759655E+02  -0.1465247E+01  -0.4424996E+00  -0.5764724E+00   0.3426301E+00  -0.5897230E+00   0.1187267E+00  -0.1078831E+00  -0.6462158E-01  -0.6373872E-02   0.4658980E-02  -0.1145832E-01
 4.80  -0.1544775E+02  -0.1295805E+01  -0.3962490E+00  -0.4763272E+00   0.2953325E+00  -0.5039473E+00   0.1033449E+00  -0.9347764E-01  -0.5003019E-01  -0.5295931E-02   0.3445056E-02  -0.9395858E-02
 4.90  -0.1358380E+02  -0.1146175E+01  -0.3559466E+00  -0.3972944E+00   0.2549503E+00  -0.4314468E+00   0.9000298E-01  -0.8101988E-01  -0.3877962E-01  -0.4334621E-02   0.2484564E-02  -0.7644784E-02
 5.00  -0.1196651E+02  -0.1014255E+01  -0.3206994E+00  -0.3343822E+00   0.2204984E+00  -0.3702003E+00   0.7847978E-01  -0.7028827E-01  -0.3014421E-01  -0.3494631E-02   0.1732792E-02  -0.6174174E-02
 5.10  -0.1056211E+02  -0.8979678E+00  -0.2897261E+00  -0.2838321E+00   0.1910832E+00  -0.3184269E+00   0.6853876E-01  -0.6105443E-01  -0.2354106E-01  -0.2773075E-02   0.1150629E-02  -0.4950263E-02
 5.20  -0.9341125E+01  -0.7953940E+00  -0.2623629E+00  -0.2428170E+00   0.1659246E+00  -0.2745958E+00   0.5995457E-01  -0.5310440E-01  -0.1850681E-01  -0.2162525E-02   0.7049273E-03  -0.3939733E-02
 5.30  -0.8278029E+01  -0.7048212E+00  -0.2380563E+00  -0.2092088E+00   0.1443562E+00  -0.2374120E+00   0.5252535E-01  -0.4624809E-01  -0.1467638E-01  -0.1653051E-02   0.3681651E-03  -0.3111449E-02
 5.40  -0.7350853E+01  -0.6247537E+00  -0.2163515E+00  -0.1814025E+00   0.1258176E+00  -0.2057909E+00   0.4607678E-01  -0.4032176E-01  -0.1176443E-01  -0.1233588E-02   0.1177991E-03  -0.2437265E-02
 5.50  -0.6540754E+01  -0.5538989E+00  -0.1968774E+00  -0.1581832E+00   0.1098410E+00  -0.1788300E+00   0.4046167E-01  -0.3518694E-01  -0.9549554E-02  -0.8928478E-03  -0.6446883E-04  -0.1892287E-02
 5.60  -0.5831606E+01  -0.4911437E+00  -0.1793329E+00  -0.1386263E+00   0.9603742E-01  -0.1557809E+00   0.3555732E-01  -0.3072773E-01  -0.7861113E-02  -0.6198913E-03  -0.1934010E-03  -0.1454838E-02
 5.70  -0.5209624E+01  -0.4355295E+00  -0.1634729E+00  -0.1220238E+00   0.8408366E-01  -0.1360234E+00   0.3126206E-01  -0.2684748E-01  -0.6568452E-02  -0.4044924E-03  -0.2808577E-03  -0.1106266E-02
 5.80  -0.4663023E+01  -0.3862277E+00  -0.1490975E+00  -0.1078287E+00   0.7371050E-01  -0.1190434E+00   0.2749174E-01  -0.2346551E-01  -0.5572154E-02  -0.2373362E-03  -0.3363381E-03  -0.8306656E-03
 5.90  -0.4181723E+01  -0.3425182E+00  -0.1360416E+00  -0.9561500E-01   0.6469293E-01  -0.1044140E+00   0.2417645E-01  -0.2051429E-01  -0.4797041E-02  -0.1101119E-03  -0.3674308E-03  -0.6145866E-03
 6.00  -0.3757096E+01  -0.3037715E+00  -0.1241677E+00  -0.8504741E-01   0.5684197E-01  -0.9177985E-01   0.2125776E-01  -0.1793688E-01  -0.4186613E-02  -0.1553068E-04  -0.3801805E-03  -0.4467316E-03
 6.10  -0.3381746E+01  -0.2694341E+00  -0.1133593E+00  -0.7585919E-01   0.4999803E-01  -0.8084400E-01   0.1868638E-01  -0.1568492E-01  -0.3698669E-02   0.5270444E-04  -0.3793865E-03  -0.3176761E-03
 6.20  -0.3049323E+01  -0.2390166E+00  -0.1035162E+00  -0.6783589E-01   0.4402561E-01  -0.7135777E-01   0.1642037E-01  -0.1371708E-01  -0.3301882E-02   0.9996070E-04  -0.3688426E-03  -0.2196076E-03
 6.30  -0.2754367E+01  -0.2120844E+00  -0.9455093E-01  -0.6080330E-01   0.3880903E-01  -0.6311202E-01   0.1442365E-01  -0.1199769E-01  -0.2973143E-02   0.1307556E-03  -0.3515303E-03  -0.1460922E-03
 6.40  -0.2492175E+01  -0.1882502E+00  -0.8638579E-01  -0.5461843E-01   0.3424909E-01  -0.5593029E-01   0.1266490E-01  -0.1049585E-01  -0.2695508E-02   0.1488458E-03  -0.3297749E-03  -0.9186538E-04
 6.50  -0.2258685E+01  -0.1671684E+00  -0.7895119E-01  -0.4916281E-01   0.3026033E-01  -0.4966322E-01   0.1111670E-01  -0.9184565E-02  -0.2456625E-02   0.1573182E-03  -0.3053720E-03  -0.5264872E-04
 6.60  -0.2050388E+01  -0.1485297E+00  -0.7218397E-01  -0.4433744E-01   0.2676889E-01  -0.4418403E-01   0.9754921E-02  -0.8040210E-02  -0.2247542E-02   0.1586791E-03  -0.2796900E-03  -0.2498992E-04
 6.70  -0.1864241E+01  -0.1320574E+00  -0.6602647E-01  -0.4005898E-01   0.2371077E-01  -0.3938478E-01   0.8558149E-02  -0.7042024E-02  -0.2061797E-02   0.1549380E-03  -0.2537540E-03  -0.6124080E-05
 6.80  -0.1697605E+01  -0.1175042E+00  -0.6042573E-01  -0.3625678E-01   0.2103036E-01  -0.3517339E-01   0.7507368E-02  -0.6171734E-02  -0.1894741E-02   0.1476850E-03  -0.2283142E-03   0.6145368E-05
 6.90  -0.1548185E+01  -0.1046490E+00  -0.5533302E-01  -0.3287062E-01   0.1867933E-01  -0.3147108E-01   0.6585628E-02  -0.5413246E-02  -0.1743034E-02   0.1381597E-03  -0.2039022E-03   0.1354828E-04
 7.00  -0.1413982E+01  -0.9329465E-01  -0.5070337E-01  -0.2984889E-01   0.1661558E-01  -0.2821039E-01   0.5777810E-02  -0.4752388E-02  -0.1604265E-02   0.1273129E-03  -0.1808769E-03   0.1743394E-04
 7.10  -0.1293252E+01  -0.8326533E-01  -0.4649534E-01  -0.2714721E-01   0.1480245E-01  -0.2533339E-01   0.5070426E-02  -0.4176686E-02  -0.1476681E-02   0.1158593E-03  -0.1594625E-03   0.1884362E-04
 7.20  -0.1184470E+01  -0.7440470E-01  -0.4267073E-01  -0.2472723E-01   0.1320799E-01  -0.2279030E-01   0.4451453E-02  -0.3675175E-02  -0.1358987E-02   0.1043238E-03  -0.1397794E-03   0.1857117E-04
 7.30  -0.1086301E+01  -0.6657399E-01  -0.3919442E-01  -0.2255576E-01   0.1180438E-01  -0.2053824E-01   0.3910190E-02  -0.3238230E-02  -0.1250207E-02   0.9308008E-04  -0.1218691E-03   0.1721333E-04
 7.40  -0.9975764E+00  -0.5965017E-01  -0.3603416E-01  -0.2060393E-01   0.1056739E-01  -0.1854026E-01   0.3437124E-02  -0.2857421E-02  -0.1149574E-02   0.8238265E-04  -0.1057149E-03   0.1521128E-04
 7.50  -0.9172670E+00  -0.5352445E-01  -0.3316039E-01  -0.1884664E-01   0.9475896E-02  -0.1676447E-01   0.3023820E-02  -0.2525372E-02  -0.1056470E-02   0.7239418E-04  -0.9125797E-04   0.1288447E-04
 7.60  -0.8444689E+00  -0.4810075E-01  -0.3054611E-01  -0.1726196E-01   0.8511536E-02  -0.1518330E-01   0.2662810E-02  -0.2235649E-02  -0.9703697E-03   0.6320726E-04  -0.7841063E-04   0.1045827E-04
 7.70  -0.7783855E+00  -0.4329436E-01  -0.2816669E-01  -0.1583070E-01   0.7658315E-02  -0.1377287E-01   0.2347501E-02  -0.1982643E-02  -0.8908105E-03   0.5486223E-04  -0.6706650E-04   0.8086090E-05
 7.80  -0.7183136E+00  -0.3903073E-01  -0.2599973E-01  -0.1453607E-01   0.6902323E-02  -0.1251252E-01   0.2072087E-02  -0.1761478E-02  -0.8173730E-03   0.4736140E-04  -0.5710851E-04   0.5867130E-05
 7.90  -0.6636322E+00  -0.3524432E-01  -0.2402488E-01  -0.1336331E-01   0.6231457E-02  -0.1138430E-01   0.1831459E-02  -0.1567920E-02  -0.7496658E-03   0.4068032E-04  -0.4841500E-04   0.3860388E-05
 8.00  -0.6137911E+00  -0.3187756E-01  -0.2222370E-01  -0.1229944E-01   0.5635190E-02  -0.1037262E-01   0.1621138E-02  -0.1398299E-02  -0.6873182E-03   0.3477650E-04  -0.4086424E-04   0.2095653E-05
 8.10  -0.5683031E+00  -0.2887999E-01  -0.2057952E-01  -0.1133302E-01   0.5104366E-02  -0.9463907E-02   0.1437203E-02  -0.1249436E-02  -0.6299759E-03   0.2959619E-04  -0.3433775E-04   0.5820310E-06
 8.20  -0.5267353E+00  -0.2620734E-01  -0.1907726E-01  -0.1045397E-01   0.4631020E-02  -0.8646336E-02   0.1276228E-02  -0.1118585E-02  -0.5772987E-03   0.2507945E-04  -0.2872264E-04  -0.6855328E-06
 8.30  -0.4887029E+00  -0.2382088E-01  -0.1770333E-01  -0.9653348E-02   0.4208217E-02  -0.7909581E-02   0.1135222E-02  -0.1003369E-02  -0.5289601E-03   0.2116386E-04  -0.2391307E-04  -0.1721316E-05
 8.40  -0.4538635E+00  -0.2168667E-01  -0.1644550E-01  -0.8923251E-02   0.3829921E-02  -0.7244617E-02   0.1011582E-02  -0.9017406E-03  -0.4846470E-03   0.1778729E-04  -0.1981119E-04  -0.2545150E-05
 8.50  -0.4219115E+00  -0.1977501E-01  -0.1529272E-01  -0.8256662E-02   0.3490873E-02  -0.6643538E-02   0.9030448E-03  -0.8119288E-03  -0.4440604E-03   0.1488973E-04  -0.1632758E-04  -0.3179745E-05
 8.60  -0.3925743E+00  -0.1805992E-01  -0.1423509E-01  -0.7647343E-02   0.3186487E-02  -0.6099406E-02   0.8076421E-03  -0.7324076E-03  -0.4069160E-03   0.1241455E-04  -0.1338131E-04  -0.3648782E-05
 8.70  -0.3656078E+00  -0.1651863E-01  -0.1326367E-01  -0.7089742E-02   0.2912762E-02  -0.5606127E-02   0.7236670E-03  -0.6618598E-03  -0.3729443E-03   0.1030927E-04  -0.1089976E-04  -0.3975604E-05
 8.80  -0.3407938E+00  -0.1513124E-01  -0.1237044E-01  -0.6578909E-02   0.2666203E-02  -0.5158333E-02   0.6496392E-03  -0.5991488E-03  -0.3418914E-03   0.8525911E-05  -0.8818290E-05  -0.4182351E-05
 8.90  -0.3179363E+00  -0.1388029E-01  -0.1154820E-01  -0.6110419E-02   0.2443751E-02  -0.4751289E-02   0.5842759E-03  -0.5432929E-03  -0.3135189E-03   0.7021159E-05  -0.7079720E-05  -0.4289428E-05
 9.00  -0.2968595E+00  -0.1275049E-01  -0.1079046E-01  -0.5680318E-02   0.2242730E-02  -0.4380815E-02   0.5264659E-03  -0.4934442E-03  -0.2876039E-03   0.5756296E-05  -0.5633816E-05  -0.4315228E-05
 9.10  -0.2774053E+00  -0.1172842E-01  -0.1009138E-01  -0.5285061E-02   0.2060792E-02  -0.4043206E-02   0.4752468E-03  -0.4488693E-03  -0.2639388E-03   0.4697010E-05  -0.4436681E-05  -0.4276019E-05
 9.20  -0.2594313E+00  -0.1080231E-01  -0.9445727E-02  -0.4921468E-02   0.1895876E-02  -0.3735180E-02   0.4297855E-03  -0.4089333E-03  -0.2423308E-03   0.3813122E-05  -0.3450162E-05  -0.4185958E-05
 9.30  -0.2428092E+00  -0.9961800E-02  -0.8848769E-02  -0.4586684E-02   0.1746169E-02  -0.3453822E-02   0.3893603E-03  -0.3730858E-03  -0.2226019E-03   0.3078266E-05  -0.2641260E-05  -0.4057188E-05
 9.40  -0.2274231E+00  -0.9197791E-02  -0.8296252E-02  -0.4278137E-02   0.1610075E-02  -0.3196535E-02   0.3533460E-03  -0.3408491E-03  -0.2045876E-03   0.2469544E-05  -0.1981564E-05  -0.3899981E-05
 9.50  -0.2131685E+00  -0.8502254E-02  -0.7784340E-02  -0.3993511E-02   0.1486184E-02  -0.2961008E-02   0.3212008E-03  -0.3118077E-03  -0.1881368E-03   0.1967181E-05  -0.1446723E-05  -0.3722909E-05
 9.60  -0.1999504E+00  -0.7868111E-02  -0.7309570E-02  -0.3730720E-02   0.1373250E-02  -0.2745176E-02   0.2924549E-03  -0.2855999E-03  -0.1731105E-03   0.1554180E-05  -0.1015951E-05  -0.3533034E-05
 9.70  -0.1876831E+00  -0.7289106E-02  -0.6868817E-02  -0.3487876E-02   0.1270172E-02  -0.2547192E-02   0.2667004E-03  -0.2619099E-03  -0.1593817E-03   0.1216000E-05  -0.6715737E-06  -0.3336087E-05
 9.80  -0.1762887E+00  -0.6759707E-02  -0.6459252E-02  -0.3263273E-02   0.1175972E-02  -0.2365403E-02   0.2435830E-03  -0.2404617E-03  -0.1468342E-03   0.9402555E-06  -0.3986242E-06  -0.3136650E-05
 9.90  -0.1656966E+00  -0.6275007E-02  -0.6078317E-02  -0.3055369E-02   0.1089781E-02  -0.2198326E-02   0.2227944E-03  -0.2210134E-03  -0.1353620E-03   0.7164343E-06  -0.1844738E-06  -0.2938322E-05
10.00  -0.1558425E+00  -0.5830653E-02  -0.5723691E-02  -0.2862763E-02   0.1010827E-02  -0.2044629E-02   0.2040664E-03  -0.2033529E-03  -0.1248682E-03   0.5356520E-06  -0.1850666E-07  -0.2743869E-05
10.10  -0.1466678E+00  -0.5422773E-02  -0.5393270E-02  -0.2684188E-02   0.9384196E-03  -0.1903114E-02   0.1871648E-03  -0.1872933E-03  -0.1152649E-03   0.3904242E-06   0.1081686E-06  -0.2555364E-05
10.20  -0.1381193E+00  -0.5047919E-02  -0.5085142E-02  -0.2518489E-02   0.8719449E-03  -0.1772702E-02   0.1718854E-03  -0.1726700E-03  -0.1064720E-03   0.2744682E-06   0.2029717E-06  -0.2374305E-05
10.30  -0.1301484E+00  -0.4703015E-02  -0.4797570E-02  -0.2364621E-02   0.8108527E-03  -0.1652420E-02   0.1580493E-03  -0.1593377E-03  -0.9841666E-04   0.1825270E-06   0.2720714E-06  -0.2201719E-05
10.40  -0.1227107E+00  -0.4385310E-02  -0.4528969E-02  -0.2221629E-02   0.7546500E-03  -0.1541389E-02   0.1454999E-03  -0.1471674E-03  -0.9103280E-04   0.1102159E-06   0.3205778E-06  -0.2038255E-05
10.50  -0.1157656E+00  -0.4092344E-02  -0.4277896E-02  -0.2088645E-02   0.7028948E-03  -0.1438815E-02   0.1340998E-03  -0.1360451E-03  -0.8426040E-04   0.5388928E-07   0.3527068E-06  -0.1884260E-05
10.60  -0.1092762E+00  -0.3821909E-02  -0.4043033E-02  -0.1964878E-02   0.6551899E-03  -0.1343979E-02   0.1237281E-03  -0.1258692E-03  -0.7804496E-04   0.1052543E-07   0.3719236E-06  -0.1739843E-05
10.70  -0.1032083E+00  -0.3572022E-02  -0.3823176E-02  -0.1849607E-02   0.6111779E-03  -0.1256229E-02   0.1142783E-03  -0.1165492E-03  -0.7233707E-04  -0.2237274E-07   0.3810638E-06  -0.1604930E-05
10.80  -0.9753090E-01  -0.3340898E-02  -0.3617223E-02  -0.1742171E-02   0.5705366E-03  -0.1174975E-02   0.1056565E-03  -0.1080044E-03  -0.6709189E-04  -0.4686222E-07   0.3824377E-06  -0.1479310E-05
10.90  -0.9221543E-01  -0.3126932E-02  -0.3424165E-02  -0.1641968E-02   0.5329755E-03  -0.1099680E-02   0.9777954E-04  -0.1001627E-03  -0.6226873E-04  -0.6463219E-07   0.3779184E-06  -0.1362670E-05
11.00  -0.8723569E-01  -0.2928670E-02  -0.3243075E-02  -0.1548448E-02   0.4982318E-03  -0.1029857E-02   0.9057390E-04  -0.9295953E-04  -0.5783070E-04  -0.7706528E-07   0.3690165E-06  -0.1254626E-05
11.10  -0.8256756E-01  -0.2744803E-02  -0.3073103E-02  -0.1461106E-02   0.4660679E-03  -0.9650617E-03   0.8397423E-04  -0.8633684E-04  -0.5374430E-04  -0.8528940E-07   0.3569431E-06  -0.1154746E-05
11.20  -0.7818891E-01  -0.2574142E-02  -0.2913469E-02  -0.1379478E-02   0.4362686E-03  -0.9048906E-03   0.7792242E-04  -0.8024256E-04  -0.4997915E-04  -0.9022143E-07   0.3426631E-06  -0.1062572E-05
11.30  -0.7407935E-01  -0.2415612E-02  -0.2763453E-02  -0.1303143E-02   0.4086387E-03  -0.8489753E-03   0.7236671E-04  -0.7462980E-04  -0.4650765E-04  -0.9260388E-07   0.3269388E-06  -0.9776310E-06
11.40  -0.7022009E-01  -0.2268236E-02  -0.2622393E-02  -0.1231710E-02   0.3830007E-03  -0.7969800E-03   0.6726091E-04  -0.6945631E-04  -0.4330475E-04  -0.9303562E-07   0.3103676E-06  -0.8994485E-06
11.50  -0.6659381E-01  -0.2131124E-02  -0.2489679E-02  -0.1164823E-02   0.3591936E-03  -0.7485980E-03   0.6256368E-04  -0.6468394E-04  -0.4034768E-04  -0.9199753E-07   0.2934124E-06  -0.8275573E-06
11.60  -0.6318455E-01  -0.2003470E-02  -0.2364747E-02  -0.1102154E-02   0.3370707E-03  -0.7035490E-03   0.5823803E-04  -0.6027821E-04  -0.3761575E-04  -0.8987386E-07   0.2764275E-06  -0.7615033E-06
11.70  -0.5997756E-01  -0.1884535E-02  -0.2247078E-02  -0.1043400E-02   0.3164984E-03  -0.6615769E-03   0.5425072E-04  -0.5620793E-04  -0.3509015E-04  -0.8696993E-07   0.2596792E-06  -0.7008504E-06
11.80  -0.5695920E-01  -0.1773649E-02  -0.2136190E-02  -0.9882850E-03   0.2973548E-03  -0.6224469E-03   0.5057191E-04  -0.5244484E-04  -0.3275376E-04  -0.8352686E-07   0.2433639E-06  -0.6451832E-06
11.90  -0.5411687E-01  -0.1670196E-02  -0.2031639E-02  -0.9365519E-03   0.2795287E-03  -0.5859442E-03   0.4717471E-04  -0.4896328E-04  -0.3059099E-04  -0.7973362E-07   0.2276216E-06  -0.5941095E-06
