4 1
   1   0   0   0   0   0
   2   1   0   0   0   1
   3   2   0   0   0   2
   4   2   2   0   0   2
    1    0.1196935462E+02
    2   -0.2863737837E+01
    3    0.1109271338E+01
    4   -0.7142266336E+00
    5    0.8714388693E+00
    6   -0.2538380416E+00
    7    0.2410524000E+01
    8   -0.5268308135E+00
12 3
     0   0   0   0   0    0.9585430952E-01
     1   0   0   0   1   -0.5472840119E-01
     2   0   0   0   2   -0.4161737477E-01
     2   2   0   0   2    0.5906310528E-02
     3   0   0   0   3    0.5522008840E-01
     3   2   0   0   3   -0.1260230368E+00
     4   0   0   0   4   -0.2926193261E-01
     4   2   0   0   4    0.6482983764E-01
     4   4   0   0   4    0.1997889237E-01
     6   0   0   0   6    0.1675523403E-02
     6   2   0   0   6   -0.1134055025E-01
     6   4   0   0   6    0.5158996970E-02
     0   0   0   0   0   -0.5887247895E-01
     1   0   0   0   1    0.4120014666E-01
     2   0   0   0   2    0.2699950537E-01
     2   2   0   0   2   -0.2121528941E-01
     3   0   0   0   3   -0.3589049909E-01
     3   2   0   0   3    0.7130346478E-01
     4   0   0   0   4    0.1997233740E-01
     4   2   0   0   4   -0.4528517660E-01
     4   4   0   0   4   -0.4415160679E-02
     6   0   0   0   6   -0.8693155431E-03
     6   2   0   0   6    0.6624293398E-02
     6   4   0   0   6   -0.3178167797E-02
     0   0   0   0   0    0.1281960579E-01
     1   0   0   0   1   -0.8642442460E-02
     2   0   0   0   2   -0.4918079036E-02
     2   2   0   0   2    0.6981813234E-02
     3   0   0   0   3    0.8153284667E-02
     3   2   0   0   3   -0.1424022676E-01
     4   0   0   0   4   -0.4573642191E-02
     4   2   0   0   4    0.1018694222E-01
     4   4   0   0   4   -0.1518264390E-02
     6   0   0   0   6    0.1770415667E-03
     6   2   0   0   6   -0.1194580434E-02
     6   4   0   0   6    0.7304692975E-03
     0   0   0   0   0   -0.1021712155E-02
     1   0   0   0   1    0.4687837156E-03
     2   0   0   0   2    0.2183033710E-03
     2   2   0   0   2   -0.5737589649E-03
     3   0   0   0   3   -0.6428537257E-03
     3   2   0   0   3    0.1033249405E-02
     4   0   0   0   4    0.3567028866E-03
     4   2   0   0   4   -0.7412579736E-03
     4   4   0   0   4    0.3273712918E-03
     6   0   0   0   6   -0.1695529208E-04
     6   2   0   0   6    0.6468856261E-04
     6   4   0   0   6   -0.6376178019E-04
*         324.994369    0      1     44         2    1        4.458096D+00
*         324.994369    0      1     44         3    1        4.649459D+00
*         324.994369    0      1     44         4    1        3.029480D-01
*         324.994369    0      1     44         5    1        7.037573D-01
*         324.994369    0      1     44         6    1        8.722866D-02
*         324.994369    0      1     44         7    1        1.638810D-01
*         324.994369    0      1     44         8    1        6.123238D-04
*         324.994369    0      1     44         9    1        3.388586D-01
*         324.994369    0      1     44        10    1        6.033232D-03
*         324.994369    0      1     44         1    2        4.751569D+00
*         324.994369    0      1     44         3    2        8.978334D-01
*         324.994369    0      1     44         4    2        2.561918D+00
*         324.994369    0      1     44         5    2        1.284660D+00
*         324.994369    0      1     44         6    2        3.368137D-01
*         324.994369    0      1     44         7    2        4.331172D-02
*         324.994369    0      1     44         8    2        1.880826D-02
*         324.994369    0      1     44         9    2        2.813492D-01
*         324.994369    0      1     44        10    2        1.582291D-02
*         324.994369    0      1     44         1    3        3.422816D+00
*         324.994369    0      1     44         2    3        6.201393D-01
*         324.994369    0      1     44         4    3        1.609989D+00
*         324.994369    0      1     44         5    3        2.696428D+00
*         324.994369    0      1     44         6    3        7.348694D-01
*         324.994369    0      1     44         7    3        6.058536D-01
*         324.994369    0      1     44         8    3        1.403512D-02
*         324.994369    0      1     44         9    3        1.355828D-01
*         324.994369    0      1     44        10    3        4.548470D-03
*         324.994369    0      1     44         1    4        2.886440D-01
*         324.994369    0      1     44         2    4        2.290193D+00
*         324.994369    0      1     44         3    4        2.083705D+00
*         324.994369    0      1     44         5    4        4.319626D-01
*         324.994369    0      1     44         6    4        1.028151D+00
*         324.994369    0      1     44         7    4        7.389459D-01
*         324.994369    0      1     44         8    4        3.563638D-01
*         324.994369    0      1     44         9    4        3.706632D-01
*         324.994369    0      1     44        10    4        7.780351D-03
*         324.994369    0      1     44         1    5        4.829414D-01
*         324.994369    0      1     44         2    5        8.271271D-01
*         324.994369    0      1     44         3    5        2.513501D+00
*         324.994369    0      1     44         4    5        3.111166D-01
*         324.994369    0      1     44         6    5        1.998174D+00
*         324.994369    0      1     44         7    5        8.531866D-02
*         324.994369    0      1     44         8    5        2.116206D-02
*         324.994369    0      1     44         9    5        1.928040D+00
*         324.994369    0      1     44        10    5        4.446913D-02
*         324.994369    0      1     44         1    6        7.437211D-02
*         324.994369    0      1     44         2    6        2.694344D-01
*         324.994369    0      1     44         3    6        8.510987D-01
*         324.994369    0      1     44         4    6        9.200545D-01
*         324.994369    0      1     44         5    6        2.482633D+00
*         324.994369    0      1     44         7    6        1.881999D+00
*         324.994369    0      1     44         8    6        4.024909D-02
*         324.994369    0      1     44         9    6        1.865908D-01
*         324.994369    0      1     44        10    6        2.891754D-01
*         324.994369    0      1     44         1    7        1.882599D-01
*         324.994369    0      1     44         2    7        4.668175D-02
*         324.994369    0      1     44         3    7        9.454005D-01
*         324.994369    0      1     44         4    7        8.909380D-01
*         324.994369    0      1     44         5    7        1.428242D-01
*         324.994369    0      1     44         6    7        2.535700D+00
*         324.994369    0      1     44         8    7        7.491891D-01
*         324.994369    0      1     44         9    7        4.043521D-01
*         324.994369    0      1     44        10    7        1.618065D-01
*         324.994369    0      1     44         1    8        2.110146D-03
*         324.994369    0      1     44         2    8        6.081242D-02
*         324.994369    0      1     44         3    8        6.570016D-02
*         324.994369    0      1     44         4    8        1.288934D+00
*         324.994369    0      1     44         5    8        1.062717D-01
*         324.994369    0      1     44         6    8        1.626809D-01
*         324.994369    0      1     44         7    8        2.247468D+00
*         324.994369    0      1     44         9    8        1.660167D-01
*         324.994369    0      1     44        10    8        2.747110D-01
*         324.994369    0      1     44         1    9        3.402084D-01
*         324.994369    0      1     44         2    9        2.650236D-01
*         324.994369    0      1     44         3    9        1.849055D-01
*         324.994369    0      1     44         4    9        3.905813D-01
*         324.994369    0      1     44         5    9        2.820791D+00
*         324.994369    0      1     44         6    9        2.197180D-01
*         324.994369    0      1     44         7    9        3.533921D-01
*         324.994369    0      1     44         8    9        4.836675D-02
*         324.994369    0      1     44        10    9        3.904572D-01
*         324.994369    0      1     44         1   10        2.515968D-02
*         324.994369    0      1     44         2   10        6.190901D-02
*         324.994369    0      1     44         3   10        2.576554D-02
*         324.994369    0      1     44         4   10        3.405335D-02
*         324.994369    0      1     44         5   10        2.702354D-01
*         324.994369    0      1     44         6   10        1.414379D+00
*         324.994369    0      1     44         7   10        5.873835D-01
*         324.994369    0      1     44         8   10        3.324297D-01
*         324.994369    0      1     44         9   10        1.621818D+00
*         312.626633    0      1     43         2    1        4.407930D+00
*         312.626633    0      1     43         3    1        4.596503D+00
*         312.626633    0      1     43         4    1        2.818501D-01
*         312.626633    0      1     43         5    1        6.656673D-01
*         312.626633    0      1     43         6    1        7.822011D-02
*         312.626633    0      1     43         7    1        1.417217D-01
*         312.626633    0      1     43         8    1        2.902466D-04
*         312.626633    0      1     43         9    1        3.067163D-01
*         312.626633    0      1     43        10    1        3.908268D-03
*         312.626633    0      1     43         1    2        4.711381D+00
*         312.626633    0      1     43         3    2        9.112527D-01
*         312.626633    0      1     43         4    2        2.460667D+00
*         312.626633    0      1     43         5    2        1.258501D+00
*         312.626633    0      1     43         6    2        3.101992D-01
*         312.626633    0      1     43         7    2        3.776153D-02
*         312.626633    0      1     43         8    2        1.318760D-02
*         312.626633    0      1     43         9    2        2.479903D-01
*         312.626633    0      1     43        10    2        1.047692D-02
*         312.626633    0      1     43         1    3        3.417040D+00
*         312.626633    0      1     43         2    3        6.337935D-01
*         312.626633    0      1     43         4    3        1.579185D+00
*         312.626633    0      1     43         5    3        2.618716D+00
*         312.626633    0      1     43         6    3        6.936581D-01
*         312.626633    0      1     43         7    3        5.467010D-01
*         312.626633    0      1     43         8    3        9.684128D-03
*         312.626633    0      1     43         9    3        8.828612D-02
*         312.626633    0      1     43        10    3        2.802177D-03
*         312.626633    0      1     43         1    4        2.754781D-01
*         312.626633    0      1     43         2    4        2.250133D+00
*         312.626633    0      1     43         3    4        2.076248D+00
*         312.626633    0      1     43         5    4        4.101587D-01
*         312.626633    0      1     43         6    4        1.008732D+00
*         312.626633    0      1     43         7    4        7.003825D-01
*         312.626633    0      1     43         8    4        2.677978D-01
*         312.626633    0      1     43         9    4        3.386945D-01
*         312.626633    0      1     43        10    4        4.597755D-03
*         312.626633    0      1     43         1    5        4.688735D-01
*         312.626633    0      1     43         2    5        8.293514D-01
*         312.626633    0      1     43         3    5        2.481215D+00
*         312.626633    0      1     43         4    5        2.955845D-01
*         312.626633    0      1     43         6    5        1.909531D+00
*         312.626633    0      1     43         7    5        7.822529D-02
*         312.626633    0      1     43         8    5        1.616618D-02
*         312.626633    0      1     43         9    5        1.825449D+00
*         312.626633    0      1     43        10    5        3.060146D-02
*         312.626633    0      1     43         1    6        6.964189D-02
*         312.626633    0      1     43         2    6        2.583921D-01
*         312.626633    0      1     43         3    6        8.307591D-01
*         312.626633    0      1     43         4    6        9.188806D-01
*         312.626633    0      1     43         5    6        2.413683D+00
*         312.626633    0      1     43         7    6        1.800211D+00
*         312.626633    0      1     43         8    6        3.173530D-02
*         312.626633    0      1     43         9    6        1.348063D-01
*         312.626633    0      1     43        10    6        2.077944D-01
*         312.626633    0      1     43         1    7        1.754275D-01
*         312.626633    0      1     43         2    7        4.373181D-02
*         312.626633    0      1     43         3    7        9.103089D-01
*         312.626633    0      1     43         4    7        8.870086D-01
*         312.626633    0      1     43         5    7        1.374707D-01
*         312.626633    0      1     43         6    7        2.502838D+00
*         312.626633    0      1     43         8    7        6.382788D-01
*         312.626633    0      1     43         9    7        3.528969D-01
*         312.626633    0      1     43        10    7        1.210973D-01
*         312.626633    0      1     43         1    8        1.431959D-03
*         312.626633    0      1     43         2    8        6.087177D-02
*         312.626633    0      1     43         3    8        6.426901D-02
*         312.626633    0      1     43         4    8        1.351767D+00
*         312.626633    0      1     43         5    8        1.132328D-01
*         312.626633    0      1     43         6    8        1.758547D-01
*         312.626633    0      1     43         7    8        2.543974D+00
*         312.626633    0      1     43         9    8        1.495091D-01
*         312.626633    0      1     43        10    8        2.413552D-01
*         312.626633    0      1     43         1    9        3.369688D-01
*         312.626633    0      1     43         2    9        2.549024D-01
*         312.626633    0      1     43         3    9        1.304736D-01
*         312.626633    0      1     43         4    9        3.807082D-01
*         312.626633    0      1     43         5    9        2.847240D+00
*         312.626633    0      1     43         6    9        1.663455D-01
*         312.626633    0      1     43         7    9        3.132127D-01
*         312.626633    0      1     43         8    9        3.329331D-02
*         312.626633    0      1     43        10    9        2.972985D-01
*         312.626633    0      1     43         1   10        3.213923D-02
*         312.626633    0      1     43         2   10        8.060668D-02
*         312.626633    0      1     43         3   10        3.099732D-02
*         312.626633    0      1     43         4   10        3.868371D-02
*         312.626633    0      1     43         5   10        3.572685D-01
*         312.626633    0      1     43         6   10        1.919255D+00
*         312.626633    0      1     43         7   10        8.044965D-01
*         312.626633    0      1     43         8   10        4.022947D-01
*         312.626633    0      1     43         9   10        2.225312D+00
