  1.4299164e+000
  2.0758850e+000
  1.5300018e+000
  1.8983917e+000
  1.3883972e+000
  1.8888611e+000
  2.0758850e+000
  1.7961090e+000
  1.6019806e+000
  1.5302307e+000
  1.5673553e+000
  2.6141052e+000
  1.9834167e+000
  2.5908966e+000
  2.0718475e+000
  2.1659271e+000
  1.3444153e+000
  1.5300018e+000
  1.5302307e+000
  1.5673553e+000
  2.6416351e+000
  2.1491913e+000
  2.2100006e+000
  1.4053894e+000
  1.3682739e+000
  1.4580597e+000
  1.6040405e+000
  1.3944214e+000
  2.1945831e+000
  2.5672760e+000
  1.6509705e+000
  2.3545166e+000
  1.8983917e+000
  2.6141052e+000
  1.9834167e+000
  1.4053894e+000
  1.3682739e+000
  1.4580597e+000
  1.3073181e+000
  1.2233368e+000
  1.9523346e+000
  2.1362366e+000
  1.5440277e+000
  1.7612091e+000
  2.1340485e+000
  1.5973846e+000
  3.2396393e+000
  2.8578186e+000
  1.5000916e+000
  1.8161957e+000
  1.3883972e+000
  2.5908966e+000
  2.0718475e+000
  1.6040405e+000
  1.3944214e+000
  2.1945831e+000
  1.5440277e+000
  1.7612091e+000
  2.1340485e+000
  1.5973846e+000
  2.3920258e+000
  2.5024475e+000
  2.5210968e+000
  2.3175385e+000
  1.8566528e+000
  1.3278168e+000
  1.4419830e+000
  3.3941895e+000
  1.3813660e+000
  2.5827209e+000
  1.8888611e+000
  2.1659271e+000
  1.3444153e+000
  2.5672760e+000
  1.6509705e+000
  2.3545166e+000
  3.2396393e+000
  2.8578186e+000
  1.5000916e+000
  1.8161957e+000
  1.3278168e+000
  1.4419830e+000
  3.3941895e+000
  1.3813660e+000
  2.5827209e+000
  2.7579254e+000
  3.3273102e+000
  3.4022003e+000
  1.3862183e+000
  1.9121979e+000
  1.4290100e+000
