sites
  0.00000000000000D+00  0.00000000000000D+00  0.12553348850000D+00
 -0.14536519622817D+01  0.00000000000000D+00 -0.99615383570000D+00
  0.14536519622817D+01  0.00000000000000D+00 -0.99615383570000D+00
  0.00000000000000D+00 -0.20672130000000D+00 -0.24625894740000D+00
  0.00000000000000D+00  0.20672130000000D+00 -0.24625894740000D+00
  0.90000000000000D+00  0.53000000000000D-01  0.64000000000000D+00
 -0.90000000000000D+00  0.53000000000000D-01  0.64000000000000D+00
  0.90000000000000D+00 -0.53000000000000D-01  0.64000000000000D+00
 -0.90000000000000D+00 -0.53000000000000D-01  0.64000000000000D+00
  0.12900000000000D+01  0.14000000000000D+00 -0.91000000000000D+00
 -0.12900000000000D+01  0.14000000000000D+00 -0.91000000000000D+00
  0.12900000000000D+01 -0.14000000000000D+00 -0.91000000000000D+00
 -0.12900000000000D+01 -0.14000000000000D+00 -0.91000000000000D+00
  0.56000000000000D+00  0.24000000000000D+00 -0.48000000000000D+00
 -0.56000000000000D+00  0.24000000000000D+00 -0.48000000000000D+00
  0.56000000000000D+00 -0.24000000000000D+00 -0.48000000000000D+00
 -0.56000000000000D+00 -0.24000000000000D+00 -0.48000000000000D+00
  0.91000000000000D+00  0.21000000000000D+00 -0.68000000000000D+00
 -0.91000000000000D+00  0.21000000000000D+00 -0.68000000000000D+00
  0.91000000000000D+00 -0.21000000000000D+00 -0.68000000000000D+00
 -0.91000000000000D+00 -0.21000000000000D+00 -0.68000000000000D+00
  0.14800000000000D+01  0.26000000000000D+00 -0.62000000000000D+00
 -0.14800000000000D+01  0.26000000000000D+00 -0.62000000000000D+00
  0.14800000000000D+01 -0.26000000000000D+00 -0.62000000000000D+00
 -0.14800000000000D+01 -0.26000000000000D+00 -0.62000000000000D+00
chrg
  0.292574106D+00  0.560656704D+00  0.560656704D+00 -0.706943757D+00 -0.706943757D+00
ind_charge
  25  26  26  27  27 
ind_beta
  34  35  35 102 102 103 103 103 103 104 104 104 104 105 105 105 105 120 120 120 120 127 127 127 127
  35  36  36 106 106 107 107 107 107 108 108 108 108 109 109 109 109 121 121 121 121 128 128 128 128
  35  36  36 106 106 107 107 107 107 108 108 108 108 109 109 109 109 121 121 121 121 128 128 128 128
 102 106 106 110 110 111 111 111 111 112 112 112 112 113 113 113 113 122 122 122 122 129 129 129 129
 102 106 106 110 110 111 111 111 111 112 112 112 112 113 113 113 113 122 122 122 122 129 129 129 129
 103 107 107 111 111 114 114 114 114 115 115 115 115 116 116 116 116 123 123 123 123 130 130 130 130
 103 107 107 111 111 114 114 114 114 115 115 115 115 116 116 116 116 123 123 123 123 130 130 130 130
 103 107 107 111 111 114 114 114 114 115 115 115 115 116 116 116 116 123 123 123 123 130 130 130 130
 103 107 107 111 111 114 114 114 114 115 115 115 115 116 116 116 116 123 123 123 123 130 130 130 130
 104 108 108 112 112 115 115 115 115 117 117 117 117 118 118 118 118 124 124 124 124 131 131 131 131
 104 108 108 112 112 115 115 115 115 117 117 117 117 118 118 118 118 124 124 124 124 131 131 131 131
 104 108 108 112 112 115 115 115 115 117 117 117 117 118 118 118 118 124 124 124 124 131 131 131 131
 104 108 108 112 112 115 115 115 115 117 117 117 117 118 118 118 118 124 124 124 124 131 131 131 131
 105 109 109 113 113 116 116 116 116 118 118 118 118 119 119 119 119 125 125 125 125 132 132 132 132
 105 109 109 113 113 116 116 116 116 118 118 118 118 119 119 119 119 125 125 125 125 132 132 132 132
 105 109 109 113 113 116 116 116 116 118 118 118 118 119 119 119 119 125 125 125 125 132 132 132 132
 105 109 109 113 113 116 116 116 116 118 118 118 118 119 119 119 119 125 125 125 125 132 132 132 132
 120 121 121 122 122 123 123 123 123 124 124 124 124 125 125 125 125 126 126 126 126 133 133 133 133
 120 121 121 122 122 123 123 123 123 124 124 124 124 125 125 125 125 126 126 126 126 133 133 133 133
 120 121 121 122 122 123 123 123 123 124 124 124 124 125 125 125 125 126 126 126 126 133 133 133 133
 120 121 121 122 122 123 123 123 123 124 124 124 124 125 125 125 125 126 126 126 126 133 133 133 133
 127 128 128 129 129 130 130 130 130 131 131 131 131 132 132 132 132 133 133 133 133 134 134 134 134
 127 128 128 129 129 130 130 130 130 131 131 131 131 132 132 132 132 133 133 133 133 134 134 134 134
 127 128 128 129 129 130 130 130 130 131 131 131 131 132 132 132 132 133 133 133 133 134 134 134 134
 127 128 128 129 129 130 130 130 130 131 131 131 131 132 132 132 132 133 133 133 133 134 134 134 134
ind_d1
  28  29  29  31  31 
  29  30  30  32  32 
  29  30  30  32  32 
  31  32  32  33  33 
  31  32  32  33  33 
ind_d6
  93  94  94 
  94  95  95 
  94  95  95 
ind_d8
  96  97  97 
  97  98  98 
  97  98  98 
ind_d10
  99 100 100 
 100 101 101 
 100 101 101 
ind_c6
  84  85  85 
  85  86  86 
  85  86  86 
ind_c8
  87  88  88 
  88  89  89 
  88  89  89 
ind_c10
  90  91  91 
  91  92  92 
  91  92  92 
