         248         188
         248         199
         248         205
         248         213
         248         223
         248         234
         248         240
         248         248
         249          26
         249          33
         249          41
         249          50
         249          58
         249          66
         249          76
         249          91
         249         107
         249         116
         249         134
         249         142
         249         153
         249         172
         249         180
         249         189
         249         206
         249         214
         249         224
         249         241
         249         249
         250          42
         250          51
         250          67
         250          77
         250          92
         250         117
         250         143
         250         154
         250         181
         250         190
         250         215
         250         225
