         177          30
         177          47
         177          88
         177          98
         177         113
         177         121
         177         131
         177         157
         177         163
         177         177
         178           4
         178           8
         178          13
         178          18
         178          24
         178          31
         178          39
         178          48
         178          56
         178          64
         178          74
         178          82
         178          89
         178          95
         178          99
         178         105
         178         114
