         277          13
         277          18
         277          24
         277          31
         277          39
         277          48
         277          56
         277          64
         277          74
         277          89
         277          95
         277          99
         277         105
         277         114
         277         122
         277         126
         277         132
         277         140
         277         151
         277         160
         277         164
         277         170
         277         178
         277         187
         277         194
         277         198
         277         204
         277         212
         277         222
         277         229
         277         233
         277         239
         277         247
         277         257
         277         269
         277         277
         278           5
         278          10
         278          15
         278          21
         278          28
         278          36
         278          45
         278          53
         278          61
         278          71
         278          79
         278          86
         278          96
         278         102
         278         111
         278         123
         278         129
         278         137
         278         148
         278         161
         278         167
         278         175
         278         184
         278         195
         278         201
         278         209
         278         219
         278         230
         278         236
         278         244
         278         254
         278         266
         278         278
         279           2
         279           6
         279          11
         279          16
         279          22
         279          29
         279          37
         279          46
         279          54
         279          62
         279          72
         279          80
         279          87
         279          93
         279          97
         279         103
         279         112
         279         120
         279         124
         279         130
         279         138
         279         149
         279         158
         279         162
         279         168
         279         176
         279         185
         279         192
         279         196
         279         202
         279         210
         279         220
         279         227
         279         231
         279         237
         279         245
         279         255
         279         267
         279         275
         279         279
         280           3
         280           7
         280          17
         280          23
         280          38
         280          55
         280          63
         280          73
         280          81
         280          94
         280         104
         280         119
         280         125
         280         139
         280         150
         280         159
         280         169
         280         186
         280         191
         280         197
         280         211
         280         221
         280         228
         280         238
         280         256
         280         280
         281           4
         281           8
         281          13
         281          18
         281          24
         281          31
         281          39
         281          48
         281          56
         281          64
         281          74
         281          82
         281          89
         281          95
         281          99
         281         105
         281         114
         281         122
         281         126
         281         132
         281         140
         281         151
         281         160
         281         164
         281         170
         281         178
         281         187
         281         194
         281         198
         281         204
         281         212
         281         222
         281         229
         281         233
         281         239
         281         247
         281         257
         281         269
         281         277
         281         281
         282           9
         282          14
         282          19
         282          25
         282          32
         282          40
         282          49
         282          57
         282          65
         282          75
         282          83
         282          90
         282         100
         282         106
         282         115
         282         127
         282         133
         282         141
         282         152
         282         165
         282         171
         282         179
         282         188
         282         199
         282         205
         282         213
         282         223
         282         234
         282         240
         282         248
         282         258
         282         270
         282         282
         283          20
         283          27
         283          35
         283          44
         283          52
         283          60
         283          70
         283          85
         283         101
         283         110
         283         128
         283         136
         283         147
         283         166
         283         174
         283         183
         283         200
         283         208
         283         218
         283         235
         283         243
         283         253
         283         265
         283         283
         284           5
         284          10
         284          15
         284          21
         284          28
         284          36
         284          45
         284          53
         284          61
         284          71
         284          79
         284          86
         284          96
         284         102
         284         111
         284         123
         284         129
         284         137
         284         148
         284         161
         284         167
         284         175
         284         184
         284         195
         284         201
         284         209
         284         219
         284         230
         284         236
         284         244
         284         254
         284         266
         284         278
         284         284
         285           2
         285           6
         285          11
         285          16
         285          22
         285          29
         285          37
         285          46
         285          54
         285          62
         285          72
         285          80
         285          87
         285          93
         285          97
         285         103
         285         112
         285         120
         285         124
         285         130
         285         138
         285         149
         285         158
         285         162
         285         168
         285         176
         285         185
         285         192
         285         196
         285         202
         285         210
         285         220
         285         227
         285         231
         285         237
         285         245
         285         255
         285         267
         285         275
         285         279
         285         285
         286          12
         286          30
         286          47
         286          88
         286          98
         286         113
         286         121
         286         131
         286         157
         286         163
         286         177
         286         193
         286         203
         286         232
         286         246
         286         268
         286         276
         286         286
         287           4
         287           8
         287          13
         287          18
         287          24
         287          31
         287          39
         287          48
         287          56
         287          64
         287          74
         287          82
         287          89
         287          95
         287          99
         287         105
         287         114
         287         122
         287         126
         287         132
         287         140
         287         151
         287         160
         287         164
         287         170
         287         178
         287         187
         287         194
         287         198
         287         204
         287         212
         287         222
         287         229
         287         233
         287         239
         287         247
         287         257
         287         269
         287         277
         287         281
         287         287
         288           9
         288          14
         288          19
         288          25
         288          32
         288          40
         288          49
         288          57
         288          65
         288          75
         288          83
         288          90
         288         100
         288         106
         288         115
         288         127
         288         133
         288         141
         288         152
         288         165
         288         171
         288         179
         288         188
         288         199
         288         205
         288         213
         288         223
         288         234
         288         240
         288         248
         288         258
         288         270
         288         282
         288         288
         289          26
         289          33
         289          41
         289          50
         289          58
         289          66
         289          76
         289          91
         289         107
         289         116
         289         134
         289         142
         289         153
         289         172
         289         180
         289         189
         289         206
         289         214
         289         224
         289         241
         289         249
         289         259
         289         271
         289         289
         290          34
         290          43
         290          59
         290          69
         290          84
         290         109
         290         135
         290         146
         290         173
         290         182
         290         207
         290         217
         290         242
         290         252
         290         264
         290         290
         291          20
         291          27
         291          35
         291          44
         291          52
         291          60
         291          70
         291          85
         291         101
         291         110
         291         128
         291         136
         291         147
         291         166
         291         174
         291         183
         291         200
         291         208
         291         218
         291         235
         291         243
         291         253
         291         265
         291         283
         291         291
         292           5
         292          10
         292          15
         292          21
         292          28
         292          36
         292          45
         292          53
         292          61
         292          71
         292          79
         292          86
         292          96
         292         102
         292         111
         292         123
         292         129
         292         137
         292         148
         292         161
         292         167
         292         175
         292         184
         292         195
         292         201
         292         209
         292         219
         292         230
         292         236
         292         244
         292         254
         292         266
         292         278
         292         284
         292         292
         293           2
         293           6
         293          11
         293          16
         293          22
         293          29
         293          37
         293          46
         293          54
         293          62
         293          72
         293          80
         293          87
         293          93
         293          97
         293         103
         293         112
         293         120
         293         124
         293         130
         293         138
         293         149
         293         158
         293         162
         293         168
         293         176
         293         185
         293         192
         293         196
         293         202
         293         210
         293         220
         293         227
         293         231
         293         237
         293         245
         293         255
         293         267
         293         275
         293         279
         293         285
         293         293
         294           1
         294           3
         294           7
         294          17
         294          23
         294          38
         294          55
         294          63
         294          73
         294          81
         294          94
         294         104
         294         119
         294         125
         294         139
         294         150
         294         159
         294         169
         294         186
         294         191
         294         197
         294         211
         294         221
         294         228
         294         238
         294         256
         294         280
         294         294
         295           4
         295           8
         295          13
         295          18
         295          24
         295          31
         295          39
         295          48
         295          56
         295          64
         295          74
         295          82
         295          89
         295          95
         295          99
         295         105
         295         114
         295         122
         295         126
         295         132
         295         140
         295         151
         295         160
         295         164
         295         170
         295         178
         295         187
         295         194
         295         198
         295         204
         295         212
         295         222
         295         229
         295         233
         295         239
         295         247
         295         257
         295         269
         295         277
         295         281
         295         287
         295         295
         296           9
         296          14
         296          19
         296          25
         296          32
         296          40
         296          49
         296          57
         296          65
         296          75
         296          83
         296          90
         296         100
         296         106
         296         115
         296         127
         296         133
         296         141
         296         152
         296         165
         296         171
         296         179
         296         188
         296         199
         296         205
         296         213
         296         223
         296         234
         296         240
         296         248
         296         258
         296         270
         296         282
         296         288
         296         296
         297          26
         297          33
         297          41
         297          50
         297          58
         297          66
         297          76
         297          91
         297         107
         297         116
         297         134
         297         142
         297         153
         297         172
         297         180
         297         189
