         210         149
         210         158
         210         162
         210         168
         210         176
         210         185
         210         192
         210         196
         210         202
         210         210
         211           1
         211           3
         211           7
         211          17
         211          23
         211          38
         211          55
         211          63
         211          73
         211          81
         211          94
         211         104
         211         119
         211         125
         211         139
         211         150
         211         159
         211         169
         211         186
         211         191
