         112          54
         112          62
         112          72
         112          87
         112          93
         112          97
         112         103
         112         112
         113          12
         113          30
         113          47
         113          88
         113          98
         113         113
         114           4
         114           8
         114          13
         114          18
         114          24
         114          31
         114          39
         114          48
         114          56
         114          64
         114          74
         114          89
         114          95
         114          99
