         289          41
         289          50
         289          58
         289          66
         289          76
         289          91
         289         107
         289         116
         289         134
         289         142
         289         153
         289         172
         289         180
         289         189
         289         206
         289         214
         289         224
         289         241
         289         249
         289         259
         289         271
         289         289
         290          34
         290          43
         290          59
         290          69
         290          84
         290         109
         290         135
         290         146
         290         173
         290         182
         290         207
         290         217
         290         242
         290         252
         290         264
         290         290
         291          20
         291          27
         291          35
