         222         187
         222         194
         222         198
         222         204
         222         212
         222         222
         223           9
         223          14
         223          19
         223          25
         223          32
         223          40
         223          49
         223          57
         223          65
         223          75
         223          83
         223          90
         223         100
         223         106
         223         115
         223         127
         223         133
         223         141
         223         152
         223         165
         223         171
         223         179
         223         188
         223         199
         223         205
         223         213
         223         223
         224          26
         224          33
         224          41
         224          50
         224          58
         224          66
         224          76
         224          91
