         124           2
         124           6
         124          11
         124          16
         124          22
         124          29
         124          37
         124          46
         124          54
         124          62
         124          72
         124          80
         124          87
         124          93
         124          97
         124         103
         124         112
         124         120
         124         124
         125           1
         125           3
         125           7
         125          17
         125          23
         125          38
         125          55
         125          63
         125          73
         125          81
         125          94
         125         104
         125         119
         125         125
         126           4
         126           8
