         191         104
         191         119
         191         125
         191         139
         191         150
         191         159
         191         169
         191         186
         191         191
         192           2
         192           6
         192          11
         192          16
         192          22
         192          29
         192          37
         192          46
         192          54
         192          62
         192          72
         192          80
         192          87
         192          93
         192          97
         192         103
         192         112
         192         120
         192         124
         192         130
         192         138
         192         149
         192         158
         192         162
         192         168
         192         176
         192         185
         192         192
         193          12
         193          30
         193          47
         193          88
         193          98
         193         113
         193         121
         193         131
         193         157
         193         163
         193         177
         193         193
         194           4
         194           8
         194          13
         194          18
         194          24
         194          31
         194          39
         194          48
         194          56
         194          64
         194          74
         194          82
         194          89
         194          95
         194          99
         194         105
         194         114
         194         122
         194         126
         194         132
         194         140
         194         151
         194         160
         194         164
         194         170
         194         178
         194         187
         194         194
         195           5
         195          10
         195          15
         195          21
         195          28
         195          36
         195          45
         195          53
         195          61
         195          71
         195          79
         195          86
         195          96
         195         102
         195         111
         195         123
         195         129
         195         137
         195         148
         195         161
         195         167
         195         175
         195         184
         195         195
         196           2
         196           6
         196          11
         196          16
         196          22
         196          29
         196          37
         196          46
         196          54
         196          62
         196          72
         196          80
         196          87
         196          93
         196          97
         196         103
         196         112
         196         120
         196         124
         196         130
         196         138
         196         149
         196         158
         196         162
         196         168
         196         176
         196         185
         196         192
         196         196
         197           1
         197           3
         197           7
         197          17
         197          23
         197          38
         197          55
         197          63
         197          73
         197          81
         197          94
         197         104
         197         119
         197         125
         197         139
         197         150
         197         159
         197         169
         197         186
         197         191
         197         197
         198           4
         198           8
         198          13
         198          18
         198          24
         198          31
         198          39
         198          48
         198          56
         198          64
         198          74
         198          82
         198          89
         198          95
         198          99
         198         105
         198         114
         198         122
         198         126
         198         132
         198         140
         198         151
         198         160
         198         164
         198         170
         198         178
         198         187
         198         194
         198         198
         199           9
         199          14
         199          19
         199          25
         199          32
         199          40
         199          49
         199          57
         199          65
         199          75
         199          83
         199          90
         199         100
         199         106
         199         115
         199         127
         199         133
         199         141
         199         152
         199         165
         199         171
         199         179
         199         188
         199         199
         200          20
         200          27
         200          35
         200          44
         200          52
         200          60
         200          70
         200          85
         200         101
         200         110
         200         128
         200         136
         200         147
         200         166
         200         174
         200         183
         200         200
         201           5
         201          10
         201          15
         201          21
         201          28
         201          36
         201          45
         201          53
         201          61
         201          71
         201          79
         201          86
         201          96
         201         102
         201         111
         201         123
         201         129
         201         137
         201         148
         201         161
         201         167
         201         175
         201         184
         201         195
         201         201
         202           2
         202           6
         202          11
         202          16
         202          22
         202          29
         202          37
         202          46
         202          54
         202          62
         202          72
         202          80
         202          87
         202          93
         202          97
         202         103
         202         112
         202         120
         202         124
         202         130
         202         138
         202         149
         202         158
         202         162
         202         168
         202         176
         202         185
         202         192
         202         196
         202         202
         203          12
         203          30
         203          47
         203          88
         203          98
         203         113
         203         121
         203         131
         203         157
         203         163
         203         177
         203         193
         203         203
         204           4
         204           8
         204          13
         204          18
         204          24
         204          31
         204          39
         204          48
         204          56
         204          64
         204          74
         204          82
         204          89
         204          95
         204          99
         204         105
         204         114
         204         122
         204         126
         204         132
         204         140
         204         151
         204         160
         204         164
         204         170
         204         178
         204         187
         204         194
         204         198
         204         204
         205           9
         205          14
         205          19
         205          25
         205          32
         205          40
         205          49
         205          57
         205          65
         205          75
         205          83
         205          90
         205         100
         205         106
         205         115
         205         127
         205         133
         205         141
         205         152
         205         165
         205         171
         205         179
         205         188
         205         199
         205         205
         206          26
         206          33
         206          41
         206          50
         206          58
         206          66
         206          76
         206          91
         206         107
         206         116
         206         134
         206         142
         206         153
         206         172
         206         180
         206         189
         206         206
         207          34
         207          43
         207          59
         207          69
         207          84
         207         109
         207         135
         207         146
         207         173
         207         182
         207         207
         208          20
         208          27
         208          35
         208          44
         208          52
         208          60
         208          70
         208          85
         208         101
         208         110
         208         128
         208         136
         208         147
         208         166
         208         174
         208         183
         208         200
         208         208
         209           5
         209          10
         209          15
         209          21
         209          28
         209          36
         209          45
         209          53
         209          61
         209          71
         209          79
         209          86
         209          96
         209         102
         209         111
         209         123
         209         129
         209         137
         209         148
         209         161
         209         167
         209         175
         209         184
         209         195
         209         201
         209         209
         210           2
         210           6
         210          11
         210          16
         210          22
         210          29
         210          37
         210          46
         210          54
         210          62
         210          72
         210          80
         210          87
         210          93
         210          97
         210         103
         210         112
         210         120
         210         124
         210         130
         210         138
         210         149
         210         158
         210         162
         210         168
         210         176
         210         185
         210         192
         210         196
         210         202
         210         210
         211           1
         211           3
         211           7
         211          17
         211          23
         211          38
         211          55
         211          63
         211          73
         211          81
         211          94
         211         104
         211         119
         211         125
         211         139
         211         150
         211         159
         211         169
         211         186
         211         191
         211         197
         211         211
         212           4
         212           8
         212          13
         212          18
         212          24
         212          31
         212          39
         212          48
         212          56
         212          64
         212          74
         212          82
         212          89
         212          95
         212          99
         212         105
         212         114
         212         122
         212         126
         212         132
         212         140
         212         151
         212         160
         212         164
         212         170
         212         178
         212         187
         212         194
         212         198
         212         204
         212         212
         213           9
         213          14
         213          19
         213          25
         213          32
         213          40
         213          49
         213          57
         213          65
         213          75
         213          83
         213          90
         213         100
         213         106
         213         115
         213         127
         213         133
         213         141
         213         152
         213         165
         213         171
         213         179
         213         188
         213         199
         213         205
         213         213
         214          26
         214          33
         214          41
         214          50
         214          58
         214          66
         214          76
         214          91
         214         107
         214         116
         214         134
         214         142
         214         153
         214         172
         214         180
         214         189
         214         206
         214         214
         215          42
         215          51
         215          67
         215          77
         215          92
         215         117
         215         143
         215         154
         215         181
         215         190
         215         215
         216          68
         216         108
         216         145
         216         216
         217          34
         217          43
         217          59
         217          69
         217          84
         217         109
         217         135
         217         146
         217         173
         217         182
         217         207
         217         217
         218          20
         218          27
         218          35
         218          44
         218          52
         218          60
         218          70
         218          85
         218         101
         218         110
         218         128
         218         136
         218         147
         218         166
         218         174
         218         183
         218         200
         218         208
         218         218
         219           5
         219          10
         219          15
         219          21
         219          28
         219          36
         219          45
         219          53
         219          61
         219          71
         219          79
         219          86
         219          96
         219         102
         219         111
         219         123
         219         129
         219         137
         219         148
         219         161
         219         167
         219         175
         219         184
         219         195
         219         201
         219         209
         219         219
         220           2
         220           6
         220          11
         220          16
         220          22
         220          29
         220          37
         220          46
         220          54
         220          62
         220          72
         220          80
         220          87
         220          93
         220          97
         220         103
         220         112
         220         120
         220         124
         220         130
         220         138
         220         149
         220         158
         220         162
         220         168
         220         176
         220         185
         220         192
         220         196
         220         202
         220         210
         220         220
         221           1
         221           3
         221           7
         221          17
