         247         122
         247         126
         247         132
         247         140
         247         151
         247         160
         247         164
         247         170
         247         178
         247         187
         247         194
         247         198
         247         204
         247         212
         247         222
         247         229
         247         233
         247         239
         247         247
         248           9
         248          14
         248          19
         248          25
         248          32
         248          40
         248          49
         248          57
         248          65
         248          75
         248          83
         248          90
         248         100
         248         106
         248         115
         248         127
         248         133
         248         141
         248         152
         248         165
         248         171
         248         179
