         349         198
         349         204
         349         212
         349         222
         349         229
         349         233
         349         239
         349         247
         349         257
         349         269
         349         277
         349         281
         349         287
         349         295
         349         305
         349         313
         349         319
         349         327
         349         337
         349         349
         350           9
         350          14
         350          19
         350          25
         350          32
         350          40
         350          49
         350          57
         350          65
         350          75
         350          83
         350          90
         350         100
         350         106
         350         115
         350         127
         350         133
         350         141
         350         152
         350         165
         350         171
