         152         152
         153          26
         153          33
         153          41
         153          50
         153          58
         153          66
         153          76
         153          91
         153         107
         153         116
         153         134
         153         142
         153         153
         154          42
         154          51
         154          67
         154          77
         154          92
         154         117
         154         143
         154         154
         155          78
         155         118
         155         155
         156         156
         157          12
         157          30
         157          47
         157          88
         157          98
