         296         152
         296         165
         296         171
         296         179
         296         188
         296         199
         296         205
         296         213
         296         223
         296         234
         296         240
         296         248
         296         258
         296         270
         296         282
         296         288
         296         296
         297          26
         297          33
         297          41
         297          50
         297          58
         297          66
         297          76
         297          91
         297         107
         297         116
         297         134
         297         142
         297         153
         297         172
         297         180
         297         189
         297         206
         297         214
         297         224
         297         241
         297         249
         297         259
         297         271
         297         289
