         250         250
         251          68
         251         108
         251         145
         251         216
         251         251
         252          34
         252          43
         252          59
         252          69
         252          84
         252         109
         252         135
         252         146
         252         173
         252         182
         252         207
         252         217
         252         242
         252         252
         253          20
         253          27
         253          35
         253          44
         253          52
         253          60
         253          70
         253          85
         253         101
         253         110
         253         128
         253         136
         253         147
         253         166
         253         174
         253         183
         253         200
         253         208
         253         218
         253         235
         253         243
