         328         328
         329          26
         329          33
         329          41
         329          50
         329          58
         329          66
         329          76
         329          91
         329         107
         329         116
         329         134
         329         142
         329         153
         329         172
         329         180
         329         189
         329         206
         329         214
         329         224
         329         241
         329         249
         329         259
         329         271
         329         289
         329         297
         329         307
         329         321
         329         329
         330          42
         330          51
         330          67
         330          77
         330          92
         330         117
         330         143
         330         154
         330         181
         330         190
         330         215
         330         225
