         184          21
         184          28
         184          36
         184          45
         184          53
         184          61
         184          71
         184          79
         184          86
         184          96
         184         102
         184         111
         184         123
         184         129
         184         137
         184         148
         184         161
         184         167
         184         175
         184         184
         185           2
         185           6
         185          11
         185          16
         185          22
         185          29
         185          37
         185          46
         185          54
         185          62
         185          72
         185          80
         185          87
         185          93
         185          97
         185         103
         185         112
         185         120
         185         124
         185         130
         185         138
         185         149
