         317         124
         317         130
         317         138
         317         149
         317         158
         317         162
         317         168
         317         176
         317         185
         317         192
         317         196
         317         202
         317         210
         317         220
         317         227
         317         231
         317         237
         317         245
         317         255
         317         267
         317         275
         317         279
         317         285
         317         293
         317         303
         317         311
         317         317
         318          12
         318          30
         318          47
         318          88
