         304         121
         304         131
         304         157
         304         163
         304         177
         304         193
         304         203
         304         232
         304         246
         304         268
         304         276
         304         286
         304         304
         305           4
         305           8
         305          13
         305          18
         305          24
         305          31
         305          39
         305          48
         305          56
         305          64
         305          74
         305          82
