         283         200
         283         208
         283         218
         283         235
         283         243
         283         253
         283         265
         283         283
         284           5
         284          10
         284          15
         284          21
         284          28
         284          36
         284          45
         284          53
         284          61
         284          71
         284          79
         284          86
         284          96
         284         102
         284         111
         284         123
         284         129
         284         137
         284         148
         284         161
         284         167
         284         175
         284         184
         284         195
         284         201
         284         209
         284         219
         284         230
         284         236
         284         244
         284         254
         284         266
         284         278
