         339          26
         339          33
         339          41
         339          50
         339          58
         339          66
         339          76
         339          91
         339         107
         339         116
         339         134
         339         142
         339         153
         339         172
         339         180
         339         189
         339         206
         339         214
         339         224
         339         241
         339         249
         339         259
         339         271
         339         289
         339         297
         339         307
         339         321
         339         329
         339         339
         340          42
         340          51
         340          67
         340          77
         340          92
         340         117
         340         143
         340         154
         340         181
         340         190
         340         215
         340         225
