         321          66
         321          76
         321          91
         321         107
         321         116
         321         134
         321         142
         321         153
         321         172
         321         180
         321         189
         321         206
         321         214
         321         224
         321         241
         321         249
         321         259
         321         271
         321         289
         321         297
         321         307
         321         321
         322          34
         322          43
         322          59
         322          69
         322          84
         322         109
         322         135
         322         146
         322         173
         322         182
         322         207
         322         217
         322         242
         322         252
         322         264
         322         290
         322         300
         322         322
         323          20
