         157         113
         157         121
         157         131
         157         157
         158           2
         158           6
         158          11
         158          16
         158          22
         158          29
         158          37
         158          46
         158          54
         158          62
         158          72
         158          80
         158          87
         158          93
         158          97
         158         103
         158         112
         158         120
         158         124
         158         130
         158         138
         158         149
         158         158
         159           1
         159           3
         159           7
         159          17
         159          23
         159          38
         159          55
