         164         114
         164         122
         164         126
         164         132
         164         140
         164         151
         164         160
         164         164
         165           9
         165          14
         165          19
         165          25
         165          32
         165          40
         165          49
         165          57
         165          65
         165          75
         165          83
         165          90
         165         100
         165         106
         165         115
         165         127
         165         133
         165         141
         165         152
         165         165
         166          20
         166          27
         166          35
         166          44
         166          52
         166          60
         166          70
         166          85
         166         101
         166         110
         166         128
         166         136
         166         147
         166         166
