         294         159
         294         169
         294         186
         294         191
         294         197
         294         211
         294         221
         294         228
         294         238
         294         256
         294         280
         294         294
         295           4
         295           8
         295          13
         295          18
         295          24
         295          31
         295          39
         295          48
         295          56
         295          64
         295          74
         295          82
         295          89
         295          95
         295          99
         295         105
         295         114
         295         122
         295         126
