         361          97
         361         103
         361         112
         361         120
         361         124
         361         130
         361         138
         361         149
         361         158
         361         162
         361         168
         361         176
         361         185
         361         192
         361         196
         361         202
         361         210
         361         220
         361         227
         361         231
         361         237
         361         245
         361         255
         361         267
         361         275
         361         279
         361         285
         361         293
         361         303
         361         311
         361         317
         361         325
         361         335
         361         347
         361         361
         362           1
         362           3
         362           7
         362          17
         362          23
