         335         149
         335         158
         335         162
         335         168
         335         176
         335         185
         335         192
         335         196
         335         202
         335         210
         335         220
         335         227
         335         231
         335         237
         335         245
         335         255
         335         267
         335         275
         335         279
         335         285
         335         293
         335         303
         335         311
         335         317
         335         325
         335         335
         336          12
         336          30
         336          47
         336          88
