         203         121
         203         131
         203         157
         203         163
         203         177
         203         193
         203         203
         204           4
         204           8
         204          13
         204          18
         204          24
         204          31
         204          39
         204          48
         204          56
         204          64
         204          74
         204          82
         204          89
         204          95
         204          99
         204         105
         204         114
         204         122
         204         126
         204         132
         204         140
         204         151
         204         160
         204         164
         204         170
