         202          46
         202          54
         202          62
         202          72
         202          80
         202          87
         202          93
         202          97
         202         103
         202         112
         202         120
         202         124
         202         130
         202         138
         202         149
         202         158
         202         162
         202         168
         202         176
         202         185
         202         192
         202         196
         202         202
         203          12
         203          30
         203          47
         203          88
         203          98
         203         113
