         238         211
         238         221
         238         228
         238         238
         239           4
         239           8
         239          13
         239          18
         239          24
         239          31
         239          39
         239          48
         239          56
         239          64
         239          74
         239          82
         239          89
         239          95
         239          99
         239         105
         239         114
         239         122
         239         126
         239         132
         239         140
         239         151
         239         160
         239         164
         239         170
         239         178
         239         187
         239         194
         239         198
         239         204
         239         212
         239         222
         239         229
         239         233
         239         239
         240           9
