         234         199
         234         205
         234         213
         234         223
         234         234
         235          20
         235          27
         235          35
         235          44
         235          52
         235          60
         235          70
         235          85
         235         101
         235         110
         235         128
         235         136
         235         147
         235         166
         235         174
         235         183
         235         200
         235         208
         235         218
         235         235
         236           5
         236          10
         236          15
         236          21
         236          28
         236          36
         236          45
         236          53
         236          61
         236          71
         236          79
         236          86
         236          96
         236         102
         236         111
         236         123
