         233         114
         233         122
         233         126
         233         132
         233         140
         233         151
         233         160
         233         164
         233         170
         233         178
         233         187
         233         194
         233         198
         233         204
         233         212
         233         222
         233         229
         233         233
         234           9
         234          14
         234          19
         234          25
         234          32
         234          40
         234          49
         234          57
         234          65
         234          75
         234          83
         234          90
         234         100
         234         106
         234         115
         234         127
         234         133
         234         141
         234         152
         234         165
         234         171
         234         179
         234         188
