         253         253
         254           5
         254          10
         254          15
         254          21
         254          28
         254          36
         254          45
         254          53
         254          61
         254          71
         254          79
         254          86
         254          96
         254         102
         254         111
         254         123
         254         129
         254         137
         254         148
         254         161
         254         167
         254         175
         254         184
         254         195
         254         201
         254         209
         254         219
         254         230
         254         236
         254         244
         254         254
         255           2
         255           6
         255          11
         255          16
         255          22
         255          29
         255          37
         255          46
         255          54
