         231          37
         231          46
         231          54
         231          62
         231          72
         231          80
         231          87
         231          93
         231          97
         231         103
         231         112
         231         120
         231         124
         231         130
         231         138
         231         149
         231         158
         231         162
         231         168
         231         176
         231         185
         231         192
         231         196
         231         202
         231         210
         231         220
         231         227
         231         231
         232          12
         232          30
         232          47
