         363         247
         363         257
         363         269
         363         277
         363         281
         363         287
         363         295
         363         305
         363         313
         363         319
         363         327
         363         337
         363         349
         363         363
         364           9
         364          14
         364          19
         364          25
         364          32
         364          40
         364          49
         364          57
         364          65
         364          75
         364          83
         364          90
         364         100
         364         106
         364         115
         364         127
         364         133
         364         141
         364         152
         364         165
         364         171
         364         179
         364         188
         364         199
         364         205
         364         213
         364         223
