         236         129
         236         137
         236         148
         236         161
         236         167
         236         175
         236         184
         236         195
         236         201
         236         209
         236         219
         236         230
         236         236
         237           2
         237           6
         237          11
         237          16
         237          22
         237          29
         237          37
         237          46
         237          54
         237          62
         237          72
         237          80
         237          87
         237          93
         237          97
         237         103
         237         112
         237         120
         237         124
         237         130
         237         138
         237         149
         237         158
         237         162
         237         168
         237         176
         237         185
         237         192
