         218         208
         218         218
         219           5
         219          10
         219          15
         219          21
         219          28
         219          36
         219          45
         219          53
         219          61
         219          71
         219          79
         219          86
         219          96
         219         102
         219         111
         219         123
         219         129
         219         137
         219         148
         219         161
         219         167
         219         175
         219         184
         219         195
         219         201
         219         209
         219         219
         220           2
         220           6
         220          11
         220          16
         220          22
         220          29
         220          37
         220          46
         220          54
         220          62
         220          72
         220          80
