         302         123
         302         129
         302         137
         302         148
         302         161
         302         167
         302         175
         302         184
         302         195
         302         201
         302         209
         302         219
         302         230
         302         236
         302         244
         302         254
         302         266
         302         278
         302         284
         302         292
         302         302
         303           2
         303           6
         303          11
         303          16
         303          22
         303          29
         303          37
         303          46
         303          54
         303          62
         303          72
         303          80
         303          87
         303          93
         303          97
         303         103
         303         112
         303         120
         303         124
         303         130
