         310          45
         310          53
         310          61
         310          71
         310          79
         310          86
         310          96
         310         102
         310         111
         310         123
         310         129
         310         137
         310         148
         310         161
         310         167
         310         175
         310         184
         310         195
         310         201
         310         209
         310         219
         310         230
         310         236
         310         244
         310         254
         310         266
         310         278
         310         284
         310         292
         310         302
         310         310
         311           2
         311           6
         311          11
         311          16
         311          22
         311          29
         311          37
         311          46
         311          54
         311          62
