         221         139
         221         150
         221         159
         221         169
         221         186
         221         191
         221         197
         221         211
         221         221
         222           4
         222           8
         222          13
         222          18
         222          24
         222          31
         222          39
         222          48
         222          56
         222          64
         222          74
         222          82
         222          89
         222          95
         222          99
         222         105
         222         114
         222         122
         222         126
         222         132
         222         140
         222         151
         222         160
         222         164
         222         170
         222         178
