         163          12
         163          30
         163          47
         163          88
         163          98
         163         113
         163         121
         163         131
         163         157
         163         163
         164           4
         164           8
         164          13
         164          18
         164          24
         164          31
         164          39
         164          48
         164          56
         164          64
         164          74
         164          82
         164          89
         164          95
         164          99
         164         105
