         295         132
         295         140
         295         151
         295         160
         295         164
         295         170
         295         178
         295         187
         295         194
         295         198
         295         204
         295         212
         295         222
         295         229
         295         233
         295         239
         295         247
         295         257
         295         269
         295         277
         295         281
         295         287
         295         295
         296           9
         296          14
         296          19
         296          25
         296          32
         296          40
         296          49
         296          57
         296          65
         296          75
         296          83
         296          90
         296         100
         296         106
         296         115
         296         127
         296         133
         296         141
