         337         337
         338           9
         338          14
         338          19
         338          25
         338          32
         338          40
         338          49
         338          57
         338          65
         338          75
         338          83
         338          90
         338         100
         338         106
         338         115
         338         127
         338         133
         338         141
         338         152
         338         165
         338         171
         338         179
         338         188
         338         199
         338         205
         338         213
         338         223
         338         234
         338         240
         338         248
         338         258
         338         270
         338         282
         338         288
         338         296
         338         306
         338         314
         338         320
         338         328
         338         338
