         178         122
         178         126
         178         132
         178         140
         178         151
         178         160
         178         164
         178         170
         178         178
         179           9
         179          14
         179          19
         179          25
         179          32
         179          40
         179          49
         179          57
         179          65
         179          75
         179          83
         179          90
         179         100
         179         106
         179         115
         179         127
         179         133
         179         141
         179         152
         179         165
         179         171
         179         179
         180          26
         180          33
         180          41
         180          50
         180          58
         180          66
         180          76
         180          91
         180         107
         180         116
         180         134
