         119          38
         119          55
         119          63
         119          73
         119          81
         119          94
         119         104
         119         119
         120           2
         120           6
         120          11
         120          16
         120          22
         120          29
         120          37
         120          46
         120          54
         120          62
         120          72
         120          80
         120          87
         120          93
         120          97
         120         103
         120         112
         120         120
         121          12
         121          30
         121          47
