         274         274
         275           2
         275           6
         275          11
         275          16
         275          22
         275          29
         275          37
         275          46
         275          54
         275          62
         275          72
         275          87
         275          93
         275          97
         275         103
         275         112
         275         120
         275         124
         275         130
         275         138
         275         149
         275         158
         275         162
         275         168
         275         176
         275         185
         275         192
         275         196
         275         202
         275         210
         275         220
         275         227
         275         231
         275         237
         275         245
         275         255
         275         267
         275         275
