         280          63
         280          73
         280          81
         280          94
         280         104
         280         119
         280         125
         280         139
         280         150
         280         159
         280         169
         280         186
         280         191
         280         197
         280         211
         280         221
         280         228
         280         238
         280         256
         280         280
         281           4
         281           8
         281          13
         281          18
         281          24
         281          31
         281          39
