         337          31
         337          39
         337          48
         337          56
         337          64
         337          74
         337          82
         337          89
         337          95
         337          99
         337         105
         337         114
         337         122
         337         126
         337         132
         337         140
         337         151
         337         160
         337         164
         337         170
         337         178
         337         187
         337         194
         337         198
         337         204
         337         212
         337         222
         337         229
         337         233
         337         239
         337         247
         337         257
         337         269
         337         277
         337         281
         337         287
         337         295
         337         305
         337         313
         337         319
         337         327
