         334         167
         334         175
         334         184
         334         195
         334         201
         334         209
         334         219
         334         230
         334         236
         334         244
         334         254
         334         266
         334         278
         334         284
         334         292
         334         302
         334         310
         334         316
         334         324
         334         334
         335           2
         335           6
         335          11
         335          16
         335          22
         335          29
         335          37
         335          46
         335          54
         335          62
         335          72
         335          80
         335          87
         335          93
         335          97
         335         103
         335         112
         335         120
         335         124
         335         130
         335         138
