         362          38
         362          55
         362          63
         362          73
         362          81
         362          94
         362         104
         362         119
         362         125
         362         139
         362         150
         362         159
         362         169
         362         186
         362         191
         362         197
         362         211
         362         221
         362         228
         362         238
         362         256
         362         280
         362         294
