         279          62
         279          72
         279          80
         279          87
         279          93
         279          97
         279         103
         279         112
         279         120
         279         124
         279         130
         279         138
         279         149
         279         158
         279         162
         279         168
         279         176
         279         185
         279         192
         279         196
         279         202
         279         210
         279         220
         279         227
         279         231
         279         237
         279         245
         279         255
         279         267
         279         275
         279         279
         280           3
         280           7
         280          17
         280          23
         280          38
         280          55
