         149          11
         149          16
         149          22
         149          29
         149          37
         149          46
         149          54
         149          62
         149          72
         149          80
         149          87
         149          93
         149          97
         149         103
         149         112
         149         120
         149         124
         149         130
         149         138
         149         149
         150           1
         150           3
         150           7
         150          17
         150          23
         150          38
         150          55
         150          63
         150          73
         150          81
         150          94
         150         104
         150         119
         150         125
