         237         196
         237         202
         237         210
         237         220
         237         227
         237         231
         237         237
         238           1
         238           3
         238           7
         238          17
         238          23
         238          38
         238          55
         238          63
         238          73
         238          81
         238          94
         238         104
         238         119
         238         125
         238         139
         238         150
         238         159
         238         169
         238         186
         238         191
         238         197
