         365         321
         365         329
         365         339
         365         351
         365         365
         366          42
         366          51
         366          67
         366          77
         366          92
         366         117
         366         143
         366         154
         366         181
         366         190
         366         215
         366         225
         366         250
         366         260
         366         272
         366         298
         366         308
         366         330
         366         340
         366         352
         366         366
         367          78
         367         118
         367         155
         367         226
         367         261
         367         273
         367         309
         367         341
         367         353
         367         367
         368         156
         368         274
         368         354
         368         368
         369         369
