         330         250
         330         260
         330         272
         330         298
         330         308
         330         330
         331          68
         331         108
         331         145
         331         216
         331         251
         331         263
         331         299
         331         331
         332          34
         332          43
         332          59
         332          69
         332          84
         332         109
         332         135
         332         146
         332         173
         332         182
         332         207
         332         217
         332         242
         332         252
         332         264
         332         290
         332         300
         332         322
         332         332
         333          20
         333          27
         333          35
         333          44
         333          52
         333          60
         333          70
         333          85
