         121          88
         121          98
         121         113
         121         121
         122           4
         122           8
         122          13
         122          18
         122          24
         122          31
         122          39
         122          48
         122          56
         122          64
         122          74
         122          82
         122          89
         122          95
         122          99
         122         105
         122         114
         122         122
         123           5
         123          10
         123          15
         123          21
         123          28
         123          36
         123          45
         123          53
         123          61
         123          71
         123          79
         123          86
         123          96
         123         102
         123         111
         123         123
