         326          73
         326          81
         326          94
         326         104
         326         119
         326         125
         326         139
         326         150
         326         159
         326         169
         326         186
         326         191
         326         197
         326         211
         326         221
         326         228
         326         238
         326         256
         326         280
         326         294
         326         312
         326         326
         327           4
         327           8
