         347         335
         347         347
         348           1
         348           3
         348           7
         348          17
         348          23
         348          38
         348          55
         348          63
         348          73
         348          81
         348          94
         348         104
         348         119
         348         125
         348         139
         348         150
         348         159
         348         169
         348         186
         348         191
         348         197
         348         211
         348         221
         348         228
         348         238
