         311          72
         311          80
         311          87
         311          93
         311          97
         311         103
         311         112
         311         120
         311         124
         311         130
         311         138
         311         149
         311         158
         311         162
         311         168
         311         176
         311         185
         311         192
         311         196
         311         202
         311         210
         311         220
         311         227
         311         231
         311         237
         311         245
         311         255
         311         267
         311         275
         311         279
         311         285
         311         293
         311         303
         311         311
         312           1
         312           3
         312           7
         312          17
         312          23
