         206         142
         206         153
         206         172
         206         180
         206         189
         206         206
         207          34
         207          43
         207          59
         207          69
         207          84
         207         109
         207         135
         207         146
         207         173
         207         182
         207         207
         208          20
         208          27
         208          35
         208          44
         208          52
         208          60
         208          70
         208          85
         208         101
         208         110
         208         128
         208         136
         208         147
         208         166
         208         174
         208         183
         208         200
         208         208
         209           5
         209          10
         209          15
         209          21
         209          28
         209          36
