         265          52
         265          60
         265          70
         265          85
         265         101
         265         110
         265         128
         265         136
         265         147
         265         166
         265         174
         265         183
         265         200
         265         208
         265         218
         265         235
         265         243
         265         253
         265         265
         266           5
         266          10
         266          15
         266          21
         266          28
         266          36
         266          45
         266          53
         266          61
         266          71
         266          86
         266          96
         266         102
         266         111
         266         123
         266         129
         266         137
         266         148
         266         161
         266         167
         266         175
