         157          12
         157          30
         157          47
         157          88
         157          98
         157         113
         157         121
         157         131
         157         157
         158           2
         158           6
         158          11
         158          16
         158          22
         158          29
         158          37
         158          46
         158          54
         158          62
         158          72
         158          80
         158          87
         158          93
         158          97
         158         103
         158         112
         158         120
         158         124
         158         130
         158         138
         158         149
         158         158
         159           1
         159           3
         159           7
         159          17
         159          23
         159          38
         159          55
         159          63
         159          73
         159          81
         159          94
         159         104
         159         119
         159         125
         159         139
         159         150
         159         159
         160           4
         160           8
         160          13
         160          18
         160          24
         160          31
         160          39
         160          48
         160          56
         160          64
         160          74
         160          82
         160          89
         160          95
         160          99
         160         105
         160         114
         160         122
         160         126
         160         132
         160         140
         160         151
         160         160
         161           5
         161          10
         161          15
         161          21
         161          28
         161          36
         161          45
         161          53
         161          61
         161          71
         161          79
         161          86
         161          96
         161         102
         161         111
         161         123
         161         129
         161         137
         161         148
         161         161
         162           2
         162           6
         162          11
         162          16
         162          22
         162          29
         162          37
         162          46
         162          54
         162          62
         162          72
         162          80
         162          87
         162          93
         162          97
         162         103
         162         112
         162         120
         162         124
         162         130
         162         138
         162         149
         162         158
         162         162
         163          12
         163          30
         163          47
         163          88
         163          98
         163         113
         163         121
         163         131
         163         157
         163         163
         164           4
         164           8
         164          13
         164          18
         164          24
         164          31
         164          39
         164          48
         164          56
         164          64
         164          74
         164          82
         164          89
         164          95
         164          99
         164         105
         164         114
         164         122
         164         126
         164         132
         164         140
         164         151
         164         160
         164         164
         165           9
         165          14
         165          19
         165          25
         165          32
         165          40
         165          49
         165          57
         165          65
         165          75
         165          83
         165          90
         165         100
         165         106
         165         115
         165         127
         165         133
         165         141
         165         152
         165         165
         166          20
         166          27
         166          35
         166          44
         166          52
         166          60
         166          70
         166          85
         166         101
         166         110
         166         128
         166         136
         166         147
         166         166
         167           5
         167          10
         167          15
         167          21
         167          28
         167          36
         167          45
         167          53
         167          61
         167          71
         167          79
         167          86
         167          96
         167         102
         167         111
         167         123
         167         129
         167         137
         167         148
         167         161
         167         167
         168           2
         168           6
         168          11
         168          16
         168          22
         168          29
         168          37
         168          46
         168          54
         168          62
         168          72
         168          80
         168          87
         168          93
         168          97
         168         103
         168         112
         168         120
         168         124
         168         130
         168         138
         168         149
         168         158
         168         162
         168         168
         169           1
         169           3
         169           7
         169          17
         169          23
         169          38
         169          55
         169          63
         169          73
         169          81
         169          94
         169         104
         169         119
         169         125
         169         139
         169         150
         169         159
         169         169
         170           4
         170           8
         170          13
         170          18
         170          24
         170          31
         170          39
         170          48
         170          56
         170          64
         170          74
         170          82
         170          89
         170          95
         170          99
         170         105
         170         114
         170         122
         170         126
         170         132
         170         140
         170         151
         170         160
         170         164
         170         170
         171           9
         171          14
         171          19
         171          25
         171          32
         171          40
         171          49
         171          57
         171          65
         171          75
         171          83
         171          90
         171         100
         171         106
         171         115
         171         127
         171         133
         171         141
         171         152
         171         165
         171         171
         172          26
         172          33
         172          41
         172          50
         172          58
         172          66
         172          76
         172          91
         172         107
         172         116
         172         134
         172         142
         172         153
         172         172
         173          34
         173          43
         173          59
         173          69
         173          84
         173         109
         173         135
         173         146
         173         173
         174          20
         174          27
         174          35
         174          44
         174          52
         174          60
         174          70
         174          85
         174         101
         174         110
         174         128
         174         136
         174         147
         174         166
         174         174
         175           5
         175          10
         175          15
         175          21
         175          28
         175          36
         175          45
         175          53
         175          61
         175          71
         175          79
         175          86
         175          96
         175         102
         175         111
         175         123
         175         129
         175         137
         175         148
         175         161
         175         167
         175         175
         176           2
         176           6
         176          11
         176          16
         176          22
         176          29
         176          37
         176          46
         176          54
         176          62
         176          72
         176          80
         176          87
         176          93
         176          97
         176         103
         176         112
         176         120
         176         124
         176         130
         176         138
         176         149
         176         158
         176         162
         176         168
         176         176
         177          12
         177          30
         177          47
         177          88
         177          98
         177         113
         177         121
         177         131
         177         157
         177         163
         177         177
         178           4
         178           8
         178          13
         178          18
         178          24
         178          31
         178          39
         178          48
         178          56
         178          64
         178          74
         178          82
         178          89
         178          95
         178          99
         178         105
         178         114
         178         122
         178         126
         178         132
         178         140
         178         151
         178         160
         178         164
         178         170
         178         178
         179           9
         179          14
         179          19
         179          25
         179          32
         179          40
         179          49
         179          57
         179          65
         179          75
         179          83
         179          90
         179         100
         179         106
         179         115
         179         127
         179         133
         179         141
         179         152
         179         165
         179         171
         179         179
         180          26
         180          33
         180          41
         180          50
         180          58
         180          66
         180          76
         180          91
         180         107
         180         116
         180         134
         180         142
         180         153
         180         172
         180         180
         181          42
         181          51
         181          67
         181          77
         181          92
         181         117
         181         143
         181         154
         181         181
         182          34
         182          43
         182          59
         182          69
         182          84
         182         109
         182         135
         182         146
         182         173
         182         182
         183          20
         183          27
         183          35
         183          44
         183          52
         183          60
         183          70
         183          85
         183         101
         183         110
         183         128
         183         136
         183         147
         183         166
         183         174
         183         183
         184           5
         184          10
         184          15
         184          21
         184          28
         184          36
         184          45
         184          53
         184          61
         184          71
         184          79
         184          86
         184          96
         184         102
         184         111
         184         123
         184         129
         184         137
         184         148
         184         161
         184         167
         184         175
         184         184
         185           2
         185           6
         185          11
         185          16
         185          22
         185          29
         185          37
         185          46
         185          54
         185          62
         185          72
         185          80
         185          87
         185          93
         185          97
         185         103
         185         112
         185         120
         185         124
         185         130
         185         138
         185         149
         185         158
         185         162
         185         168
         185         176
         185         185
         186           1
         186           3
         186           7
         186          17
         186          23
         186          38
         186          55
         186          63
         186          73
         186          81
         186          94
         186         104
         186         119
         186         125
         186         139
         186         150
         186         159
         186         169
         186         186
         187           4
         187           8
         187          13
         187          18
         187          24
         187          31
         187          39
         187          48
         187          56
         187          64
         187          74
         187          82
         187          89
         187          95
         187          99
         187         105
         187         114
         187         122
         187         126
         187         132
         187         140
         187         151
         187         160
         187         164
         187         170
         187         178
         187         187
         188           9
         188          14
         188          19
         188          25
         188          32
         188          40
         188          49
         188          57
         188          65
         188          75
         188          83
         188          90
         188         100
         188         106
         188         115
         188         127
         188         133
         188         141
         188         152
         188         165
         188         171
         188         179
         188         188
         189          26
         189          33
         189          41
         189          50
         189          58
         189          66
         189          76
         189          91
         189         107
         189         116
         189         134
         189         142
         189         153
         189         172
         189         180
         189         189
         190          42
         190          51
         190          67
         190          77
         190          92
         190         117
         190         143
         190         154
         190         181
         190         190
         191           1
         191           3
         191           7
         191          17
         191          23
         191          38
         191          55
         191          63
         191          73
         191          81
         191          94
