         303         138
         303         149
         303         158
         303         162
         303         168
         303         176
         303         185
         303         192
         303         196
         303         202
         303         210
         303         220
         303         227
         303         231
         303         237
         303         245
         303         255
         303         267
         303         275
         303         279
         303         285
         303         293
         303         303
         304          12
         304          30
         304          47
         304          88
         304          98
         304         113
