         362         312
         362         326
         362         348
         362         362
         363           4
         363           8
         363          13
         363          18
         363          24
         363          31
         363          39
         363          48
         363          56
         363          64
         363          74
         363          82
         363          89
         363          95
         363          99
         363         105
         363         114
         363         122
         363         126
         363         132
         363         140
         363         151
         363         160
         363         164
         363         170
         363         178
         363         187
         363         194
         363         198
         363         204
         363         212
         363         222
         363         229
         363         233
         363         239
