         360         123
         360         129
         360         137
         360         148
         360         161
         360         167
         360         175
         360         184
         360         195
         360         201
         360         209
         360         219
         360         230
         360         236
         360         244
         360         254
         360         266
         360         278
         360         284
         360         292
         360         302
         360         310
         360         316
         360         324
         360         334
         360         346
         360         360
         361           2
         361           6
         361          11
         361          16
         361          22
         361          29
         361          37
         361          46
         361          54
         361          62
         361          72
         361          80
         361          87
         361          93
