         232          88
         232          98
         232         113
         232         121
         232         131
         232         157
         232         163
         232         177
         232         193
         232         203
         232         232
         233           4
         233           8
         233          13
         233          18
         233          24
         233          31
         233          39
         233          48
         233          56
         233          64
         233          74
         233          82
         233          89
         233          95
         233          99
         233         105
