         327         313
         327         319
         327         327
         328           9
         328          14
         328          19
         328          25
         328          32
         328          40
         328          49
         328          57
         328          65
         328          75
         328          83
         328          90
         328         100
         328         106
         328         115
         328         127
         328         133
         328         141
         328         152
         328         165
         328         171
         328         179
         328         188
         328         199
         328         205
         328         213
         328         223
         328         234
         328         240
         328         248
         328         258
         328         270
         328         282
         328         288
         328         296
         328         306
         328         314
         328         320
