         229         187
         229         194
         229         198
         229         204
         229         212
         229         222
         229         229
         230           5
         230          10
         230          15
         230          21
         230          28
         230          36
         230          45
         230          53
         230          61
         230          71
         230          79
         230          86
         230          96
         230         102
         230         111
         230         123
         230         129
         230         137
         230         148
         230         161
         230         167
         230         175
         230         184
         230         195
         230         201
         230         209
         230         219
         230         230
         231           2
         231           6
         231          11
         231          16
         231          22
         231          29
