         209          45
         209          53
         209          61
         209          71
         209          79
         209          86
         209          96
         209         102
         209         111
         209         123
         209         129
         209         137
         209         148
         209         161
         209         167
         209         175
         209         184
         209         195
         209         201
         209         209
         210           2
         210           6
         210          11
         210          16
         210          22
         210          29
         210          37
         210          46
         210          54
         210          62
         210          72
         210          80
         210          87
         210          93
         210          97
         210         103
         210         112
         210         120
         210         124
         210         130
         210         138
