         133          25
         133          32
         133          40
         133          49
         133          57
         133          65
         133          75
         133          83
         133          90
         133         100
         133         106
         133         115
         133         127
         133         133
         134          26
         134          33
         134          41
         134          50
         134          58
         134          66
         134          76
         134          91
         134         107
         134         116
         134         134
         135          34
         135          43
         135          59
         135          69
         135          84
         135         109
         135         135
         136          20
         136          27
         136          35
         136          44
         136          52
         136          60
         136          70
         136          85
         136         101
         136         110
