         341         261
         341         273
         341         309
         341         341
         342         144
         342         262
         342         342
         343          68
         343         108
         343         145
         343         216
         343         251
         343         263
         343         299
         343         331
         343         343
         344          34
         344          43
         344          59
         344          69
         344          84
         344         109
         344         135
         344         146
         344         173
         344         182
         344         207
         344         217
         344         242
         344         252
         344         264
         344         290
         344         300
         344         322
         344         332
         344         344
         345          20
         345          27
         345          35
         345          44
         345          52
         345          60
         345          70
         345          85
         345         101
         345         110
         345         128
         345         136
         345         147
         345         166
         345         174
         345         183
         345         200
         345         208
         345         218
         345         235
         345         243
         345         253
         345         265
         345         283
         345         291
         345         301
         345         315
         345         323
         345         333
         345         345
         346           5
         346          10
         346          15
         346          21
         346          28
         346          36
         346          45
         346          53
         346          61
         346          71
         346          79
         346          86
         346          96
         346         102
         346         111
         346         123
         346         129
         346         137
         346         148
         346         161
         346         167
         346         175
         346         184
         346         195
         346         201
         346         209
         346         219
         346         230
         346         236
         346         244
         346         254
         346         266
         346         278
         346         284
         346         292
         346         302
         346         310
         346         316
         346         324
         346         334
         346         346
         347           2
         347           6
         347          11
         347          16
         347          22
         347          29
         347          37
         347          46
         347          54
         347          62
         347          72
         347          80
         347          87
         347          93
         347          97
         347         103
         347         112
         347         120
         347         124
         347         130
         347         138
         347         149
         347         158
         347         162
         347         168
         347         176
         347         185
         347         192
         347         196
         347         202
         347         210
         347         220
         347         227
         347         231
         347         237
         347         245
         347         255
         347         267
         347         275
         347         279
         347         285
         347         293
         347         303
         347         311
         347         317
         347         325
         347         335
         347         347
         348           1
         348           3
         348           7
         348          17
         348          23
         348          38
         348          55
         348          63
         348          73
         348          81
         348          94
         348         104
         348         119
         348         125
         348         139
         348         150
         348         159
         348         169
         348         186
         348         191
         348         197
         348         211
         348         221
         348         228
         348         238
         348         256
         348         280
         348         294
         348         312
         348         326
         348         348
         349           4
         349           8
         349          13
         349          18
         349          24
         349          31
         349          39
         349          48
         349          56
         349          64
         349          74
         349          82
         349          89
         349          95
         349          99
         349         105
         349         114
         349         122
         349         126
         349         132
         349         140
         349         151
         349         160
         349         164
         349         170
         349         178
         349         187
         349         194
         349         198
         349         204
         349         212
         349         222
         349         229
         349         233
         349         239
         349         247
         349         257
         349         269
         349         277
         349         281
         349         287
         349         295
         349         305
         349         313
         349         319
         349         327
         349         337
         349         349
         350           9
         350          14
         350          19
         350          25
         350          32
         350          40
         350          49
         350          57
         350          65
         350          75
         350          83
         350          90
         350         100
         350         106
         350         115
         350         127
         350         133
         350         141
         350         152
         350         165
         350         171
         350         179
         350         188
         350         199
         350         205
         350         213
         350         223
         350         234
         350         240
         350         248
         350         258
         350         270
         350         282
         350         288
         350         296
         350         306
         350         314
         350         320
         350         328
         350         338
         350         350
         351          26
         351          33
         351          41
         351          50
         351          58
         351          66
         351          76
         351          91
         351         107
         351         116
         351         134
         351         142
         351         153
         351         172
         351         180
         351         189
         351         206
         351         214
         351         224
         351         241
         351         249
         351         259
         351         271
         351         289
         351         297
         351         307
         351         321
         351         329
         351         339
         351         351
         352          42
         352          51
         352          67
         352          77
         352          92
         352         117
         352         143
         352         154
         352         181
         352         190
         352         215
         352         225
         352         250
         352         260
         352         272
         352         298
         352         308
         352         330
         352         340
         352         352
         353          78
         353         118
         353         155
         353         226
         353         261
         353         273
         353         309
         353         341
         353         353
         354         156
         354         274
         354         354
         355         355
         356         144
         356         262
         356         342
         356         356
         357          68
         357         108
         357         145
         357         216
         357         251
         357         263
         357         299
         357         331
         357         343
         357         357
         358          34
         358          43
         358          59
         358          69
         358          84
         358         109
         358         135
         358         146
         358         173
         358         182
         358         207
         358         217
         358         242
         358         252
         358         264
         358         290
         358         300
         358         322
         358         332
         358         344
         358         358
         359          20
         359          27
         359          35
         359          44
         359          52
         359          60
         359          70
         359          85
         359         101
         359         110
         359         128
         359         136
         359         147
         359         166
         359         174
         359         183
         359         200
         359         208
         359         218
         359         235
         359         243
         359         253
         359         265
         359         283
         359         291
         359         301
         359         315
         359         323
         359         333
         359         345
         359         359
         360           5
         360          10
         360          15
         360          21
         360          28
         360          36
         360          45
         360          53
         360          61
         360          71
         360          79
         360          86
         360          96
         360         102
         360         111
         360         123
         360         129
         360         137
         360         148
         360         161
         360         167
         360         175
         360         184
         360         195
         360         201
         360         209
         360         219
         360         230
         360         236
         360         244
         360         254
         360         266
         360         278
         360         284
         360         292
         360         302
         360         310
         360         316
         360         324
         360         334
         360         346
         360         360
         361           2
         361           6
         361          11
         361          16
         361          22
         361          29
         361          37
         361          46
         361          54
         361          62
         361          72
         361          80
         361          87
         361          93
         361          97
         361         103
         361         112
         361         120
         361         124
         361         130
         361         138
         361         149
         361         158
         361         162
         361         168
         361         176
         361         185
         361         192
         361         196
         361         202
         361         210
         361         220
         361         227
         361         231
         361         237
         361         245
         361         255
         361         267
         361         275
         361         279
         361         285
         361         293
         361         303
         361         311
         361         317
         361         325
         361         335
         361         347
         361         361
         362           1
         362           3
         362           7
         362          17
         362          23
         362          38
         362          55
         362          63
         362          73
         362          81
         362          94
         362         104
         362         119
         362         125
         362         139
         362         150
         362         159
         362         169
         362         186
         362         191
         362         197
         362         211
         362         221
         362         228
         362         238
         362         256
         362         280
         362         294
         362         312
         362         326
         362         348
         362         362
         363           4
         363           8
         363          13
         363          18
         363          24
         363          31
         363          39
         363          48
         363          56
         363          64
         363          74
         363          82
         363          89
         363          95
         363          99
         363         105
         363         114
         363         122
         363         126
         363         132
         363         140
         363         151
         363         160
         363         164
         363         170
         363         178
         363         187
         363         194
         363         198
         363         204
         363         212
         363         222
         363         229
         363         233
         363         239
         363         247
         363         257
         363         269
         363         277
         363         281
         363         287
         363         295
         363         305
         363         313
         363         319
         363         327
         363         337
         363         349
         363         363
         364           9
         364          14
         364          19
         364          25
         364          32
         364          40
         364          49
         364          57
         364          65
         364          75
         364          83
         364          90
         364         100
         364         106
         364         115
         364         127
         364         133
         364         141
         364         152
         364         165
         364         171
         364         179
         364         188
         364         199
         364         205
         364         213
         364         223
         364         234
         364         240
         364         248
         364         258
         364         270
         364         282
         364         288
         364         296
         364         306
         364         314
         364         320
         364         328
         364         338
         364         350
         364         364
         365          26
         365          33
         365          41
         365          50
         365          58
         365          66
         365          76
         365          91
         365         107
         365         116
         365         134
         365         142
         365         153
         365         172
         365         180
         365         189
         365         206
         365         214
         365         224
         365         241
         365         249
         365         259
         365         271
         365         289
         365         297
         365         307
         365         321
         365         329
         365         339
         365         351
         365         365
         366          42
         366          51
         366          67
         366          77
         366          92
         366         117
         366         143
         366         154
         366         181
         366         190
         366         215
         366         225
         366         250
         366         260
         366         272
         366         298
         366         308
         366         330
         366         340
         366         352
         366         366
         367          78
         367         118
         367         155
         367         226
         367         261
         367         273
         367         309
         367         341
         367         353
         367         367
         368         156
         368         274
         368         354
         368         368
         369         369
