         266         184
         266         195
         266         201
         266         209
         266         219
         266         230
         266         236
         266         244
         266         254
         266         266
         267           2
         267           6
         267          11
         267          16
         267          22
         267          29
         267          37
         267          46
         267          54
         267          62
         267          72
         267          87
         267          97
         267         103
         267         112
         267         120
         267         124
         267         130
         267         138
         267         149
         267         158
         267         162
         267         168
         267         176
         267         185
         267         192
         267         196
         267         202
         267         210
