         350         179
         350         188
         350         199
         350         205
         350         213
         350         223
         350         234
         350         240
         350         248
         350         258
         350         270
         350         282
         350         288
         350         296
         350         306
         350         314
         350         320
         350         328
         350         338
         350         350
         351          26
         351          33
         351          41
         351          50
         351          58
         351          66
         351          76
         351          91
         351         107
         351         116
         351         134
         351         142
         351         153
         351         172
         351         180
         351         189
         351         206
         351         214
         351         224
         351         241
         351         249
