         228         139
         228         150
         228         159
         228         169
         228         186
         228         191
         228         197
         228         211
         228         221
         228         228
         229           4
         229           8
         229          13
         229          18
         229          24
         229          31
         229          39
         229          48
         229          56
         229          64
         229          74
         229          82
         229          89
         229          95
         229          99
         229         105
         229         114
         229         122
         229         126
         229         132
         229         140
         229         151
         229         160
         229         164
         229         170
         229         178
