         175          79
         175          86
         175          96
         175         102
         175         111
         175         123
         175         129
         175         137
         175         148
         175         161
         175         167
         175         175
         176           2
         176           6
         176          11
         176          16
         176          22
         176          29
         176          37
         176          46
         176          54
         176          62
         176          72
         176          80
         176          87
         176          93
         176          97
         176         103
         176         112
         176         120
         176         124
         176         130
         176         138
         176         149
         176         158
         176         162
         176         168
         176         176
         177          12
