         355         355
         356         144
         356         262
         356         342
         356         356
         357          68
         357         108
         357         145
         357         216
         357         251
         357         263
         357         299
         357         331
         357         343
         357         357
         358          34
         358          43
         358          59
         358          69
         358          84
         358         109
         358         135
         358         146
         358         173
         358         182
         358         207
         358         217
         358         242
         358         252
         358         264
         358         290
         358         300
         358         322
         358         332
         358         344
         358         358
         359          20
         359          27
         359          35
         359          44
         359          52
