         278          10
         278          15
         278          21
         278          28
         278          36
         278          45
         278          53
         278          61
         278          71
         278          79
         278          86
         278          96
         278         102
         278         111
         278         123
         278         129
         278         137
         278         148
         278         161
         278         167
         278         175
         278         184
         278         195
         278         201
         278         209
         278         219
         278         230
         278         236
         278         244
         278         254
         278         266
         278         278
         279           2
         279           6
         279          11
         279          16
         279          22
         279          29
         279          37
         279          46
         279          54
