         172          76
         172          91
         172         107
         172         116
         172         134
         172         142
         172         153
         172         172
         173          34
         173          43
         173          59
         173          69
         173          84
         173         109
         173         135
         173         146
         173         173
         174          20
         174          27
         174          35
         174          44
         174          52
         174          60
         174          70
         174          85
         174         101
         174         110
         174         128
         174         136
         174         147
         174         166
         174         174
         175           5
         175          10
         175          15
         175          21
         175          28
         175          36
         175          45
         175          53
         175          61
         175          71
