         126          13
         126          18
         126          24
         126          31
         126          39
         126          48
         126          56
         126          64
         126          74
         126          82
         126          89
         126          95
         126          99
         126         105
         126         114
         126         122
         126         126
         127           9
         127          14
         127          19
         127          25
         127          32
         127          40
         127          49
         127          57
         127          65
         127          75
         127          83
         127          90
         127         100
         127         106
         127         115
         127         127
         128          20
         128          27
         128          35
         128          44
         128          52
         128          60
         128          70
         128          85
         128         101
