         159          63
         159          73
         159          81
         159          94
         159         104
         159         119
         159         125
         159         139
         159         150
         159         159
         160           4
         160           8
         160          13
         160          18
         160          24
         160          31
         160          39
         160          48
         160          56
         160          64
         160          74
         160          82
         160          89
         160          95
         160          99
         160         105
         160         114
         160         122
         160         126
         160         132
         160         140
         160         151
         160         160
         161           5
         161          10
         161          15
