         276         276
         277           4
         277           8
         277          13
         277          18
         277          24
         277          31
         277          39
         277          48
         277          56
         277          64
         277          74
         277          89
         277          95
         277          99
         277         105
         277         114
         277         122
         277         126
         277         132
         277         140
         277         151
         277         160
         277         164
         277         170
         277         178
         277         187
         277         194
         277         198
         277         204
         277         212
         277         222
         277         229
         277         233
         277         239
         277         247
         277         257
         277         269
         277         277
         278           5
