         260         117
         260         143
         260         154
         260         181
         260         190
         260         215
         260         225
         260         250
         260         260
         261          78
         261         118
         261         155
         261         226
         261         261
         262         144
         262         262
         263          68
         263         108
         263         145
         263         216
         263         251
         263         263
         264          34
         264          43
         264          59
         264          69
         264          84
         264         109
         264         135
         264         146
         264         173
         264         182
         264         207
         264         217
         264         242
         264         252
         264         264
         265          20
         265          27
         265          35
         265          44
