          53          45
          53          53
          54           2
          54           6
          54          11
          54          16
          54          22
          54          29
          54          37
          54          46
          54          54
          55           1
          55           3
          55           7
          55          17
          55          23
          55          38
          55          55
          56           4
          56           8
          56          13
          56          18
          56          24
          56          31
          56          39
          56          48
          56          56
          57           9
          57          14
          57          19
          57          25
          57          32
          57          40
          57          49
          57          57
          58          26
          58          33
          58          41
          58          50
