         336          98
         336         113
         336         121
         336         131
         336         157
         336         163
         336         177
         336         193
         336         203
         336         232
         336         246
         336         268
         336         276
         336         286
         336         304
         336         318
         336         336
         337           4
         337           8
         337          13
         337          18
         337          24
