         227          97
         227         103
         227         112
         227         120
         227         124
         227         130
         227         138
         227         149
         227         158
         227         162
         227         168
         227         176
         227         185
         227         192
         227         196
         227         202
         227         210
         227         220
         227         227
         228           1
         228           3
         228           7
         228          17
         228          23
         228          38
         228          55
         228          63
         228          73
         228          81
         228          94
         228         104
         228         119
         228         125
