         351         259
         351         271
         351         289
         351         297
         351         307
         351         321
         351         329
         351         339
         351         351
         352          42
         352          51
         352          67
         352          77
         352          92
         352         117
         352         143
         352         154
         352         181
         352         190
         352         215
         352         225
         352         250
         352         260
         352         272
         352         298
         352         308
         352         330
         352         340
         352         352
         353          78
         353         118
         353         155
         353         226
         353         261
         353         273
         353         309
         353         341
         353         353
         354         156
         354         274
         354         354
