         246         193
         246         203
         246         232
         246         246
         247           4
         247           8
         247          13
         247          18
         247          24
         247          31
         247          39
         247          48
         247          56
         247          64
         247          74
         247          82
         247          89
         247          95
         247          99
         247         105
         247         114
         247         122
         247         126
         247         132
         247         140
         247         151
         247         160
         247         164
         247         170
         247         178
         247         187
         247         194
         247         198
         247         204
         247         212
         247         222
         247         229
         247         233
         247         239
         247         247
         248           9
         248          14
         248          19
         248          25
         248          32
         248          40
         248          49
         248          57
         248          65
         248          75
         248          83
         248          90
         248         100
         248         106
         248         115
         248         127
         248         133
         248         141
         248         152
         248         165
         248         171
         248         179
         248         188
         248         199
         248         205
         248         213
         248         223
         248         234
         248         240
         248         248
         249          26
         249          33
         249          41
         249          50
         249          58
         249          66
         249          76
         249          91
         249         107
         249         116
         249         134
         249         142
         249         153
         249         172
         249         180
         249         189
         249         206
         249         214
         249         224
         249         241
         249         249
         250          42
         250          51
         250          67
         250          77
         250          92
         250         117
         250         143
         250         154
         250         181
         250         190
         250         215
         250         225
         250         250
         251          68
         251         108
         251         145
         251         216
         251         251
         252          34
         252          43
         252          59
         252          69
         252          84
         252         109
         252         135
         252         146
         252         173
         252         182
         252         207
         252         217
         252         242
         252         252
         253          20
         253          27
         253          35
         253          44
         253          52
         253          60
         253          70
         253          85
         253         101
         253         110
         253         128
         253         136
         253         147
         253         166
         253         174
         253         183
         253         200
         253         208
         253         218
         253         235
         253         243
         253         253
         254           5
         254          10
         254          15
         254          21
         254          28
         254          36
         254          45
         254          53
         254          61
         254          71
         254          79
         254          86
         254          96
         254         102
         254         111
         254         123
         254         129
         254         137
         254         148
         254         161
         254         167
         254         175
         254         184
         254         195
         254         201
         254         209
         254         219
         254         230
         254         236
         254         244
         254         254
         255           2
         255           6
         255          11
         255          16
         255          22
         255          29
         255          37
         255          46
         255          54
         255          62
         255          72
         255          80
         255          87
         255          93
         255          97
         255         103
         255         112
         255         120
         255         124
         255         130
         255         138
         255         149
         255         158
         255         162
         255         168
         255         176
         255         185
         255         192
         255         196
         255         202
         255         210
         255         220
         255         227
         255         231
         255         237
         255         245
         255         255
         256           1
         256           3
         256           7
         256          17
         256          23
         256          38
         256          55
         256          63
         256          73
         256          81
         256          94
         256         104
         256         119
         256         125
         256         139
         256         150
         256         159
         256         169
         256         186
         256         191
         256         197
         256         211
         256         221
         256         228
         256         238
         256         256
         257           4
         257           8
         257          13
         257          18
         257          24
         257          31
         257          39
         257          48
         257          56
         257          64
         257          74
         257          82
         257          89
         257          95
         257          99
         257         105
         257         114
         257         122
         257         126
         257         132
         257         140
         257         151
         257         160
         257         164
         257         170
         257         178
         257         187
         257         194
         257         198
         257         204
         257         212
         257         222
         257         229
         257         233
         257         239
         257         247
         257         257
         258           9
         258          14
         258          19
         258          25
         258          32
         258          40
         258          49
         258          57
         258          65
         258          75
         258          83
         258          90
         258         100
         258         106
         258         115
         258         127
         258         133
         258         141
         258         152
         258         165
         258         171
         258         179
         258         188
         258         199
         258         205
         258         213
         258         223
         258         234
         258         240
         258         248
         258         258
         259          26
         259          33
         259          41
         259          50
         259          58
         259          66
         259          76
         259          91
         259         107
         259         116
         259         134
         259         142
         259         153
         259         172
         259         180
         259         189
         259         206
         259         214
         259         224
         259         241
         259         249
         259         259
         260          42
         260          51
         260          67
         260          77
         260          92
         260         117
         260         143
         260         154
         260         181
         260         190
         260         215
         260         225
         260         250
         260         260
         261          78
         261         118
         261         155
         261         226
         261         261
         262         144
         262         262
         263          68
         263         108
         263         145
         263         216
         263         251
         263         263
         264          34
         264          43
         264          59
         264          69
         264          84
         264         109
         264         135
         264         146
         264         173
         264         182
         264         207
         264         217
         264         242
         264         252
         264         264
         265          20
         265          27
         265          35
         265          44
         265          52
         265          60
         265          70
         265          85
         265         101
         265         110
         265         128
         265         136
         265         147
         265         166
         265         174
         265         183
         265         200
         265         208
         265         218
         265         235
         265         243
         265         253
         265         265
         266           5
         266          10
         266          15
         266          21
         266          28
         266          36
         266          45
         266          53
         266          61
         266          71
         266          86
         266          96
         266         102
         266         111
         266         123
         266         129
         266         137
         266         148
         266         161
         266         167
         266         175
         266         184
         266         195
         266         201
         266         209
         266         219
         266         230
         266         236
         266         244
         266         254
         266         266
         267           2
         267           6
         267          11
         267          16
         267          22
         267          29
         267          37
         267          46
         267          54
         267          62
         267          72
         267          87
         267          97
         267         103
         267         112
         267         120
         267         124
         267         130
         267         138
         267         149
         267         158
         267         162
         267         168
         267         176
         267         185
         267         192
         267         196
         267         202
         267         210
         267         220
         267         227
         267         231
         267         237
         267         245
         267         255
         267         267
         268          12
         268          30
         268          47
         268          88
         268          98
         268         113
         268         121
         268         131
         268         157
         268         163
         268         177
         268         193
         268         203
         268         232
         268         246
         268         268
         269           4
         269           8
         269          13
         269          18
         269          24
         269          31
         269          39
         269          48
         269          56
         269          64
         269          74
         269          89
         269          99
         269         105
         269         114
         269         122
         269         126
         269         132
         269         140
         269         151
         269         160
         269         164
         269         170
         269         178
         269         187
         269         194
         269         198
         269         204
         269         212
         269         222
         269         229
         269         233
         269         239
         269         247
         269         257
         269         269
         270           9
         270          14
         270          19
         270          25
         270          32
         270          40
         270          49
         270          57
         270          65
         270          75
         270          90
         270         100
         270         106
         270         115
         270         127
         270         133
         270         141
         270         152
         270         165
         270         171
         270         179
         270         188
         270         199
         270         205
         270         213
         270         223
         270         234
         270         240
         270         248
         270         258
         270         270
         271          26
         271          33
         271          41
         271          50
         271          58
         271          66
         271          76
         271          91
         271         107
         271         116
         271         134
         271         142
         271         153
         271         172
         271         180
         271         189
         271         206
         271         214
         271         224
         271         241
         271         249
         271         259
         271         271
         272          42
         272          51
         272          67
         272          77
         272          92
         272         117
         272         143
         272         154
         272         181
         272         190
         272         215
         272         225
         272         250
         272         260
         272         272
         273          78
         273         118
         273         155
         273         226
         273         261
         273         273
         274         156
         274         274
         275           2
         275           6
         275          11
         275          16
         275          22
         275          29
         275          37
         275          46
         275          54
         275          62
         275          72
         275          87
         275          93
         275          97
         275         103
         275         112
         275         120
         275         124
         275         130
         275         138
         275         149
         275         158
         275         162
         275         168
         275         176
         275         185
         275         192
         275         196
         275         202
         275         210
         275         220
         275         227
         275         231
         275         237
         275         245
         275         255
         275         267
         275         275
         276          12
         276          30
         276          47
         276          88
         276          98
         276         113
         276         121
         276         131
         276         157
         276         163
         276         177
         276         193
         276         203
         276         232
         276         246
         276         268
         276         276
         277           4
         277           8
