         324         111
         324         123
         324         129
         324         137
         324         148
         324         161
         324         167
         324         175
         324         184
         324         195
         324         201
         324         209
         324         219
         324         230
         324         236
         324         244
         324         254
         324         266
         324         278
         324         284
         324         292
         324         302
         324         310
         324         316
         324         324
         325           2
         325           6
         325          11
         325          16
         325          22
         325          29
         325          37
         325          46
         325          54
         325          62
         325          72
         325          80
         325          87
         325          93
         325          97
         325         103
