         271          58
         271          66
         271          76
         271          91
         271         107
         271         116
         271         134
         271         142
         271         153
         271         172
         271         180
         271         189
         271         206
         271         214
         271         224
         271         241
         271         249
         271         259
         271         271
         272          42
         272          51
         272          67
         272          77
         272          92
         272         117
         272         143
         272         154
         272         181
         272         190
         272         215
         272         225
         272         250
         272         260
         272         272
         273          78
         273         118
         273         155
         273         226
         273         261
         273         273
         274         156
