         131          12
         131          30
         131          47
         131          88
         131          98
         131         113
         131         121
         131         131
         132           4
         132           8
         132          13
         132          18
         132          24
         132          31
         132          39
         132          48
         132          56
         132          64
         132          74
         132          82
         132          89
         132          95
         132          99
         132         105
         132         114
         132         122
         132         126
         132         132
         133           9
         133          14
         133          19
