         284         284
         285           2
         285           6
         285          11
         285          16
         285          22
         285          29
         285          37
         285          46
         285          54
         285          62
         285          72
         285          80
         285          87
         285          93
         285          97
         285         103
         285         112
         285         120
         285         124
         285         130
         285         138
         285         149
         285         158
         285         162
         285         168
         285         176
         285         185
         285         192
         285         196
         285         202
         285         210
         285         220
         285         227
         285         231
         285         237
         285         245
         285         255
         285         267
         285         275
         285         279
