         297         206
         297         214
         297         224
         297         241
         297         249
         297         259
         297         271
         297         289
         297         297
         298          42
         298          51
         298          67
         298          77
         298          92
         298         117
         298         143
         298         154
         298         181
         298         190
         298         215
         298         225
         298         250
         298         260
         298         272
         298         298
         299          68
         299         108
         299         145
         299         216
         299         251
         299         263
         299         299
         300          34
         300          43
         300          59
         300          69
         300          84
         300         109
         300         135
         300         146
         300         173
         300         182
         300         207
         300         217
         300         242
         300         252
         300         264
         300         290
         300         300
         301          20
         301          27
         301          35
         301          44
         301          52
         301          60
         301          70
         301          85
         301         101
         301         110
         301         128
         301         136
         301         147
         301         166
         301         174
         301         183
         301         200
         301         208
         301         218
         301         235
         301         243
         301         253
         301         265
         301         283
         301         291
         301         301
         302           5
         302          10
         302          15
         302          21
         302          28
         302          36
         302          45
         302          53
         302          61
         302          71
         302          79
         302          86
         302          96
         302         102
         302         111
         302         123
         302         129
         302         137
         302         148
         302         161
         302         167
         302         175
         302         184
         302         195
         302         201
         302         209
         302         219
         302         230
         302         236
         302         244
         302         254
         302         266
         302         278
         302         284
         302         292
         302         302
         303           2
         303           6
         303          11
         303          16
         303          22
         303          29
         303          37
         303          46
         303          54
         303          62
         303          72
         303          80
         303          87
         303          93
         303          97
         303         103
         303         112
         303         120
         303         124
         303         130
         303         138
         303         149
         303         158
         303         162
         303         168
         303         176
         303         185
         303         192
         303         196
         303         202
         303         210
         303         220
         303         227
         303         231
         303         237
         303         245
         303         255
         303         267
         303         275
         303         279
         303         285
         303         293
         303         303
         304          12
         304          30
         304          47
         304          88
         304          98
         304         113
         304         121
         304         131
         304         157
         304         163
         304         177
         304         193
         304         203
         304         232
         304         246
         304         268
         304         276
         304         286
         304         304
         305           4
         305           8
         305          13
         305          18
         305          24
         305          31
         305          39
         305          48
         305          56
         305          64
         305          74
         305          82
         305          89
         305          95
         305          99
         305         105
         305         114
         305         122
         305         126
         305         132
         305         140
         305         151
         305         160
         305         164
         305         170
         305         178
         305         187
         305         194
         305         198
         305         204
         305         212
         305         222
         305         229
         305         233
         305         239
         305         247
         305         257
         305         269
         305         277
         305         281
         305         287
         305         295
         305         305
         306           9
         306          14
         306          19
         306          25
         306          32
         306          40
         306          49
         306          57
         306          65
         306          75
         306          83
         306          90
         306         100
         306         106
         306         115
         306         127
         306         133
         306         141
         306         152
         306         165
         306         171
         306         179
         306         188
         306         199
         306         205
         306         213
         306         223
         306         234
         306         240
         306         248
         306         258
         306         270
         306         282
         306         288
         306         296
         306         306
         307          26
         307          33
         307          41
         307          50
         307          58
         307          66
         307          76
         307          91
         307         107
         307         116
         307         134
         307         142
         307         153
         307         172
         307         180
         307         189
         307         206
         307         214
         307         224
         307         241
         307         249
         307         259
         307         271
         307         289
         307         297
         307         307
         308          42
         308          51
         308          67
         308          77
         308          92
         308         117
         308         143
         308         154
         308         181
         308         190
         308         215
         308         225
         308         250
         308         260
         308         272
         308         298
         308         308
         309          78
         309         118
         309         155
         309         226
         309         261
         309         273
         309         309
         310           5
         310          10
         310          15
         310          21
         310          28
         310          36
         310          45
         310          53
         310          61
         310          71
         310          79
         310          86
         310          96
         310         102
         310         111
         310         123
         310         129
         310         137
         310         148
         310         161
         310         167
         310         175
         310         184
         310         195
         310         201
         310         209
         310         219
         310         230
         310         236
         310         244
         310         254
         310         266
         310         278
         310         284
         310         292
         310         302
         310         310
         311           2
         311           6
         311          11
         311          16
         311          22
         311          29
         311          37
         311          46
         311          54
         311          62
         311          72
         311          80
         311          87
         311          93
         311          97
         311         103
         311         112
         311         120
         311         124
         311         130
         311         138
         311         149
         311         158
         311         162
         311         168
         311         176
         311         185
         311         192
         311         196
         311         202
         311         210
         311         220
         311         227
         311         231
         311         237
         311         245
         311         255
         311         267
         311         275
         311         279
         311         285
         311         293
         311         303
         311         311
         312           1
         312           3
         312           7
         312          17
         312          23
         312          38
         312          55
         312          63
         312          73
         312          81
         312          94
         312         104
         312         119
         312         125
         312         139
         312         150
         312         159
         312         169
         312         186
         312         191
         312         197
         312         211
         312         221
         312         228
         312         238
         312         256
         312         280
         312         294
         312         312
         313           4
         313           8
         313          13
         313          18
         313          24
         313          31
         313          39
         313          48
         313          56
         313          64
         313          74
         313          82
         313          89
         313          95
         313          99
         313         105
         313         114
         313         122
         313         126
         313         132
         313         140
         313         151
         313         160
         313         164
         313         170
         313         178
         313         187
         313         194
         313         198
         313         204
         313         212
         313         222
         313         229
         313         233
         313         239
         313         247
         313         257
         313         269
         313         277
         313         281
         313         287
         313         295
         313         305
         313         313
         314           9
         314          14
         314          19
         314          25
         314          32
         314          40
         314          49
         314          57
         314          65
         314          75
         314          83
         314          90
         314         100
         314         106
         314         115
         314         127
         314         133
         314         141
         314         152
         314         165
         314         171
         314         179
         314         188
         314         199
         314         205
         314         213
         314         223
         314         234
         314         240
         314         248
         314         258
         314         270
         314         282
         314         288
         314         296
         314         306
         314         314
         315          20
         315          27
         315          35
         315          44
         315          52
         315          60
         315          70
         315          85
         315         101
         315         110
         315         128
         315         136
         315         147
         315         166
         315         174
         315         183
         315         200
         315         208
         315         218
         315         235
         315         243
         315         253
         315         265
         315         283
         315         291
         315         301
         315         315
         316           5
         316          10
         316          15
         316          21
         316          28
         316          36
         316          45
         316          53
         316          61
         316          71
         316          79
         316          86
         316          96
         316         102
         316         111
         316         123
         316         129
         316         137
         316         148
         316         161
         316         167
         316         175
         316         184
         316         195
         316         201
         316         209
         316         219
         316         230
         316         236
         316         244
         316         254
         316         266
         316         278
         316         284
         316         292
         316         302
         316         310
         316         316
         317           2
         317           6
         317          11
         317          16
         317          22
         317          29
         317          37
         317          46
         317          54
         317          62
         317          72
         317          80
         317          87
         317          93
         317          97
         317         103
         317         112
         317         120
         317         124
         317         130
         317         138
         317         149
         317         158
         317         162
         317         168
         317         176
         317         185
         317         192
         317         196
         317         202
         317         210
         317         220
         317         227
         317         231
         317         237
         317         245
         317         255
         317         267
         317         275
         317         279
         317         285
         317         293
         317         303
         317         311
         317         317
         318          12
         318          30
         318          47
         318          88
         318          98
         318         113
         318         121
         318         131
         318         157
         318         163
         318         177
         318         193
         318         203
         318         232
         318         246
         318         268
         318         276
         318         286
         318         304
         318         318
         319           4
         319           8
         319          13
         319          18
         319          24
         319          31
         319          39
         319          48
         319          56
         319          64
         319          74
         319          82
         319          89
         319          95
         319          99
         319         105
         319         114
         319         122
         319         126
         319         132
         319         140
         319         151
         319         160
         319         164
         319         170
         319         178
         319         187
         319         194
