         325         112
         325         120
         325         124
         325         130
         325         138
         325         149
         325         158
         325         162
         325         168
         325         176
         325         185
         325         192
         325         196
         325         202
         325         210
         325         220
         325         227
         325         231
         325         237
         325         245
         325         255
         325         267
         325         275
         325         279
         325         285
         325         293
         325         303
         325         311
         325         317
         325         325
         326           1
         326           3
         326           7
         326          17
         326          23
         326          38
         326          55
         326          63
