         213          49
         213          57
         213          65
         213          75
         213          83
         213          90
         213         100
         213         106
         213         115
         213         127
         213         133
         213         141
         213         152
         213         165
         213         171
         213         179
         213         188
         213         199
         213         205
         213         213
         214          26
         214          33
         214          41
         214          50
         214          58
         214          66
         214          76
         214          91
         214         107
         214         116
         214         134
         214         142
         214         153
         214         172
         214         180
         214         189
         214         206
         214         214
         215          42
         215          51
         215          67
