         364         234
         364         240
         364         248
         364         258
         364         270
         364         282
         364         288
         364         296
         364         306
         364         314
         364         320
         364         328
         364         338
         364         350
         364         364
         365          26
         365          33
         365          41
         365          50
         365          58
         365          66
         365          76
         365          91
         365         107
         365         116
         365         134
         365         142
         365         153
         365         172
         365         180
         365         189
         365         206
         365         214
         365         224
         365         241
         365         249
         365         259
         365         271
         365         289
         365         297
         365         307
