         105          74
         105          82
         105          89
         105          95
         105          99
         105         105
         106           9
         106          14
         106          19
         106          25
         106          32
         106          40
         106          49
         106          57
         106          65
         106          75
         106          83
         106          90
         106         100
         106         106
         107          26
         107          33
         107          41
         107          50
         107          58
         107          66
         107          76
         107          91
         107         107
         108          68
         108         108
         109          34
         109          43
         109          59
         109          69
         109          84
         109         109
         110          20
         110          27
         110          35
         110          44
         110          52
         110          60
         110          70
         110          85
         110         101
         110         110
         111           5
         111          10
         111          15
         111          21
         111          28
         111          36
         111          45
         111          53
         111          61
         111          71
         111          86
         111          96
         111         102
         111         111
         112           2
         112           6
         112          11
         112          16
         112          22
         112          29
         112          37
         112          46
         112          54
         112          62
         112          72
         112          87
         112          93
         112          97
         112         103
         112         112
         113          12
         113          30
         113          47
         113          88
         113          98
         113         113
         114           4
         114           8
         114          13
         114          18
         114          24
         114          31
         114          39
         114          48
         114          56
         114          64
         114          74
         114          89
         114          95
         114          99
         114         105
         114         114
         115           9
         115          14
         115          19
         115          25
         115          32
         115          40
         115          49
         115          57
         115          65
         115          75
         115          90
         115         100
         115         106
         115         115
         116          26
         116          33
         116          41
         116          50
         116          58
         116          66
         116          76
         116          91
         116         107
         116         116
         117          42
         117          51
         117          67
         117          77
         117          92
         117         117
         118          78
         118         118
         119           1
         119           3
         119           7
         119          17
         119          23
         119          38
         119          55
         119          63
         119          73
         119          81
         119          94
         119         104
         119         119
         120           2
         120           6
         120          11
         120          16
         120          22
         120          29
         120          37
         120          46
         120          54
         120          62
         120          72
         120          80
         120          87
         120          93
         120          97
         120         103
         120         112
         120         120
         121          12
         121          30
         121          47
         121          88
         121          98
         121         113
         121         121
         122           4
         122           8
         122          13
         122          18
         122          24
         122          31
         122          39
         122          48
         122          56
         122          64
         122          74
         122          82
         122          89
         122          95
         122          99
         122         105
         122         114
         122         122
         123           5
         123          10
         123          15
         123          21
         123          28
         123          36
         123          45
         123          53
         123          61
         123          71
         123          79
         123          86
         123          96
         123         102
         123         111
         123         123
         124           2
         124           6
         124          11
         124          16
         124          22
         124          29
         124          37
         124          46
         124          54
         124          62
         124          72
         124          80
         124          87
         124          93
         124          97
         124         103
         124         112
         124         120
         124         124
         125           1
         125           3
         125           7
         125          17
         125          23
         125          38
         125          55
         125          63
         125          73
         125          81
         125          94
         125         104
         125         119
         125         125
         126           4
         126           8
         126          13
         126          18
         126          24
         126          31
         126          39
         126          48
         126          56
         126          64
         126          74
         126          82
         126          89
         126          95
         126          99
         126         105
         126         114
         126         122
         126         126
         127           9
         127          14
         127          19
         127          25
         127          32
         127          40
         127          49
         127          57
         127          65
         127          75
         127          83
         127          90
         127         100
         127         106
         127         115
         127         127
         128          20
         128          27
         128          35
         128          44
         128          52
         128          60
         128          70
         128          85
         128         101
         128         110
         128         128
         129           5
         129          10
         129          15
         129          21
         129          28
         129          36
         129          45
         129          53
         129          61
         129          71
         129          79
         129          86
         129          96
         129         102
         129         111
         129         123
         129         129
         130           2
         130           6
         130          11
         130          16
         130          22
         130          29
         130          37
         130          46
         130          54
         130          62
         130          72
         130          80
         130          87
         130          93
         130          97
         130         103
         130         112
         130         120
         130         124
         130         130
         131          12
         131          30
         131          47
         131          88
         131          98
         131         113
         131         121
         131         131
         132           4
         132           8
         132          13
         132          18
         132          24
         132          31
         132          39
         132          48
         132          56
         132          64
         132          74
         132          82
         132          89
         132          95
         132          99
         132         105
         132         114
         132         122
         132         126
         132         132
         133           9
         133          14
         133          19
         133          25
         133          32
         133          40
         133          49
         133          57
         133          65
         133          75
         133          83
         133          90
         133         100
         133         106
         133         115
         133         127
         133         133
         134          26
         134          33
         134          41
         134          50
         134          58
         134          66
         134          76
         134          91
         134         107
         134         116
         134         134
         135          34
         135          43
         135          59
         135          69
         135          84
         135         109
         135         135
         136          20
         136          27
         136          35
         136          44
         136          52
         136          60
         136          70
         136          85
         136         101
         136         110
         136         128
         136         136
         137           5
         137          10
         137          15
         137          21
         137          28
         137          36
         137          45
         137          53
         137          61
         137          71
         137          79
         137          86
         137          96
         137         102
         137         111
         137         123
         137         129
         137         137
         138           2
         138           6
         138          11
         138          16
         138          22
         138          29
         138          37
         138          46
         138          54
         138          62
         138          72
         138          80
         138          87
         138          93
         138          97
         138         103
         138         112
         138         120
         138         124
         138         130
         138         138
         139           1
         139           3
         139           7
         139          17
         139          23
         139          38
         139          55
         139          63
         139          73
         139          81
         139          94
         139         104
         139         119
         139         125
         139         139
         140           4
         140           8
         140          13
         140          18
         140          24
         140          31
         140          39
         140          48
         140          56
         140          64
         140          74
         140          82
         140          89
         140          95
         140          99
         140         105
         140         114
         140         122
         140         126
         140         132
         140         140
         141           9
         141          14
         141          19
         141          25
         141          32
         141          40
         141          49
         141          57
         141          65
         141          75
         141          83
         141          90
         141         100
         141         106
         141         115
         141         127
         141         133
         141         141
         142          26
         142          33
         142          41
         142          50
         142          58
         142          66
         142          76
         142          91
         142         107
         142         116
         142         134
         142         142
         143          42
         143          51
         143          67
         143          77
         143          92
         143         117
         143         143
         144         144
         145          68
         145         108
         145         145
         146          34
         146          43
         146          59
         146          69
         146          84
         146         109
         146         135
         146         146
         147          20
         147          27
         147          35
         147          44
         147          52
         147          60
         147          70
         147          85
         147         101
         147         110
         147         128
         147         136
         147         147
         148           5
         148          10
         148          15
         148          21
         148          28
         148          36
         148          45
         148          53
         148          61
         148          71
         148          79
         148          86
         148          96
         148         102
         148         111
         148         123
         148         129
         148         137
         148         148
         149           2
         149           6
         149          11
         149          16
         149          22
         149          29
         149          37
         149          46
         149          54
         149          62
         149          72
         149          80
         149          87
         149          93
         149          97
         149         103
         149         112
         149         120
         149         124
         149         130
         149         138
         149         149
         150           1
         150           3
         150           7
         150          17
         150          23
         150          38
         150          55
         150          63
         150          73
         150          81
         150          94
         150         104
         150         119
         150         125
         150         139
         150         150
         151           4
         151           8
         151          13
         151          18
         151          24
         151          31
         151          39
         151          48
         151          56
         151          64
         151          74
         151          82
         151          89
         151          95
         151          99
         151         105
         151         114
         151         122
         151         126
         151         132
         151         140
         151         151
         152           9
         152          14
         152          19
         152          25
         152          32
         152          40
         152          49
         152          57
         152          65
         152          75
         152          83
         152          90
         152         100
         152         106
         152         115
         152         127
         152         133
         152         141
         152         152
         153          26
         153          33
         153          41
         153          50
         153          58
         153          66
         153          76
         153          91
         153         107
         153         116
         153         134
         153         142
         153         153
         154          42
         154          51
         154          67
         154          77
         154          92
         154         117
         154         143
         154         154
         155          78
         155         118
         155         155
         156         156
