         224         107
         224         116
         224         134
         224         142
         224         153
         224         172
         224         180
         224         189
         224         206
         224         214
         224         224
         225          42
         225          51
         225          67
         225          77
         225          92
         225         117
         225         143
         225         154
         225         181
         225         190
         225         215
         225         225
         226          78
         226         118
         226         155
         226         226
         227           2
         227           6
         227          11
         227          16
         227          22
         227          29
         227          37
         227          46
         227          54
         227          62
         227          72
         227          80
         227          87
         227          93
