         319         198
         319         204
         319         212
         319         222
         319         229
         319         233
         319         239
         319         247
         319         257
         319         269
         319         277
         319         281
         319         287
         319         295
         319         305
         319         313
         319         319
         320           9
         320          14
         320          19
         320          25
         320          32
         320          40
         320          49
         320          57
         320          65
         320          75
         320          83
         320          90
         320         100
         320         106
         320         115
         320         127
         320         133
         320         141
         320         152
         320         165
         320         171
         320         179
         320         188
         320         199
         320         205
         320         213
         320         223
         320         234
         320         240
         320         248
         320         258
         320         270
         320         282
         320         288
         320         296
         320         306
         320         314
         320         320
         321          26
         321          33
         321          41
         321          50
         321          58
         321          66
         321          76
         321          91
         321         107
         321         116
         321         134
         321         142
         321         153
         321         172
         321         180
         321         189
         321         206
         321         214
         321         224
         321         241
         321         249
         321         259
         321         271
         321         289
         321         297
         321         307
         321         321
         322          34
         322          43
         322          59
         322          69
         322          84
         322         109
         322         135
         322         146
         322         173
         322         182
         322         207
         322         217
         322         242
         322         252
         322         264
         322         290
         322         300
         322         322
         323          20
         323          27
         323          35
         323          44
         323          52
         323          60
         323          70
         323          85
         323         101
         323         110
         323         128
         323         136
         323         147
         323         166
         323         174
         323         183
         323         200
         323         208
         323         218
         323         235
         323         243
         323         253
         323         265
         323         283
         323         291
         323         301
         323         315
         323         323
         324           5
         324          10
         324          15
         324          21
         324          28
         324          36
         324          45
         324          53
         324          61
         324          71
         324          79
         324          86
         324          96
         324         102
         324         111
         324         123
         324         129
         324         137
         324         148
         324         161
         324         167
         324         175
         324         184
         324         195
         324         201
         324         209
         324         219
         324         230
         324         236
         324         244
         324         254
         324         266
         324         278
         324         284
         324         292
         324         302
         324         310
         324         316
         324         324
         325           2
         325           6
         325          11
         325          16
         325          22
         325          29
         325          37
         325          46
         325          54
         325          62
         325          72
         325          80
         325          87
         325          93
         325          97
         325         103
         325         112
         325         120
         325         124
         325         130
         325         138
         325         149
         325         158
         325         162
         325         168
         325         176
         325         185
         325         192
         325         196
         325         202
         325         210
         325         220
         325         227
         325         231
         325         237
         325         245
         325         255
         325         267
         325         275
         325         279
         325         285
         325         293
         325         303
         325         311
         325         317
         325         325
         326           1
         326           3
         326           7
         326          17
         326          23
         326          38
         326          55
         326          63
         326          73
         326          81
         326          94
         326         104
         326         119
         326         125
         326         139
         326         150
         326         159
         326         169
         326         186
         326         191
         326         197
         326         211
         326         221
         326         228
         326         238
         326         256
         326         280
         326         294
         326         312
         326         326
         327           4
         327           8
         327          13
         327          18
         327          24
         327          31
         327          39
         327          48
         327          56
         327          64
         327          74
         327          82
         327          89
         327          95
         327          99
         327         105
         327         114
         327         122
         327         126
         327         132
         327         140
         327         151
         327         160
         327         164
         327         170
         327         178
         327         187
         327         194
         327         198
         327         204
         327         212
         327         222
         327         229
         327         233
         327         239
         327         247
         327         257
         327         269
         327         277
         327         281
         327         287
         327         295
         327         305
         327         313
         327         319
         327         327
         328           9
         328          14
         328          19
         328          25
         328          32
         328          40
         328          49
         328          57
         328          65
         328          75
         328          83
         328          90
         328         100
         328         106
         328         115
         328         127
         328         133
         328         141
         328         152
         328         165
         328         171
         328         179
         328         188
         328         199
         328         205
         328         213
         328         223
         328         234
         328         240
         328         248
         328         258
         328         270
         328         282
         328         288
         328         296
         328         306
         328         314
         328         320
         328         328
         329          26
         329          33
         329          41
         329          50
         329          58
         329          66
         329          76
         329          91
         329         107
         329         116
         329         134
         329         142
         329         153
         329         172
         329         180
         329         189
         329         206
         329         214
         329         224
         329         241
         329         249
         329         259
         329         271
         329         289
         329         297
         329         307
         329         321
         329         329
         330          42
         330          51
         330          67
         330          77
         330          92
         330         117
         330         143
         330         154
         330         181
         330         190
         330         215
         330         225
         330         250
         330         260
         330         272
         330         298
         330         308
         330         330
         331          68
         331         108
         331         145
         331         216
         331         251
         331         263
         331         299
         331         331
         332          34
         332          43
         332          59
         332          69
         332          84
         332         109
         332         135
         332         146
         332         173
         332         182
         332         207
         332         217
         332         242
         332         252
         332         264
         332         290
         332         300
         332         322
         332         332
         333          20
         333          27
         333          35
         333          44
         333          52
         333          60
         333          70
         333          85
         333         101
         333         110
         333         128
         333         136
         333         147
         333         166
         333         174
         333         183
         333         200
         333         208
         333         218
         333         235
         333         243
         333         253
         333         265
         333         283
         333         291
         333         301
         333         315
         333         323
         333         333
         334           5
         334          10
         334          15
         334          21
         334          28
         334          36
         334          45
         334          53
         334          61
         334          71
         334          79
         334          86
         334          96
         334         102
         334         111
         334         123
         334         129
         334         137
         334         148
         334         161
         334         167
         334         175
         334         184
         334         195
         334         201
         334         209
         334         219
         334         230
         334         236
         334         244
         334         254
         334         266
         334         278
         334         284
         334         292
         334         302
         334         310
         334         316
         334         324
         334         334
         335           2
         335           6
         335          11
         335          16
         335          22
         335          29
         335          37
         335          46
         335          54
         335          62
         335          72
         335          80
         335          87
         335          93
         335          97
         335         103
         335         112
         335         120
         335         124
         335         130
         335         138
         335         149
         335         158
         335         162
         335         168
         335         176
         335         185
         335         192
         335         196
         335         202
         335         210
         335         220
         335         227
         335         231
         335         237
         335         245
         335         255
         335         267
         335         275
         335         279
         335         285
         335         293
         335         303
         335         311
         335         317
         335         325
         335         335
         336          12
         336          30
         336          47
         336          88
         336          98
         336         113
         336         121
         336         131
         336         157
         336         163
         336         177
         336         193
         336         203
         336         232
         336         246
         336         268
         336         276
         336         286
         336         304
         336         318
         336         336
         337           4
         337           8
         337          13
         337          18
         337          24
         337          31
         337          39
         337          48
         337          56
         337          64
         337          74
         337          82
         337          89
         337          95
         337          99
         337         105
         337         114
         337         122
         337         126
         337         132
         337         140
         337         151
         337         160
         337         164
         337         170
         337         178
         337         187
         337         194
         337         198
         337         204
         337         212
         337         222
         337         229
         337         233
         337         239
         337         247
         337         257
         337         269
         337         277
         337         281
         337         287
         337         295
         337         305
         337         313
         337         319
         337         327
         337         337
         338           9
         338          14
         338          19
         338          25
         338          32
         338          40
         338          49
         338          57
         338          65
         338          75
         338          83
         338          90
         338         100
         338         106
         338         115
         338         127
         338         133
         338         141
         338         152
         338         165
         338         171
         338         179
         338         188
         338         199
         338         205
         338         213
         338         223
         338         234
         338         240
         338         248
         338         258
         338         270
         338         282
         338         288
         338         296
         338         306
         338         314
         338         320
         338         328
         338         338
         339          26
         339          33
         339          41
         339          50
         339          58
         339          66
         339          76
         339          91
         339         107
         339         116
         339         134
         339         142
         339         153
         339         172
         339         180
         339         189
         339         206
         339         214
         339         224
         339         241
         339         249
         339         259
         339         271
         339         289
         339         297
         339         307
         339         321
         339         329
         339         339
         340          42
         340          51
         340          67
         340          77
         340          92
         340         117
         340         143
         340         154
         340         181
         340         190
         340         215
         340         225
         340         250
         340         260
         340         272
         340         298
         340         308
         340         330
         340         340
         341          78
         341         118
         341         155
         341         226
