         150         139
         150         150
         151           4
         151           8
         151          13
         151          18
         151          24
         151          31
         151          39
         151          48
         151          56
         151          64
         151          74
         151          82
         151          89
         151          95
         151          99
         151         105
         151         114
         151         122
         151         126
         151         132
         151         140
         151         151
         152           9
         152          14
         152          19
         152          25
         152          32
         152          40
         152          49
         152          57
         152          65
         152          75
         152          83
         152          90
         152         100
         152         106
         152         115
         152         127
         152         133
         152         141
