         185         158
         185         162
         185         168
         185         176
         185         185
         186           1
         186           3
         186           7
         186          17
         186          23
         186          38
         186          55
         186          63
         186          73
         186          81
         186          94
         186         104
         186         119
         186         125
         186         139
         186         150
         186         159
         186         169
         186         186
         187           4
         187           8
         187          13
         187          18
         187          24
         187          31
         187          39
