          46          46
          47          12
          47          30
          47          47
          48           4
          48           8
          48          13
          48          18
          48          24
          48          31
          48          39
          48          48
          49           9
          49          14
          49          19
          49          25
          49          32
          49          40
          49          49
          50          26
          50          33
          50          41
          50          50
          51          42
          51          51
          52          20
          52          27
          52          35
          52          44
          52          52
          53           5
          53          10
          53          15
          53          21
          53          28
          53          36
