         348         256
         348         280
         348         294
         348         312
         348         326
         348         348
         349           4
         349           8
         349          13
         349          18
         349          24
         349          31
         349          39
         349          48
         349          56
         349          64
         349          74
         349          82
         349          89
         349          95
         349          99
         349         105
         349         114
         349         122
         349         126
         349         132
         349         140
         349         151
         349         160
         349         164
         349         170
         349         178
         349         187
         349         194
