         281          48
         281          56
         281          64
         281          74
         281          82
         281          89
         281          95
         281          99
         281         105
         281         114
         281         122
         281         126
         281         132
         281         140
         281         151
         281         160
         281         164
         281         170
         281         178
         281         187
         281         194
         281         198
         281         204
         281         212
         281         222
         281         229
         281         233
         281         239
         281         247
         281         257
         281         269
         281         277
         281         281
         282           9
         282          14
         282          19
         282          25
         282          32
         282          40
         282          49
         282          57
