         221          23
         221          38
         221          55
         221          63
         221          73
         221          81
         221          94
         221         104
         221         119
         221         125
         221         139
         221         150
         221         159
         221         169
         221         186
         221         191
         221         197
         221         211
         221         221
         222           4
         222           8
         222          13
         222          18
         222          24
         222          31
         222          39
         222          48
         222          56
         222          64
         222          74
         222          82
         222          89
         222          95
         222          99
         222         105
         222         114
         222         122
         222         126
         222         132
         222         140
         222         151
         222         160
         222         164
         222         170
         222         178
         222         187
         222         194
         222         198
         222         204
         222         212
         222         222
         223           9
         223          14
         223          19
         223          25
         223          32
         223          40
         223          49
         223          57
         223          65
         223          75
         223          83
         223          90
         223         100
         223         106
         223         115
         223         127
         223         133
         223         141
         223         152
         223         165
         223         171
         223         179
         223         188
         223         199
         223         205
         223         213
         223         223
         224          26
         224          33
         224          41
         224          50
         224          58
         224          66
         224          76
         224          91
         224         107
         224         116
         224         134
         224         142
         224         153
         224         172
         224         180
         224         189
         224         206
         224         214
         224         224
         225          42
         225          51
         225          67
         225          77
         225          92
         225         117
         225         143
         225         154
         225         181
         225         190
         225         215
         225         225
         226          78
         226         118
         226         155
         226         226
         227           2
         227           6
         227          11
         227          16
         227          22
         227          29
         227          37
         227          46
         227          54
         227          62
         227          72
         227          80
         227          87
         227          93
         227          97
         227         103
         227         112
         227         120
         227         124
         227         130
         227         138
         227         149
         227         158
         227         162
         227         168
         227         176
         227         185
         227         192
         227         196
         227         202
         227         210
         227         220
         227         227
         228           1
         228           3
         228           7
         228          17
         228          23
         228          38
         228          55
         228          63
         228          73
         228          81
         228          94
         228         104
         228         119
         228         125
         228         139
         228         150
         228         159
         228         169
         228         186
         228         191
         228         197
         228         211
         228         221
         228         228
         229           4
         229           8
         229          13
         229          18
         229          24
         229          31
         229          39
         229          48
         229          56
         229          64
         229          74
         229          82
         229          89
         229          95
         229          99
         229         105
         229         114
         229         122
         229         126
         229         132
         229         140
         229         151
         229         160
         229         164
         229         170
         229         178
         229         187
         229         194
         229         198
         229         204
         229         212
         229         222
         229         229
         230           5
         230          10
         230          15
         230          21
         230          28
         230          36
         230          45
         230          53
         230          61
         230          71
         230          79
         230          86
         230          96
         230         102
         230         111
         230         123
         230         129
         230         137
         230         148
         230         161
         230         167
         230         175
         230         184
         230         195
         230         201
         230         209
         230         219
         230         230
         231           2
         231           6
         231          11
         231          16
         231          22
         231          29
         231          37
         231          46
         231          54
         231          62
         231          72
         231          80
         231          87
         231          93
         231          97
         231         103
         231         112
         231         120
         231         124
         231         130
         231         138
         231         149
         231         158
         231         162
         231         168
         231         176
         231         185
         231         192
         231         196
         231         202
         231         210
         231         220
         231         227
         231         231
         232          12
         232          30
         232          47
         232          88
         232          98
         232         113
         232         121
         232         131
         232         157
         232         163
         232         177
         232         193
         232         203
         232         232
         233           4
         233           8
         233          13
         233          18
         233          24
         233          31
         233          39
         233          48
         233          56
         233          64
         233          74
         233          82
         233          89
         233          95
         233          99
         233         105
         233         114
         233         122
         233         126
         233         132
         233         140
         233         151
         233         160
         233         164
         233         170
         233         178
         233         187
         233         194
         233         198
         233         204
         233         212
         233         222
         233         229
         233         233
         234           9
         234          14
         234          19
         234          25
         234          32
         234          40
         234          49
         234          57
         234          65
         234          75
         234          83
         234          90
         234         100
         234         106
         234         115
         234         127
         234         133
         234         141
         234         152
         234         165
         234         171
         234         179
         234         188
         234         199
         234         205
         234         213
         234         223
         234         234
         235          20
         235          27
         235          35
         235          44
         235          52
         235          60
         235          70
         235          85
         235         101
         235         110
         235         128
         235         136
         235         147
         235         166
         235         174
         235         183
         235         200
         235         208
         235         218
         235         235
         236           5
         236          10
         236          15
         236          21
         236          28
         236          36
         236          45
         236          53
         236          61
         236          71
         236          79
         236          86
         236          96
         236         102
         236         111
         236         123
         236         129
         236         137
         236         148
         236         161
         236         167
         236         175
         236         184
         236         195
         236         201
         236         209
         236         219
         236         230
         236         236
         237           2
         237           6
         237          11
         237          16
         237          22
         237          29
         237          37
         237          46
         237          54
         237          62
         237          72
         237          80
         237          87
         237          93
         237          97
         237         103
         237         112
         237         120
         237         124
         237         130
         237         138
         237         149
         237         158
         237         162
         237         168
         237         176
         237         185
         237         192
         237         196
         237         202
         237         210
         237         220
         237         227
         237         231
         237         237
         238           1
         238           3
         238           7
         238          17
         238          23
         238          38
         238          55
         238          63
         238          73
         238          81
         238          94
         238         104
         238         119
         238         125
         238         139
         238         150
         238         159
         238         169
         238         186
         238         191
         238         197
         238         211
         238         221
         238         228
         238         238
         239           4
         239           8
         239          13
         239          18
         239          24
         239          31
         239          39
         239          48
         239          56
         239          64
         239          74
         239          82
         239          89
         239          95
         239          99
         239         105
         239         114
         239         122
         239         126
         239         132
         239         140
         239         151
         239         160
         239         164
         239         170
         239         178
         239         187
         239         194
         239         198
         239         204
         239         212
         239         222
         239         229
         239         233
         239         239
         240           9
         240          14
         240          19
         240          25
         240          32
         240          40
         240          49
         240          57
         240          65
         240          75
         240          83
         240          90
         240         100
         240         106
         240         115
         240         127
         240         133
         240         141
         240         152
         240         165
         240         171
         240         179
         240         188
         240         199
         240         205
         240         213
         240         223
         240         234
         240         240
         241          26
         241          33
         241          41
         241          50
         241          58
         241          66
         241          76
         241          91
         241         107
         241         116
         241         134
         241         142
         241         153
         241         172
         241         180
         241         189
         241         206
         241         214
         241         224
         241         241
         242          34
         242          43
         242          59
         242          69
         242          84
         242         109
         242         135
         242         146
         242         173
         242         182
         242         207
         242         217
         242         242
         243          20
         243          27
         243          35
         243          44
         243          52
         243          60
         243          70
         243          85
         243         101
         243         110
         243         128
         243         136
         243         147
         243         166
         243         174
         243         183
         243         200
         243         208
         243         218
         243         235
         243         243
         244           5
         244          10
         244          15
         244          21
         244          28
         244          36
         244          45
         244          53
         244          61
         244          71
         244          79
         244          86
         244          96
         244         102
         244         111
         244         123
         244         129
         244         137
         244         148
         244         161
         244         167
         244         175
         244         184
         244         195
         244         201
         244         209
         244         219
         244         230
         244         236
         244         244
         245           2
         245           6
         245          11
         245          16
         245          22
         245          29
         245          37
         245          46
         245          54
         245          62
         245          72
         245          80
         245          87
         245          93
         245          97
         245         103
         245         112
         245         120
         245         124
         245         130
         245         138
         245         149
         245         158
         245         162
         245         168
         245         176
         245         185
         245         192
         245         196
         245         202
         245         210
         245         220
         245         227
         245         231
         245         237
         245         245
         246          12
         246          30
         246          47
         246          88
         246          98
         246         113
         246         121
         246         131
         246         157
         246         163
         246         177
