         204         178
         204         187
         204         194
         204         198
         204         204
         205           9
         205          14
         205          19
         205          25
         205          32
         205          40
         205          49
         205          57
         205          65
         205          75
         205          83
         205          90
         205         100
         205         106
         205         115
         205         127
         205         133
         205         141
         205         152
         205         165
         205         171
         205         179
         205         188
         205         199
         205         205
         206          26
         206          33
         206          41
         206          50
         206          58
         206          66
         206          76
         206          91
         206         107
         206         116
         206         134
