         258         141
         258         152
         258         165
         258         171
         258         179
         258         188
         258         199
         258         205
         258         213
         258         223
         258         234
         258         240
         258         248
         258         258
         259          26
         259          33
         259          41
         259          50
         259          58
         259          66
         259          76
         259          91
         259         107
         259         116
         259         134
         259         142
         259         153
         259         172
         259         180
         259         189
         259         206
         259         214
         259         224
         259         241
         259         249
         259         259
         260          42
         260          51
         260          67
         260          77
         260          92
