Total #files =         10
            #Mij        #Mij_begin          #Mij_end
               1                 1               728
               2               729              1456
               3              1457              2184
               4              2185              2911
               5              2912              3638
               6              3639              4365
               7              4366              5092
               8              5093              5819
               9              5820              6546
              10              6547              7273
