            4324        1 -0.145948848009E-02
            4324        2 -0.900761969329E-03
            4324        3 -0.465212461066E-03
            4324        4 -0.259514340346E-03
            4324        5 -0.154237269795E-03
            4324        6 -0.968719790901E-04
            4324        7 -0.639363590687E-04
            4324        8 -0.436562924619E-04
            4324        9 -0.305589389669E-04
            4324       10 -0.218325905662E-04
            4324       11 -0.159467263512E-04
            4324       12 -0.120115423081E-04
            4324       13 -0.937773724314E-05
            4324       14 -0.754299732948E-05
            4324       15 -0.618877457550E-05
            4324       16 -0.516134955580E-05
            4324       17 -0.435805301054E-05
            4324       18 -0.372609869148E-05
            4324       19 -0.322105160921E-05
            4324       20 -0.280108173678E-05
            4324       21 -0.244022804180E-05
            4324       22 -0.212900522450E-05
            4324       23 -0.185870819756E-05
            4324       24 -0.162121178374E-05
            4324       25 -0.141299627219E-05
            4324       26 -0.123273817125E-05
            4324       27 -0.107912734259E-05
            4324       28 -0.950329281016E-06
            4324       29 -0.842827942155E-06
            4324       30 -0.752770900601E-06
            4324       31 -0.676324594425E-06
            4324       32 -0.610522311303E-06
            4324       33 -0.553652402946E-06
            4324       34 -0.504177209574E-06
            4324       35 -0.460477799010E-06
            4324       36 -0.421548013730E-06
            4324       37 -0.386779176613E-06
            4324       38 -0.355572807489E-06
            4324       39 -0.327381570816E-06
            4324       40 -0.301875041405E-06
            4324       41 -0.278784972289E-06
            4324       42 -0.257845573551E-06
            4324       43 -0.238913487450E-06
            4324       44 -0.222096939461E-06
            4324       45 -0.206663354438E-06
            4324       46 -0.192409678456E-06
            4324       47 -0.179363948904E-06
            4324       48 -0.167407097652E-06
            4324       49 -0.156431758844E-06
            4324       50 -0.146342724666E-06
            4324       51 -0.137055396370E-06
            4324       52 -0.128494453883E-06
            4324       53 -0.120592710256E-06
            4324       54 -0.113290122849E-06
            4324       55 -0.106532937768E-06
            4324       56 -0.100272947896E-06
            4324       57 -0.944668480163E-07
            4324       58 -0.890756730801E-07
            4324       59 -0.840643078990E-07
            4324       60 -0.794010583001E-07
            4324       61 -0.750572752987E-07
            4324       62 -0.710070251050E-07
            4324       63 -0.672267988348E-07
            4324       64 -0.636952566844E-07
            4324       65 -0.603930020845E-07
            4324       66 -0.573023819749E-07
            4324       67 -0.544073098881E-07
            4324       68 -0.516931089823E-07
            4324       69 -0.491463725543E-07
            4324       70 -0.467548398961E-07
            4324       71 -0.445072856409E-07
            4324       72 -0.423934209906E-07
            4324       73 -0.404038054219E-07
            4324       74 -0.385297676511E-07
            4324       75 -0.367633347908E-07
            4324       76 -0.350971687648E-07
            4324       77 -0.335245091658E-07
            4324       78 -0.320391218354E-07
            4324       79 -0.306352525405E-07
            4324       80 -0.293075851873E-07
            4324       81 -0.280512040861E-07
            4324       82 -0.268615598350E-07
            4324       83 -0.257344384400E-07
            4324       84 -0.246659333347E-07
            4324       85 -0.236524199998E-07
            4324       86 -0.226905329161E-07
            4324       87 -0.217771446164E-07
            4324       88 -0.209093466248E-07
            4324       89 -0.200844320954E-07
            4324       90 -0.192998799873E-07
            4324       91 -0.185533406208E-07
            4324       92 -0.178426224880E-07
            4324       93 -0.171656801930E-07
            4324       94 -0.165206034175E-07
            4324       95 -0.159056068168E-07
            4324       96 -0.153190207562E-07
            4324       97 -0.147592828156E-07
            4324       98 -0.142249299880E-07
            4324       99 -0.137145915114E-07
            4324      100 -0.132269822777E-07
            4324      101 -0.127608967670E-07
            4327        1  0.626232113757E-02
            4327        2  0.389386026554E-02
            4327        3  0.226224814142E-02
            4327        4  0.133115751726E-02
            4327        5  0.786549306008E-03
            4327        6  0.459589610854E-03
            4327        7  0.261921719029E-03
            4327        8  0.143704365611E-03
            4327        9  0.740998557640E-04
            4327       10  0.341644534570E-04
            4327       11  0.121442508726E-04
            4327       12  0.671610195908E-06
            4327       13 -0.471537673023E-05
            4327       14 -0.675501997890E-05
            4327       15 -0.705595344613E-05
            4327       16 -0.647312932337E-05
            4327       17 -0.559001232609E-05
            4327       18 -0.465210601221E-05
            4327       19 -0.379593976323E-05
            4327       20 -0.306230893731E-05
            4327       21 -0.246086642803E-05
            4327       22 -0.197714136112E-05
            4327       23 -0.159552047532E-05
            4327       24 -0.130029732371E-05
            4327       25 -0.107502540836E-05
            4327       26 -0.902905321489E-06
            4327       27 -0.767136439579E-06
            4327       28 -0.653833938238E-06
            4327       29 -0.558463374385E-06
            4327       30 -0.478360788211E-06
            4327       31 -0.410872931948E-06
            4327       32 -0.353964088811E-06
            4327       33 -0.305918591025E-06
            4327       34 -0.264897018876E-06
            4327       35 -0.230113063274E-06
            4327       36 -0.200755819127E-06
            4327       37 -0.176112913302E-06
            4327       38 -0.155295456472E-06
            4327       39 -0.137402964884E-06
            4327       40 -0.121989515764E-06
            4327       41 -0.108688341432E-06
            4327       42 -0.970762365674E-07
            4327       43 -0.867838124200E-07
            4327       44 -0.776566370373E-07
            4327       45 -0.696513542690E-07
            4327       46 -0.625887079758E-07
            4327       47 -0.563210516603E-07
            4327       48 -0.507514489808E-07
            4327       49 -0.457957357737E-07
            4327       50 -0.413804238514E-07
            4327       51 -0.374413305256E-07
            4327       52 -0.339223734639E-07
            4327       53 -0.307745161521E-07
            4327       54 -0.279548484362E-07
            4327       55 -0.254257868917E-07
            4327       56 -0.231543806406E-07
            4327       57 -0.211117094150E-07
            4327       58 -0.192723619781E-07
            4327       59 -0.176139843168E-07
            4327       60 -0.161168882846E-07
            4327       61 -0.147637125286E-07
            4327       62 -0.135391285969E-07
            4327       63 -0.124295860582E-07
            4327       64 -0.114230913002E-07
            4327       65 -0.105090154031E-07
            4327       66 -0.967792711695E-08
            4327       67 -0.892144752392E-08
            4327       68 -0.823212344305E-08
            4327       69 -0.760331704310E-08
            4327       70 -0.702910948424E-08
            4327       71 -0.650421671183E-08
            4327       72 -0.602391578620E-08
            4327       73 -0.558398035627E-08
            4327       74 -0.518062407661E-08
            4327       75 -0.481045093244E-08
            4327       76 -0.447041157824E-08
            4327       77 -0.415776491761E-08
            4327       78 -0.387004425553E-08
            4327       79 -0.360502744464E-08
            4327       80 -0.336071052393E-08
            4327       81 -0.313528441449E-08
            4327       82 -0.292711429488E-08
            4327       83 -0.273472132699E-08
            4327       84 -0.255676644698E-08
            4327       85 -0.239203597178E-08
            4327       86 -0.223942880412E-08
            4327       87 -0.209794504615E-08
            4327       88 -0.196667585601E-08
            4327       89 -0.184479440190E-08
            4327       90 -0.173154778687E-08
            4327       91 -0.162624983259E-08
            4327       92 -0.152827462427E-08
            4327       93 -0.143705073070E-08
            4327       94 -0.135205602379E-08
            4327       95 -0.127281303082E-08
            4327       96 -0.119888476072E-08
            4327       97 -0.112987095251E-08
            4327       98 -0.106540470010E-08
            4327       99 -0.100514941274E-08
            4327      100 -0.948796075616E-09
            4327      101 -0.896060778379E-09
            4329        1  0.130712995903E-02
            4329        2  0.822895583745E-03
            4329        3  0.608640197542E-03
            4329        4  0.448025917610E-03
            4329        5  0.334601759561E-03
            4329        6  0.254275908844E-03
            4329        7  0.195905843098E-03
            4329        8  0.152986533722E-03
            4329        9  0.121744726705E-03
            4329       10  0.988615144766E-04
            4329       11  0.813269765993E-04
            4329       12  0.674739899499E-04
            4329       13  0.564714600397E-04
            4329       14  0.476581985472E-04
            4329       15  0.405161700095E-04
            4329       16  0.346933778139E-04
            4329       17  0.299037532989E-04
            4329       18  0.259431325767E-04
            4329       19  0.226405389348E-04
            4329       20  0.198597976681E-04
            4329       21  0.175001060482E-04
            4329       22  0.154947590444E-04
            4329       23  0.137786663313E-04
            4329       24  0.122898830324E-04
            4329       25  0.109914444517E-04
            4329       26  0.985829824873E-05
            4329       27  0.886546626379E-05
            4329       28  0.799045993931E-05
            4329       29  0.721877437070E-05
            4329       30  0.653750173153E-05
            4329       31  0.593378101182E-05
            4329       32  0.539681482109E-05
            4329       33  0.491904647333E-05
            4329       34  0.449389229897E-05
            4329       35  0.411371397213E-05
            4329       36  0.377284536372E-05
            4329       37  0.346691230195E-05
            4329       38  0.319159479004E-05
            4329       39  0.294285915570E-05
            4329       40  0.271784454468E-05
            4329       41  0.251403222051E-05
            4329       42  0.232892535705E-05
            4329       43  0.216054805297E-05
            4329       44  0.200765267585E-05
            4329       45  0.186773518113E-05
            4329       46  0.173959608633E-05
            4329       47  0.162226325880E-05
            4329       48  0.151466322640E-05
            4329       49  0.141584315455E-05
            4329       50  0.132495723763E-05
            4329       51  0.124125318543E-05
            4329       52  0.116406059785E-05
            4329       53  0.109278093930E-05
            4329       54  0.102687887220E-05
            4329       55  0.965874747964E-06
            4329       56  0.909338086395E-06
            4329       57  0.856881901176E-06
            4329       58  0.808157751140E-06
            4329       59  0.762851415816E-06
            4329       60  0.720679108960E-06
            4329       61  0.681384156771E-06
            4329       62  0.644734078306E-06
            4329       63  0.610518014759E-06
            4329       64  0.578544461881E-06
            4329       65  0.548639266385E-06
            4329       66  0.520643852627E-06
            4329       67  0.494413650534E-06
            4329       68  0.469816699749E-06
            4329       69  0.446732408299E-06
            4329       70  0.425050447040E-06
            4329       71  0.404669763568E-06
            4329       72  0.385497701430E-06
            4329       73  0.367449212295E-06
            4329       74  0.350446150307E-06
            4329       75  0.334416639213E-06
            4329       76  0.319294504023E-06
            4329       77  0.305018759966E-06
            4329       78  0.291533152405E-06
            4329       79  0.278785742130E-06
            4329       80  0.266728531102E-06
            4329       81  0.255317124314E-06
            4329       82  0.244510423954E-06
            4329       83  0.234270352444E-06
            4329       84  0.224561601398E-06
            4329       85  0.215351403802E-06
            4329       86  0.206609327067E-06
            4329       87  0.198307084845E-06
            4329       88  0.190418365750E-06
            4329       89  0.182918677293E-06
            4329       90  0.175785203567E-06
            4329       91  0.168996675324E-06
            4329       92  0.162533251289E-06
            4329       93  0.156376409605E-06
            4329       94  0.150508848484E-06
            4329       95  0.144914395197E-06
            4329       96  0.139577922625E-06
            4329       97  0.134485272692E-06
            4329       98  0.129623186048E-06
            4329       99  0.124979237436E-06
            4329      100  0.120541776245E-06
            4329      101  0.116299871795E-06
            4334        1 -0.546716051094E-02
            4334        2 -0.339815129285E-02
            4334        3 -0.201740382759E-02
            4334        4 -0.127574514992E-02
            4334        5 -0.852309098388E-03
            4334        6 -0.596284285970E-03
            4334        7 -0.432659568028E-03
            4334        8 -0.322545582192E-03
            4334        9 -0.246671779788E-03
            4334       10 -0.193273304968E-03
            4334       11 -0.154225224516E-03
            4334       12 -0.124909288571E-03
            4334       13 -0.102641878580E-03
            4334       14 -0.854179590943E-04
            4334       15 -0.718174101419E-04
            4334       16 -0.609613917743E-04
            4334       17 -0.521701093557E-04
            4334       18 -0.449996696360E-04
            4334       19 -0.390871772199E-04
            4334       20 -0.341465826100E-04
            4334       21 -0.299735137885E-04
            4334       22 -0.264426522441E-04
            4334       23 -0.234324230643E-04
            4334       24 -0.208274024066E-04
            4334       25 -0.185610163218E-04
            4334       26 -0.165899860203E-04
            4334       27 -0.148711774253E-04
            4334       28 -0.133652566603E-04
            4334       29 -0.120450763251E-04
            4334       30 -0.108859268458E-04
            4334       31 -0.986319496618E-05
            4334       32 -0.895656691260E-05
            4334       33 -0.815231897042E-05
            4334       34 -0.743839706639E-05
            4334       35 -0.680109957532E-05
            4334       36 -0.623049014145E-05
            4334       37 -0.571909313138E-05
            4334       38 -0.525952648632E-05
            4334       39 -0.484489520749E-05
            4334       40 -0.447030908510E-05
            4334       41 -0.413146127947E-05
            4334       42 -0.382407972648E-05
            4334       43 -0.354446058572E-05
            4334       44 -0.329019134604E-05
            4334       45 -0.305855001525E-05
            4334       46 -0.284697593465E-05
            4334       47 -0.265342236244E-05
            4334       48 -0.247607543955E-05
            4334       49 -0.231333134612E-05
            4334       50 -0.216376861516E-05
            4334       51 -0.202612479642E-05
            4334       52 -0.189927642949E-05
            4334       53 -0.178222181225E-05
            4334       54 -0.167406613783E-05
            4334       55 -0.157400864309E-05
            4334       56 -0.148133147096E-05
            4334       57 -0.139538999597E-05
            4334       58 -0.131560440235E-05
            4334       59 -0.124145233700E-05
            4334       60 -0.117246248702E-05
            4334       61 -0.110820895415E-05
            4334       62 -0.104830631766E-05
            4334       63 -0.992405293411E-06
            4334       64 -0.940188909979E-06
            4334       65 -0.891369134363E-06
            4334       66 -0.845683889216E-06
            4334       67 -0.802894411760E-06
            4334       68 -0.762782911426E-06
            4334       69 -0.725150489106E-06
            4334       70 -0.689815285953E-06
            4334       71 -0.656610833902E-06
            4334       72 -0.625384583773E-06
            4334       73 -0.595996589963E-06
            4334       74 -0.568318333410E-06
            4334       75 -0.542231666871E-06
            4334       76 -0.517627868533E-06
            4334       77 -0.494406791737E-06
            4334       78 -0.472476100075E-06
            4334       79 -0.451750578450E-06
            4334       80 -0.432151511789E-06
            4334       81 -0.413606124118E-06
            4334       82 -0.396047071537E-06
            4334       83 -0.379411983404E-06
            4334       84 -0.363643046693E-06
            4334       85 -0.348686629039E-06
            4334       86 -0.334492936524E-06
            4334       87 -0.321015702675E-06
            4334       88 -0.308211905544E-06
            4334       89 -0.296041510062E-06
            4334       90 -0.284467233224E-06
            4334       91 -0.273454329821E-06
            4334       92 -0.262970396788E-06
            4334       93 -0.252985194369E-06
            4334       94 -0.243470482490E-06
            4334       95 -0.234399870952E-06
            4334       96 -0.225748682129E-06
            4334       97 -0.217493825032E-06
            4334       98 -0.209613679710E-06
            4334       99 -0.202087991033E-06
            4334      100 -0.194897771038E-06
            4334      101 -0.188025209076E-06
            4336        1  0.105256086730E-01
            4336        2  0.653201991204E-02
            4336        3  0.367984921556E-02
            4336        4  0.213137336098E-02
            4336        5  0.125069738877E-02
            4336        6  0.734629983818E-03
            4336        7  0.427559748643E-03
            4336        8  0.243485026907E-03
            4336        9  0.134265911292E-03
            4336       10  0.707423979081E-04
            4336       11  0.342258619173E-04
            4336       12  0.137515678962E-04
            4336       13  0.293720590953E-05
            4336       14 -0.231246492314E-05
            4336       15 -0.451333030045E-05
            4336       16 -0.502428290232E-05
            4336       17 -0.478245900256E-05
            4336       18 -0.420867487839E-05
            4336       19 -0.355638413216E-05
            4336       20 -0.293107205686E-05
            4336       21 -0.238179683112E-05
            4336       22 -0.191159736495E-05
            4336       23 -0.152133331432E-05
            4336       24 -0.121064194059E-05
            4336       25 -0.969452624715E-06
            4336       26 -0.783065328922E-06
            4336       27 -0.636752262557E-06
            4336       28 -0.518092802605E-06
            4336       29 -0.422064948630E-06
            4336       30 -0.345126746771E-06
            4336       31 -0.283749009632E-06
            4336       32 -0.235399455295E-06
            4336       33 -0.197858964748E-06
            4336       34 -0.166360732267E-06
            4336       35 -0.140234223113E-06
            4336       36 -0.118788843095E-06
            4336       37 -0.101241391479E-06
            4336       38 -0.867680663807E-07
            4336       39 -0.746000216147E-07
            4336       40 -0.643426706321E-07
            4336       41 -0.556927332578E-07
            4336       42 -0.483318339446E-07
            4336       43 -0.421193869023E-07
            4336       44 -0.370553122264E-07
            4336       45 -0.324712438969E-07
            4336       46 -0.284102374127E-07
            4336       47 -0.249138735282E-07
            4336       48 -0.218969254416E-07
            4336       49 -0.192871397523E-07
            4336       50 -0.170241032947E-07
            4336       51 -0.150571519255E-07
            4336       52 -0.133436745002E-07
            4336       53 -0.118477326202E-07
            4336       54 -0.105389336188E-07
            4336       55 -0.939150735432E-08
            4336       56 -0.838354759164E-08
            4336       57 -0.749638674077E-08
            4336       58 -0.671407899749E-08
            4336       59 -0.602297187406E-08
            4336       60 -0.541135002271E-08
            4336       61 -0.486913835928E-08
            4336       62 -0.438765396858E-08
            4336       63 -0.395939825076E-08
            4336       64 -0.357788235220E-08
            4336       65 -0.323748019983E-08
            4336       66 -0.293330448547E-08
            4336       67 -0.266110177903E-08
            4336       68 -0.241716362401E-08
            4336       69 -0.219825101774E-08
            4336       70 -0.200153012678E-08
            4336       71 -0.182451745427E-08
            4336       72 -0.166503297623E-08
            4336       73 -0.152116001073E-08
            4336       74 -0.139121078777E-08
            4336       75 -0.127369685509E-08
            4336       76 -0.116730359496E-08
            4336       77 -0.107086824213E-08
            4336       78 -0.983360889167E-09
            4336       79 -0.903868045756E-09
            4336       80 -0.831578384970E-09
            4336       81 -0.765770365884E-09
            4336       82 -0.705801468541E-09
            4336       83 -0.651098816911E-09
            4336       84 -0.601150998550E-09
            4336       85 -0.555500917779E-09
            4336       86 -0.513739542786E-09
            4336       87 -0.475500427134E-09
            4336       88 -0.440454903154E-09
            4336       89 -0.408307859113E-09
            4336       90 -0.378794024342E-09
            4336       91 -0.351674696983E-09
            4336       92 -0.326734857959E-09
            4336       93 -0.303780622410E-09
            4336       94 -0.282636986370E-09
            4336       95 -0.263145832121E-09
            4336       96 -0.245164160420E-09
            4336       97 -0.228562522039E-09
            4336       98 -0.213223624503E-09
            4336       99 -0.199041093155E-09
            4336      100 -0.185918368204E-09
            4336      101 -0.173767721801E-09
            4338        1 -0.541538479196E-02
            4338        2 -0.336505018299E-02
            4338        3 -0.198255723678E-02
            4338        4 -0.123625572352E-02
            4338        5 -0.808536078376E-03
            4338        6 -0.549630603075E-03
            4338        7 -0.385466009698E-03
            4338        8 -0.276907914737E-03
            4338        9 -0.204067233058E-03
            4338       10 -0.154436403307E-03
            4338       11 -0.119094324859E-03
            4338       12 -0.931422426763E-04
            4338       13 -0.739063895135E-04
            4338       14 -0.594219164826E-04
            4338       15 -0.483049387215E-04
            4338       16 -0.396725044654E-04
            4338       17 -0.328448795406E-04
            4338       18 -0.274104144465E-04
            4338       19 -0.230419288145E-04
            4338       20 -0.194870317368E-04
            4338       21 -0.165659154427E-04
            4338       22 -0.141684346631E-04
            4338       23 -0.121877430143E-04
            4338       24 -0.105224002502E-04
            4338       25 -0.911390000226E-05
            4338       26 -0.792420987618E-05
            4338       27 -0.691542484841E-05
            4338       28 -0.605353675858E-05
            4338       29 -0.531703390321E-05
            4338       30 -0.468690441412E-05
            4338       31 -0.414421873495E-05
            4338       32 -0.367368386965E-05
            4338       33 -0.326568217006E-05
            4338       34 -0.291228272960E-05
            4338       35 -0.260373919895E-05
            4338       36 -0.233328801153E-05
            4338       37 -0.209612589833E-05
            4338       38 -0.188752319370E-05
            4338       39 -0.170308928936E-05
            4338       40 -0.153981526584E-05
            4338       41 -0.139509513921E-05
            4338       42 -0.126634783514E-05
            4338       43 -0.115143813131E-05
            4338       44 -0.104907976430E-05
            4338       45 -0.957427844598E-06
            4338       46 -0.875149911753E-06
            4338       47 -0.801214223630E-06
            4338       48 -0.734650757874E-06
            4338       49 -0.674615864376E-06
            4338       50 -0.620374457124E-06
            4338       51 -0.571284546326E-06
            4338       52 -0.526784180994E-06
            4338       53 -0.486380395164E-06
            4338       54 -0.449639824662E-06
            4338       55 -0.416180720839E-06
            4338       56 -0.385666135864E-06
            4338       57 -0.357798093266E-06
            4338       58 -0.332312589261E-06
            4338       59 -0.308975296469E-06
            4338       60 -0.287577862945E-06
            4338       61 -0.267934717056E-06
            4338       62 -0.249880303131E-06
            4338       63 -0.233266684906E-06
            4338       64 -0.217961463590E-06
            4338       65 -0.203845965735E-06
            4338       66 -0.190813662952E-06
            4338       67 -0.178768791214E-06
            4338       68 -0.167625142413E-06
            4338       69 -0.157305004784E-06
            4338       70 -0.147738232294E-06
            4338       71 -0.138861425925E-06
            4338       72 -0.130617212229E-06
            4338       73 -0.122953606592E-06
            4338       74 -0.115823450400E-06
            4338       75 -0.109183912763E-06
            4338       76 -0.102996048769E-06
            4338       77 -0.972244072620E-07
            4338       78 -0.918366821367E-07
            4338       79 -0.868034018670E-07
            4338       80 -0.820976527297E-07
            4338       81 -0.776948317308E-07
            4338       82 -0.735724257703E-07
            4338       83 -0.697098140127E-07
            4338       84 -0.660880908054E-07
            4338       85 -0.626899068234E-07
            4338       86 -0.594993263946E-07
            4338       87 -0.565016992118E-07
            4338       88 -0.536835448526E-07
            4338       89 -0.510324487127E-07
            4338       90 -0.485369681256E-07
            4338       91 -0.461865475816E-07
            4338       92 -0.439714420842E-07
            4338       93 -0.418826477962E-07
            4338       94 -0.399118392163E-07
            4338       95 -0.380513122172E-07
            4338       96 -0.362939323517E-07
            4338       97 -0.346330878919E-07
            4338       98 -0.330626471305E-07
            4338       99 -0.315769195252E-07
            4338      100 -0.301706203046E-07
            4338      101 -0.288388382017E-07
            4340        1 -0.795643980401E-02
            4340        2 -0.493905621088E-02
            4340        3 -0.275953719898E-02
            4340        4 -0.154727141678E-02
            4340        5 -0.856440904807E-03
            4340        6 -0.460707565883E-03
            4340        7 -0.235684927518E-03
            4340        8 -0.109690051995E-03
            4340        9 -0.413094666128E-04
            4340       10 -0.617113984145E-05
            4340       11  0.102508178630E-04
            4340       12  0.164958875167E-04
            4340       13  0.174879266696E-04
            4340       14  0.160560628459E-04
            4340       15  0.137574930441E-04
            4340       16  0.112963727360E-04
            4340       17  0.908969759426E-05
            4340       18  0.722818042140E-05
            4340       19  0.571961164578E-05
            4340       20  0.451506145514E-05
            4340       21  0.356565894806E-05
            4340       22  0.282773352995E-05
            4340       23  0.225786086806E-05
            4340       24  0.181441603951E-05
            4340       25  0.147006447863E-05
            4340       26  0.120428629450E-05
            4340       27  0.996604540299E-06
            4340       28  0.829511866060E-06
            4340       29  0.695023821654E-06
            4340       30  0.587060951457E-06
            4340       31  0.499573708097E-06
            4340       32  0.428119011519E-06
            4340       33  0.369860999519E-06
            4340       34  0.320937280493E-06
            4340       35  0.279632164395E-06
            4340       36  0.244682184191E-06
            4340       37  0.215118575533E-06
            4340       38  0.189897166033E-06
            4340       39  0.168029572910E-06
            4340       40  0.149015005566E-06
            4340       41  0.132465195113E-06
            4340       42  0.117964049305E-06
            4340       43  0.105138398008E-06
            4340       44  0.937920308539E-07
            4340       45  0.839122283789E-07
            4340       46  0.752547121507E-07
            4340       47  0.676190694695E-07
            4340       48  0.608699694866E-07
            4340       49  0.548921446838E-07
            4340       50  0.495868389010E-07
            4340       51  0.448692346969E-07
            4340       52  0.406663122408E-07
            4340       53  0.369150624770E-07
            4340       54  0.335609919550E-07
            4340       55  0.305568684504E-07
            4340       56  0.278616659203E-07
            4340       57  0.254396749056E-07
            4340       58  0.232597506174E-07
            4340       59  0.212946758932E-07
            4340       60  0.195206202250E-07
            4340       61  0.179166793360E-07
            4340       62  0.164644824487E-07
            4340       63  0.151478565739E-07
            4340       64  0.139525389392E-07
            4340       65  0.128659301490E-07
            4340       66  0.118768818850E-07
            4340       67  0.109755139560E-07
            4340       68  0.101530563399E-07
            4340       69  0.940171254957E-08
            4340       70  0.871454122921E-08
            4340       71  0.808535336612E-08
            4340       72  0.750862290398E-08
            4340       73  0.697940887798E-08
            4340       74  0.649328747441E-08
            4340       75  0.604629265332E-08
            4340       76  0.563486417303E-08
            4340       77  0.525580202275E-08
            4340       78  0.490622641300E-08
            4340       79  0.458354259345E-08
            4340       80  0.428540987109E-08
            4340       81  0.400971428809E-08
            4340       82  0.375454449381E-08
            4340       83  0.351817040825E-08
            4340       84  0.329902432896E-08
            4340       85  0.309568417958E-08
            4340       86  0.290685863834E-08
            4340       87  0.273137391878E-08
            4340       88  0.256816200487E-08
            4340       89  0.241625016774E-08
            4340       90  0.227475161341E-08
            4340       91  0.214285712994E-08
            4340       92  0.201982761840E-08
            4340       93  0.190498740713E-08
            4340       94  0.179771826024E-08
            4340       95  0.169745400267E-08
            4340       96  0.160367569324E-08
            4340       97  0.151590728539E-08
            4340       98  0.143371172226E-08
            4340       99  0.135668741929E-08
            4340      100  0.128446509264E-08
            4340      101  0.121670489684E-08
            4342        1  0.903635728324E-02
            4342        2  0.558622389788E-02
            4342        3  0.291776593654E-02
            4342        4  0.159200115442E-02
            4342        5  0.895525156411E-03
            4342        6  0.513516997382E-03
            4342        7  0.298748473557E-03
            4342        8  0.174838844391E-03
            4342        9  0.102531486201E-03
            4342       10  0.602364869343E-04
            4342       11  0.355025602934E-04
            4342       12  0.211778076453E-04
            4342       13  0.130356079723E-04
            4342       14  0.845236948921E-05
            4342       15  0.586129491141E-05
            4342       16  0.443463868139E-05
            4342       17  0.360298420266E-05
            4342       18  0.310086015365E-05
            4342       19  0.275733488341E-05
            4342       20  0.248289074379E-05
            4342       21  0.223317181353E-05
            4342       22  0.200400693801E-05
            4342       23  0.179312792229E-05
            4342       24  0.159854613353E-05
            4342       25  0.142049313461E-05
            4342       26  0.126025923812E-05
            4342       27  0.111914098106E-05
            4342       28  0.997533670475E-06
            4342       29  0.892942550251E-06
            4342       30  0.802294725843E-06
            4342       31  0.722535136639E-06
            4342       32  0.651343828067E-06
            4342       33  0.587716509886E-06
            4342       34  0.531313400869E-06
            4342       35  0.480857927012E-06
            4342       36  0.435546859158E-06
            4342       37  0.394890836840E-06
            4342       38  0.358433329780E-06
            4342       39  0.325747704096E-06
            4342       40  0.296455915875E-06
            4342       41  0.270202878374E-06
            4342       42  0.246645223153E-06
            4342       43  0.225452227517E-06
            4342       44  0.206393890947E-06
            4342       45  0.189284776996E-06
            4342       46  0.173844535127E-06
            4342       47  0.159872762763E-06
            4342       48  0.147211569763E-06
            4342       49  0.135721934623E-06
            4342       50  0.125281096079E-06
            4342       51  0.115780503228E-06
            4342       52  0.107124037634E-06
            4342       53  0.992264705789E-07
            4342       54  0.920121234750E-07
            4342       55  0.854137037178E-07
            4342       56  0.793712920563E-07
            4342       57  0.738314608428E-07
            4342       58  0.687465053934E-07
            4342       59  0.640737731642E-07
            4342       60  0.597750775833E-07
            4342       61  0.558161852233E-07
            4342       62  0.521663665540E-07
            4342       63  0.487980019011E-07
            4342       64  0.456862353665E-07
            4342       65  0.428086704802E-07
            4342       66  0.401451022069E-07
            4342       67  0.376772806499E-07
            4342       68  0.353887024389E-07
            4342       69  0.332644263195E-07
            4342       70  0.312909099286E-07
            4342       71  0.294558651391E-07
            4342       72  0.277481297007E-07
            4342       73  0.261575532002E-07
            4342       74  0.246748956201E-07
            4342       75  0.232917369941E-07
            4342       76  0.220003968509E-07
            4342       77  0.207938623005E-07
            4342       78  0.196657237622E-07
            4342       79  0.186101174565E-07
            4342       80  0.176216738910E-07
            4342       81  0.166954716655E-07
            4342       82  0.158269960007E-07
            4342       83  0.150121014695E-07
            4342       84  0.142469784668E-07
            4342       85  0.135281230154E-07
            4342       86  0.128523095445E-07
            4342       87  0.122165663262E-07
            4342       88  0.116181532877E-07
            4342       89  0.110545419494E-07
            4342       90  0.105233972690E-07
            4342       91  0.100225611946E-07
            4342       92  0.955003775150E-08
            4342       93  0.910397950884E-08
            4342       94  0.868267528621E-08
            4342       95  0.828453897726E-08
            4342       96  0.790809938018E-08
            4342       97  0.755199093639E-08
            4342       98  0.721494528876E-08
            4342       99  0.689578358167E-08
            4342      100  0.659340943083E-08
            4342      101  0.630680249997E-08
            4345        1 -0.138171377352E-01
            4345        2 -0.860862009789E-02
            4345        3 -0.525075708625E-02
            4345        4 -0.324400040494E-02
            4345        5 -0.200760443169E-02
            4345        6 -0.123456031426E-02
            4345        7 -0.748629349940E-03
            4345        8 -0.443689793457E-03
            4345        9 -0.254798812980E-03
            4345       10 -0.140071367189E-03
            4345       11 -0.716692392556E-04
            4345       12 -0.320013895264E-04
            4345       13 -0.100730141675E-04
            4345       14  0.129235543784E-05
            4345       15  0.662513537608E-05
            4345       16  0.846839869984E-05
            4345       17  0.861276027407E-05
            4345       18  0.791050187474E-05
            4345       19  0.690247828375E-05
            4345       20  0.584833335813E-05
            4345       21  0.487894520957E-05
            4345       22  0.401506292127E-05
            4345       23  0.327222038873E-05
            4345       24  0.266288045105E-05
            4345       25  0.217511656670E-05
            4345       26  0.178537157545E-05
            4345       27  0.147001787043E-05
            4345       28  0.120902519782E-05
            4345       29  0.993899291334E-06
            4345       30  0.818453584371E-06
            4345       31  0.676515329970E-06
            4345       32  0.563284156132E-06
            4345       33  0.473785201587E-06
            4345       34  0.398717017168E-06
            4345       35  0.336145619300E-06
            4345       36  0.284379701048E-06
            4345       37  0.241818121614E-06
            4345       38  0.206692869091E-06
            4345       39  0.177293451570E-06
            4345       40  0.152675356072E-06
            4345       41  0.132057759916E-06
            4345       42  0.114600985366E-06
            4345       43  0.996425307209E-07
            4345       44  0.868762475723E-07
            4345       45  0.759006417882E-07
            4345       46  0.664583651970E-07
            4345       47  0.583198862846E-07
            4345       48  0.512878473296E-07
            4345       49  0.451974528601E-07
            4345       50  0.399105135829E-07
            4345       51  0.353108304594E-07
            4345       52  0.313004330912E-07
            4345       53  0.277965047778E-07
            4345       54  0.247288612995E-07
            4345       55  0.220378776365E-07
            4345       56  0.196727781601E-07
            4345       57  0.175902226498E-07
            4345       58  0.157531337827E-07
            4345       59  0.141297222915E-07
            4345       60  0.126926743835E-07
            4345       61  0.114184727169E-07
            4345       62  0.102868275975E-07
            4345       63  0.928019937276E-08
            4345       64  0.838339647143E-08
            4345       65  0.758323634318E-08
            4345       66  0.686825882563E-08
            4345       67  0.622848331076E-08
            4345       68  0.565520258706E-08
            4345       69  0.514080745936E-08
            4345       70  0.467863725376E-08
            4345       71  0.426285213843E-08
            4345       72  0.388832386905E-08
            4345       73  0.355054212593E-08
            4345       74  0.324553407200E-08
            4345       75  0.296979514248E-08
            4345       76  0.272022939469E-08
            4345       77  0.249409800997E-08
            4345       78  0.228897476013E-08
            4345       79  0.210270743345E-08
            4345       80  0.193338436994E-08
            4345       81  0.177930538400E-08
            4345       82  0.163895646054E-08
            4345       83  0.151098770222E-08
            4345       84  0.139419408209E-08
            4345       85  0.128749862051E-08
            4345       86  0.118993766067E-08
            4345       87  0.110064796305E-08
            4345       88  0.101885537900E-08
            4345       89  0.943864897101E-09
            4345       90  0.875051884625E-09
            4345       91  0.811854370835E-09
            4345       92  0.753766239738E-09
            4345       93  0.700331217831E-09
            4345       94  0.651137557603E-09
            4345       95  0.605813330795E-09
            4345       96  0.564022256669E-09
            4345       97  0.525460000309E-09
            4345       98  0.489850884330E-09
            4345       99  0.456944964685E-09
            4345      100  0.426515427434E-09
            4345      101  0.398356268823E-09
            4347        1  0.107150242466E-01
            4347        2  0.666060077787E-02
            4347        3  0.389000371624E-02
            4347        4  0.233666621364E-02
            4347        5  0.142687696285E-02
            4347        6  0.878579750990E-03
            4347        7  0.542173986818E-03
            4347        8  0.333672676277E-03
            4347        9  0.205457690012E-03
            4347       10  0.127572956567E-03
            4347       11  0.799940456599E-04
            4347       12  0.508671704601E-04
            4347       13  0.332855313658E-04
            4347       14  0.227232254788E-04
            4347       15  0.163302346210E-04
            4347       16  0.124925359595E-04
            4347       17  0.100615751858E-04
            4347       18  0.847653459109E-05
            4347       19  0.736615772844E-05
            4347       20  0.652709938356E-05
            4347       21  0.584407756740E-05
            4347       22  0.527933907920E-05
            4347       23  0.479880211336E-05
            4347       24  0.437082051349E-05
            4347       25  0.398309129558E-05
            4347       26  0.363253569786E-05
            4347       27  0.331613175961E-05
            4347       28  0.303083612863E-05
            4347       29  0.277353685424E-05
            4347       30  0.254110826312E-05
            4347       31  0.233043650069E-05
            4347       32  0.213864706914E-05
            4347       33  0.196408896556E-05
            4347       34  0.180708988982E-05
            4347       35  0.166489323267E-05
            4347       36  0.153564018272E-05
            4347       37  0.141809093919E-05
            4347       38  0.131108309980E-05
            4347       39  0.121354347575E-05
            4347       40  0.112458860566E-05
            4347       41  0.104341092385E-05
            4347       42  0.969231962300E-06
            4347       43  0.901496182152E-06
            4347       44  0.839930092518E-06
            4347       45  0.783220599839E-06
            4347       46  0.730951233027E-06
            4347       47  0.682894699499E-06
            4347       48  0.638661935000E-06
            4347       49  0.597901761879E-06
            4347       50  0.560298865517E-06
            4347       51  0.525569863898E-06
            4347       52  0.493459819585E-06
            4347       53  0.463739146823E-06
            4347       54  0.436200870289E-06
            4347       55  0.410658195780E-06
            4347       56  0.386942357242E-06
            4347       57  0.364900708119E-06
            4347       58  0.344395028522E-06
            4347       59  0.325300023008E-06
            4347       60  0.307501986581E-06
            4347       61  0.290897619199E-06
            4347       62  0.275392971368E-06
            4347       63  0.260902505531E-06
            4347       64  0.247348259747E-06
            4347       65  0.234659101815E-06
            4347       66  0.222770063406E-06
            4347       67  0.211621745027E-06
            4347       68  0.201159783747E-06
            4347       69  0.191334376577E-06
            4347       70  0.182099853243E-06
            4347       71  0.173414292851E-06
            4347       72  0.165239179559E-06
            4347       73  0.157539092994E-06
            4347       74  0.150281429603E-06
            4347       75  0.143436151605E-06
            4347       76  0.136975560572E-06
            4347       77  0.130874093027E-06
            4347       78  0.125108135729E-06
            4347       79  0.119655858586E-06
            4347       80  0.114497063370E-06
            4347       81  0.109613046607E-06
            4347       82  0.104986475188E-06
            4347       83  0.100601273431E-06
            4347       84  0.964425204331E-07
            4347       85  0.924963566885E-07
            4347       86  0.887498990722E-07
            4347       87  0.851911633582E-07
            4347       88  0.818089935514E-07
            4347       89  0.785929973716E-07
            4347       90  0.755334873134E-07
            4347       91  0.726214267427E-07
            4347       92  0.698483805724E-07
            4347       93  0.672064700808E-07
            4347       94  0.646883314970E-07
            4347       95  0.622870780088E-07
            4347       96  0.599962648819E-07
            4347       97  0.578098574133E-07
            4347       98  0.557222014655E-07
            4347       99  0.537279963508E-07
            4347      100  0.518222698663E-07
            4347      101  0.500003552873E-07
            4349        1  0.945127619386E-03
            4349        2  0.568907215653E-03
            4349        3  0.127307255047E-03
            4349        4 -0.208674177000E-04
            4349        5 -0.631587844437E-04
            4349        6 -0.678774626684E-04
            4349        7 -0.593630359289E-04
            4349        8 -0.480760553950E-04
            4349        9 -0.380462655081E-04
            4349       10 -0.301859736328E-04
            4349       11 -0.240733300245E-04
            4349       12 -0.192686489711E-04
            4349       13 -0.155034194883E-04
            4349       14 -0.125639147207E-04
            4349       15 -0.102763943629E-04
            4349       16 -0.849391666550E-05
            4349       17 -0.708961202060E-05
            4349       18 -0.597398183284E-05
            4349       19 -0.507572068711E-05
            4349       20 -0.434406093406E-05
            4349       21 -0.374273801863E-05
            4349       22 -0.324890015552E-05
            4349       23 -0.284033072449E-05
            4349       24 -0.249592019897E-05
            4349       25 -0.220335124801E-05
            4349       26 -0.195449929478E-05
            4349       27 -0.174126588696E-05
            4349       28 -0.155647547848E-05
            4349       29 -0.139591209788E-05
            4349       30 -0.125595181746E-05
            4349       31 -0.113298829394E-05
            4349       32 -0.102420469075E-05
            4349       33 -0.927979863005E-06
            4349       34 -0.842971665866E-06
            4349       35 -0.767556189234E-06
            4349       36 -0.700482387427E-06
            4349       37 -0.640744969355E-06
            4349       38 -0.587349785989E-06
            4349       39 -0.539376132111E-06
            4349       40 -0.496208573904E-06
            4349       41 -0.457319952109E-06
            4349       42 -0.422187476911E-06
            4349       43 -0.390364578816E-06
            4349       44 -0.361655060404E-06
            4349       45 -0.335611130360E-06
            4349       46 -0.311848195804E-06
            4349       47 -0.290159533978E-06
            4349       48 -0.270331593371E-06
            4349       49 -0.252175600990E-06
            4349       50 -0.235524778584E-06
            4349       51 -0.220231461904E-06
            4349       52 -0.206164637185E-06
            4349       53 -0.193207828883E-06
            4349       54 -0.181257283983E-06
            4349       55 -0.170220407374E-06
            4349       56 -0.160014410359E-06
            4349       57 -0.150565140555E-06
            4349       58 -0.141806066541E-06
            4349       59 -0.133677394864E-06
            4349       60 -0.126125300532E-06
            4349       61 -0.119101254995E-06
            4349       62 -0.112561438112E-06
            4349       63 -0.106466222591E-06
            4349       64 -0.100779721109E-06
            4349       65 -0.954693877713E-07
            4349       66 -0.905056667493E-07
            4349       67 -0.858616819738E-07
            4349       68 -0.815129626234E-07
            4349       69 -0.774371998750E-07
            4349       70 -0.736140310076E-07
            4349       71 -0.700248474854E-07
            4349       72 -0.666526240921E-07
            4349       73 -0.634817665835E-07
            4349       74 -0.604979756518E-07
            4349       75 -0.576881252833E-07
            4349       76 -0.550401538363E-07
            4349       77 -0.525429663764E-07
            4349       78 -0.501863469905E-07
            4349       79 -0.479608799595E-07
            4349       80 -0.458578788036E-07
            4349       81 -0.438693223374E-07
            4349       82 -0.419877969724E-07
            4349       83 -0.402064445936E-07
            4349       84 -0.385189154223E-07
            4349       85 -0.369193253345E-07
            4349       86 -0.354022171751E-07
            4349       87 -0.339625256561E-07
            4349       88 -0.325955454711E-07
            4349       89 -0.312969023032E-07
            4349       90 -0.300625264380E-07
            4349       91 -0.288886287207E-07
            4349       92 -0.277716786323E-07
            4349       93 -0.267083842760E-07
            4349       94 -0.256956740909E-07
            4349       95 -0.247306801305E-07
            4349       96 -0.238107227559E-07
            4349       97 -0.229332966147E-07
            4349       98 -0.220960577838E-07
            4349       99 -0.212968119714E-07
            4349      100 -0.205335036816E-07
            4349      101 -0.198042062547E-07
            4352        1  0.958086662347E-02
            4352        2  0.594044937759E-02
            4352        3  0.321741601469E-02
            4352        4  0.173538207604E-02
            4352        5  0.913455067923E-03
            4352        6  0.458988152905E-03
            4352        7  0.211917642387E-03
            4352        8  0.817351907524E-04
            4352        9  0.171362378189E-04
            4352       10 -0.115274749891E-04
            4352       11 -0.217455984539E-04
            4352       12 -0.231187538175E-04
            4352       13 -0.206226002028E-04
            4352       14 -0.168535428601E-04
            4352       15 -0.130366214441E-04
            4352       16 -0.966288370476E-05
            4352       17 -0.698038591765E-05
            4352       18 -0.493586401559E-05
            4352       19 -0.342460925839E-05
            4352       20 -0.232929438057E-05
            4352       21 -0.155391837810E-05
            4352       22 -0.102608214469E-05
            4352       23 -0.674504247719E-06
            4352       24 -0.432052359775E-06
            4352       25 -0.264545064229E-06
            4352       26 -0.153514319315E-06
            4352       27 -0.805898274274E-07
            4352       28 -0.303607513755E-07
            4352       29  0.309335173831E-08
            4352       30  0.237944328416E-07
            4352       31  0.357410237706E-07
            4352       32  0.414146159581E-07
            4352       33  0.424276650212E-07
            4352       34  0.427483720843E-07
            4352       35  0.421037943430E-07
            4352       36  0.405152514045E-07
            4352       37  0.382159845750E-07
            4352       38  0.355759920982E-07
            4352       39  0.329806052015E-07
            4352       40  0.304804656846E-07
            4352       41  0.280749092732E-07
            4352       42  0.258144543249E-07
            4352       43  0.237929351546E-07
            4352       44  0.220444288805E-07
            4352       45  0.203304021397E-07
            4352       46  0.187085437808E-07
            4352       47  0.172339335389E-07
            4352       48  0.158920723738E-07
            4352       49  0.146693990832E-07
            4352       50  0.135539415896E-07
            4352       51  0.125350978393E-07
            4352       52  0.116034531057E-07
            4352       53  0.107506264259E-07
            4352       54  0.996914058423E-08
            4352       55  0.925231131249E-08
            4352       56  0.859415231330E-08
            4352       57  0.798929341988E-08
            4352       58  0.743290974665E-08
            4352       59  0.692066010076E-08
            4352       60  0.644863324535E-08
            4352       61  0.601330085888E-08
            4352       62  0.561147623491E-08
            4352       63  0.524027792532E-08
            4352       64  0.489709765905E-08
            4352       65  0.457957197204E-08
            4352       66  0.428555707000E-08
            4352       67  0.401310651477E-08
            4352       68  0.376045138486E-08
            4352       69  0.352598260814E-08
            4352       70  0.330823520680E-08
            4352       71  0.310587422803E-08
            4352       72  0.291768216495E-08
            4352       73  0.274254769580E-08
            4352       74  0.257945559225E-08
            4352       75  0.242747766525E-08
            4352       76  0.228576463355E-08
            4352       77  0.215353881331E-08
            4352       78  0.203008753975E-08
            4352       79  0.191475724168E-08
            4352       80  0.180694809963E-08
            4352       81  0.170610922545E-08
            4352       82  0.161173430894E-08
            4352       83  0.152335768294E-08
            4352       84  0.144055076358E-08
            4352       85  0.136291882741E-08
            4352       86  0.129009809123E-08
            4352       87  0.122175306404E-08
            4352       88  0.115757414400E-08
            4352       89  0.109727543597E-08
            4352       90  0.104059276810E-08
            4352       91  0.987281887795E-09
            4352       92  0.937116819712E-09
            4352       93  0.889888370331E-09
            4352       94  0.845402764796E-09
            4352       95  0.803480403671E-09
            4352       96  0.763954728215E-09
            4352       97  0.726671184008E-09
            4352       98  0.691486273791E-09
            4352       99  0.658266691250E-09
            4352      100  0.626888528344E-09
            4352      101  0.597236549450E-09
            4354        1 -0.456587512114E-02
            4354        2 -0.283273714191E-02
            4354        3 -0.159100670465E-02
            4354        4 -0.925761159390E-03
            4354        5 -0.552861504566E-03
            4354        6 -0.337363499823E-03
            4354        7 -0.210178135197E-03
            4354        8 -0.133556024862E-03
            4354        9 -0.871079119758E-04
            4354       10 -0.588114480620E-04
            4354       11 -0.411059286447E-04
            4354       12 -0.297499376729E-04
            4354       13 -0.223595521325E-04
            4354       14 -0.174010824839E-04
            4354       15 -0.139334859754E-04
            4354       16 -0.114351006467E-04
            4354       17 -0.953774175337E-05
            4354       18 -0.806484721931E-05
            4354       19 -0.689023808109E-05
            4354       20 -0.592495186946E-05
            4354       21 -0.511262126317E-05
            4354       22 -0.442783361976E-05
            4354       23 -0.384664216338E-05
            4354       24 -0.334637726167E-05
            4354       25 -0.291451196143E-05
            4354       26 -0.254335607161E-05
            4354       27 -0.222524929176E-05
            4354       28 -0.195284483288E-05
            4354       29 -0.171980127420E-05
            4354       30 -0.151997831234E-05
            4354       31 -0.134726380092E-05
            4354       32 -0.119670197014E-05
            4354       33 -0.106541646987E-05
            4354       34 -0.951616297712E-06
            4354       35 -0.852015173065E-06
            4354       36 -0.764415521047E-06
            4354       37 -0.687338584649E-06
            4354       38 -0.619359463482E-06
            4354       39 -0.559164418417E-06
            4354       40 -0.505806594485E-06
            4354       41 -0.458456189329E-06
            4354       42 -0.416302140730E-06
            4354       43 -0.378583919843E-06
            4354       44 -0.344782485100E-06
            4354       45 -0.314691463451E-06
            4354       46 -0.287758243010E-06
            4354       47 -0.263540945541E-06
            4354       48 -0.241725127534E-06
            4354       49 -0.222037931124E-06
            4354       50 -0.204241302338E-06
            4354       51 -0.188127084379E-06
            4354       52 -0.173512866170E-06
            4354       53 -0.160238460495E-06
            4354       54 -0.148162908475E-06
            4354       55 -0.137161925293E-06
            4354       56 -0.127125716840E-06
            4354       57 -0.117957108972E-06
            4354       58 -0.109569940933E-06
            4354       59 -0.101887682533E-06
            4354       60 -0.948422413220E-07
            4354       61 -0.883729314914E-07
            4354       62 -0.824255807163E-07
            4354       63 -0.769517549513E-07
            4354       64 -0.719080842788E-07
            4354       65 -0.672556755267E-07
            4354       66 -0.629595995468E-07
            4354       67 -0.589884428466E-07
            4354       68 -0.553139148189E-07
            4354       69 -0.519105030813E-07
            4354       70 -0.487551705308E-07
            4354       71 -0.458270886287E-07
            4354       72 -0.431074022143E-07
            4354       73 -0.405790217952E-07
            4354       74 -0.382264398301E-07
            4354       75 -0.360355679909E-07
            4354       76 -0.339935928018E-07
            4354       77 -0.320888474000E-07
            4354       78 -0.303106974606E-07
            4354       79 -0.286494395848E-07
            4354       80 -0.270962106709E-07
            4354       81 -0.256429069779E-07
            4354       82 -0.242821117528E-07
            4354       83 -0.230070304381E-07
            4354       84 -0.218114325930E-07
            4354       85 -0.206895997743E-07
            4354       86 -0.196362787096E-07
            4354       87 -0.186466391781E-07
            4354       88 -0.177162360855E-07
            4354       89 -0.168409752760E-07
            4354       90 -0.160170826827E-07
            4354       91 -0.152410764600E-07
            4354       92 -0.145097417844E-07
            4354       93 -0.138201080463E-07
            4354       94 -0.131694281849E-07
            4354       95 -0.125551599467E-07
            4354       96 -0.119749488732E-07
            4354       97 -0.114266128440E-07
            4354       98 -0.109081280192E-07
            4354       99 -0.104176160449E-07
            4354      100 -0.995333239646E-08
            4354      101 -0.951365575001E-08
            4358        1 -0.887417043984E-02
            4358        2 -0.552924642013E-02
            4358        3 -0.337214571619E-02
            4358        4 -0.208853908493E-02
            4358        5 -0.130214434040E-02
            4358        6 -0.811871533086E-03
            4358        7 -0.503492032142E-03
            4358        8 -0.309292828986E-03
            4358        9 -0.188240975745E-03
            4358       10 -0.113869332934E-03
            4358       11 -0.684696419186E-04
            4358       12 -0.410135719412E-04
            4358       13 -0.247659515292E-04
            4358       14 -0.153404535570E-04
            4358       15 -0.994033273625E-05
            4358       16 -0.697980925486E-05
            4358       17 -0.533027543110E-05
            4358       18 -0.442957844104E-05
            4358       19 -0.391144980023E-05
            4358       20 -0.359167363103E-05
            4358       21 -0.336596233377E-05
            4358       22 -0.319770908192E-05
            4358       23 -0.305351208895E-05
            4358       24 -0.290309917485E-05
            4358       25 -0.274105252697E-05
            4358       26 -0.257380669078E-05
            4358       27 -0.240786875228E-05
            4358       28 -0.224836619044E-05
            4358       29 -0.209600236166E-05
            4358       30 -0.195059560527E-05
            4358       31 -0.181196891926E-05
            4358       32 -0.167961707095E-05
            4358       33 -0.155411727060E-05
            4358       34 -0.143944879248E-05
            4358       35 -0.133410246684E-05
            4358       36 -0.123705513811E-05
            4358       37 -0.114766790455E-05
            4358       38 -0.106541290800E-05
            4358       39 -0.989821337694E-06
            4358       40 -0.920365039416E-06
            4358       41 -0.856532663719E-06
            4358       42 -0.797853479684E-06
            4358       43 -0.743819151845E-06
            4358       44 -0.693868190067E-06
            4358       45 -0.648017620858E-06
            4358       46 -0.605884439772E-06
            4358       47 -0.567027947472E-06
            4358       48 -0.531157461942E-06
            4358       49 -0.498011599905E-06
            4358       50 -0.467353927842E-06
            4358       51 -0.438970491529E-06
            4358       52 -0.412667578499E-06
            4358       53 -0.388269697550E-06
            4358       54 -0.365617758448E-06
            4358       55 -0.344567434735E-06
            4358       56 -0.324987693104E-06
            4358       57 -0.306759473545E-06
            4358       58 -0.289774505429E-06
            4358       59 -0.273934245925E-06
            4358       60 -0.259148928192E-06
            4358       61 -0.245336707949E-06
            4358       62 -0.232422898123E-06
            4358       63 -0.220339282249E-06
            4358       64 -0.209023498290E-06
            4358       65 -0.198418485369E-06
            4358       66 -0.188471986723E-06
            4358       67 -0.179136102885E-06
            4358       68 -0.170366889767E-06
            4358       69 -0.162123996860E-06
            4358       70 -0.154370341331E-06
            4358       71 -0.147071814222E-06
            4358       72 -0.140197015385E-06
            4358       73 -0.133717014152E-06
            4358       74 -0.127605133083E-06
            4358       75 -0.121836752381E-06
            4358       76 -0.116389132881E-06
            4358       77 -0.111241255699E-06
            4358       78 -0.106373676861E-06
            4358       79 -0.101768395406E-06
            4358       80 -0.974087336041E-07
            4358       81 -0.932792281041E-07
            4358       82 -0.893655309169E-07
            4358       83 -0.856543192809E-07
            4358       84 -0.821332135470E-07
            4358       85 -0.787907023029E-07
            4358       86 -0.756160740508E-07
            4358       87 -0.725993548120E-07
            4358       88 -0.697312511022E-07
            4358       89 -0.670030977696E-07
            4358       90 -0.644068102536E-07
            4358       91 -0.619348408452E-07
            4358       92 -0.595801385943E-07
            4358       93 -0.573361125250E-07
            4358       94 -0.551965978640E-07
            4358       95 -0.531558250135E-07
            4358       96 -0.512083910239E-07
            4358       97 -0.493492333471E-07
            4358       98 -0.475736056720E-07
            4358       99 -0.458770556582E-07
            4358      100 -0.442554044103E-07
            4358      101 -0.427047275395E-07
            4360        1  0.301971661845E-02
            4360        2  0.187238575817E-02
            4360        3  0.106801214629E-02
            4360        4  0.652152679396E-03
            4360        5  0.420619633117E-03
            4360        6  0.283049567202E-03
            4360        7  0.197241088612E-03
            4360        8  0.141251130745E-03
            4360        9  0.103927576865E-03
            4360       10  0.785779800717E-04
            4360       11  0.607821353514E-04
            4360       12  0.479645660598E-04
            4360       13  0.386060938125E-04
            4360       14  0.316321320044E-04
            4360       15  0.263008888439E-04
            4360       16  0.221631822503E-04
            4360       17  0.188794649212E-04
            4360       18  0.162419787909E-04
            4360       19  0.140889096100E-04
            4360       20  0.123020597094E-04
            4360       21  0.107991133457E-04
            4360       22  0.953159099327E-05
            4360       23  0.845261544959E-05
            4360       24  0.751783519631E-05
            4360       25  0.670295691905E-05
            4360       26  0.599325250443E-05
            4360       27  0.537405312086E-05
            4360       28  0.483182806450E-05
            4360       29  0.435669637797E-05
            4360       30  0.393950721204E-05
            4360       31  0.357114728649E-05
            4360       32  0.324413027111E-05
            4360       33  0.295360420307E-05
            4360       34  0.269569769915E-05
            4360       35  0.246538019983E-05
            4360       36  0.225903562071E-05
            4360       37  0.207398315275E-05
            4360       38  0.190758124034E-05
            4360       39  0.175736702592E-05
            4360       40  0.162159863636E-05
            4360       41  0.149874557058E-05
            4360       42  0.138729156275E-05
            4360       43  0.128588481418E-05
            4360       44  0.119356684601E-05
            4360       45  0.110949734561E-05
            4360       46  0.103275225306E-05
            4360       47  0.962540866732E-06
            4360       48  0.898205590168E-06
            4360       49  0.839165487862E-06
            4360       50  0.784905580561E-06
            4360       51  0.734968420310E-06
            4360       52  0.688946857649E-06
            4360       53  0.646477816275E-06
            4360       54  0.607236921623E-06
            4360       55  0.570933855063E-06
            4360       56  0.537308326431E-06
            4360       57  0.506126574771E-06
            4360       58  0.477178321305E-06
            4360       59  0.450274110706E-06
            4360       60  0.425242986373E-06
            4360       61  0.401930453755E-06
            4360       62  0.380196692570E-06
            4360       63  0.359914984593E-06
            4360       64  0.340970328486E-06
            4360       65  0.323258217277E-06
            4360       66  0.306683557531E-06
            4360       67  0.291159712193E-06
            4360       68  0.276607651577E-06
            4360       69  0.262955199086E-06
            4360       70  0.250136360068E-06
            4360       71  0.238090723735E-06
            4360       72  0.226762929421E-06
            4360       73  0.216102189582E-06
            4360       74  0.206061862890E-06
            4360       75  0.196599071679E-06
            4360       76  0.187674358636E-06
            4360       77  0.179251378356E-06
            4360       78  0.171296619837E-06
            4360       79  0.163779156523E-06
            4360       80  0.156670420883E-06
            4360       81  0.149944000874E-06
            4360       82  0.143575455964E-06
            4360       83  0.137542150632E-06
            4360       84  0.131823103530E-06
            4360       85  0.126398850689E-06
            4360       86  0.121251321320E-06
            4360       87  0.116363724938E-06
            4360       88  0.111720448686E-06
            4360       89  0.107306963818E-06
            4360       90  0.103109740471E-06
            4360       91  0.991161698991E-07
            4360       92  0.953144934541E-07
            4360       93  0.916937376734E-07
            4360       94  0.882436548903E-07
            4360       95  0.849546688541E-07
            4360       96  0.818178248934E-07
            4360       97  0.788247442034E-07
            4360       98  0.759675818844E-07
            4360       99  0.732389883869E-07
            4360      100  0.706320740651E-07
            4360      101  0.681403765598E-07
            4362        1 -0.452005703340E-02
            4362        2 -0.279625338712E-02
            4362        3 -0.149357797345E-02
            4362        4 -0.851642129378E-03
            4362        5 -0.514907976955E-03
            4362        6 -0.326670382349E-03
            4362        7 -0.215531356627E-03
            4362        8 -0.146288882341E-03
            4362        9 -0.101615360339E-03
            4362       10 -0.721028012813E-04
            4362       11 -0.522742719216E-04
            4362       12 -0.387162062704E-04
            4362       13 -0.292252228076E-04
            4362       14 -0.224074913852E-04
            4362       15 -0.173986200566E-04
            4362       16 -0.136844017388E-04
            4362       17 -0.108757804290E-04
            4362       18 -0.873518072115E-05
            4362       19 -0.707867456264E-05
            4362       20 -0.577383789121E-05
            4362       21 -0.473128996798E-05
            4362       22 -0.390231345781E-05
            4362       23 -0.324011665128E-05
            4362       24 -0.270036289779E-05
            4362       25 -0.225821286589E-05
            4362       26 -0.189812495447E-05
            4362       27 -0.160461531299E-05
            4362       28 -0.136369112141E-05
            4362       29 -0.116614099461E-05
            4362       30 -0.100371004255E-05
            4362       31 -0.868188172918E-06
            4362       32 -0.753455239762E-06
            4362       33 -0.656326779028E-06
            4362       34 -0.573838417678E-06
            4362       35 -0.503105875698E-06
            4362       36 -0.442175954433E-06
            4362       37 -0.389696152880E-06
            4362       38 -0.344323981664E-06
            4362       39 -0.304818685479E-06
            4362       40 -0.270394308223E-06
            4362       41 -0.240391934042E-06
            4362       42 -0.214153711688E-06
            4362       43 -0.191180073690E-06
            4362       44 -0.171205850233E-06
            4362       45 -0.153542325552E-06
            4362       46 -0.137904448076E-06
            4362       47 -0.124092758824E-06
            4362       48 -0.111868178796E-06
            4362       49 -0.101025693166E-06
            4362       50 -0.913895983125E-07
            4362       51 -0.828089198521E-07
            4362       52 -0.751536061514E-07
            4362       53 -0.683113563694E-07
            4362       54 -0.621849693980E-07
            4362       55 -0.566901217880E-07
            4362       56 -0.517535000577E-07
            4362       57 -0.473112266224E-07
            4362       58 -0.433075297197E-07
            4362       59 -0.396936166490E-07
            4362       60 -0.364267168996E-07
            4362       61 -0.334692676057E-07
            4362       62 -0.307882185505E-07
            4362       63 -0.283544378303E-07
            4362       64 -0.261422024908E-07
            4362       65 -0.241287610484E-07
            4362       66 -0.222939569776E-07
            4362       67 -0.206199040104E-07
            4362       68 -0.190907055688E-07
            4362       69 -0.176922118666E-07
            4362       70 -0.164118092313E-07
            4362       71 -0.152382370400E-07
            4362       72 -0.141614283668E-07
            4362       73 -0.131723710329E-07
            4362       74 -0.122629862401E-07
            4362       75 -0.114260223911E-07
            4362       76 -0.106549620446E-07
            4362       77 -0.994394025460E-08
            4362       78 -0.928767278930E-08
            4362       79 -0.868139294218E-08
            4362       80 -0.812079582367E-08
            4362       81 -0.760198917874E-08
            4362       82 -0.712144990471E-08
            4362       83 -0.667598555663E-08
            4362       84 -0.626270022233E-08
            4362       85 -0.587896423157E-08
            4362       86 -0.552238723436E-08
            4362       87 -0.519079424358E-08
            4362       88 -0.488220428947E-08
            4362       89 -0.459481137833E-08
            4362       90 -0.432696748694E-08
            4362       91 -0.407716735718E-08
            4362       92 -0.384403488552E-08
            4362       93 -0.362631092609E-08
            4362       94 -0.342284234894E-08
            4362       95 -0.323257221386E-08
            4362       96 -0.305453093683E-08
            4362       97 -0.288782834057E-08
            4362       98 -0.273164649380E-08
            4362       99 -0.258523325440E-08
            4362      100 -0.244789644166E-08
            4362      101 -0.231899857151E-08
