            4691        1  0.103747521491E+00
            4691        2  0.647242990203E-01
            4691        3  0.397699243888E-01
            4691        4  0.240601631006E-01
            4691        5  0.142593813271E-01
            4691        6  0.821885645500E-02
            4691        7  0.455263002444E-02
            4691        8  0.237019893714E-02
            4691        9  0.110192022458E-02
            4691       10  0.389320412484E-03
            4691       11  0.946154941309E-05
            4691       12 -0.176188905697E-03
            4691       13 -0.252254442477E-03
            4691       14 -0.269251259937E-03
            4691       15 -0.256758265908E-03
            4691       16 -0.230163881942E-03
            4691       17 -0.199800452467E-03
            4691       18 -0.169958285745E-03
            4691       19 -0.142965541580E-03
            4691       20 -0.119418318154E-03
            4691       21 -0.993814140479E-04
            4691       22 -0.825170205307E-04
            4691       23 -0.684682633014E-04
            4691       24 -0.568786193097E-04
            4691       25 -0.473943550236E-04
            4691       26 -0.396630671561E-04
            4691       27 -0.333323741629E-04
            4691       28 -0.280911512302E-04
            4691       29 -0.237605755805E-04
            4691       30 -0.201882906024E-04
            4691       31 -0.172226210434E-04
            4691       32 -0.147436571316E-04
            4691       33 -0.126769742704E-04
            4691       34 -0.109495505990E-04
            4691       35 -0.949062201955E-05
            4691       36 -0.825256552381E-05
            4691       37 -0.720224224425E-05
            4691       38 -0.630741309285E-05
            4691       39 -0.553864797790E-05
            4691       40 -0.487716400239E-05
            4691       41 -0.430735185783E-05
            4691       42 -0.381386846781E-05
            4691       43 -0.338433649810E-05
            4691       44 -0.301190127326E-05
            4691       45 -0.268613664085E-05
            4691       46 -0.240019770833E-05
            4691       47 -0.214903536508E-05
            4691       48 -0.192791114721E-05
            4691       49 -0.173279746686E-05
            4691       50 -0.156026330873E-05
            4691       51 -0.140737774442E-05
            4691       52 -0.127163032568E-05
            4691       53 -0.115086518746E-05
            4691       54 -0.104322632626E-05
            4691       55 -0.947112018952E-06
            4691       56 -0.861136742267E-06
            4691       57 -0.784099267356E-06
            4691       58 -0.714955853481E-06
            4691       59 -0.652797665203E-06
            4691       60 -0.596831697875E-06
            4691       61 -0.546364625578E-06
            4691       62 -0.500789090067E-06
            4691       63 -0.459572034089E-06
            4691       64 -0.422244751219E-06
            4691       65 -0.388394380528E-06
            4691       66 -0.357656620425E-06
            4691       67 -0.329709473563E-06
            4691       68 -0.304267865861E-06
            4691       69 -0.281079008121E-06
            4691       70 -0.259918389930E-06
            4691       71 -0.240586313063E-06
            4691       72 -0.222904886150E-06
            4691       73 -0.206715414500E-06
            4691       74 -0.191876129141E-06
            4691       75 -0.178260207571E-06
            4691       76 -0.165754045861E-06
            4691       77 -0.154255747720E-06
            4691       78 -0.143673801150E-06
            4691       79 -0.133925917614E-06
            4691       80 -0.124938012190E-06
            4691       81 -0.116643306252E-06
            4691       82 -0.108981536824E-06
            4691       83 -0.101898258917E-06
            4691       84 -0.953442290673E-07
            4691       85 -0.892748598782E-07
            4691       86 -0.836497367542E-07
            4691       87 -0.784321891676E-07
            4691       88 -0.735889098283E-07
            4691       89 -0.690896159761E-07
            4691       90 -0.649067477766E-07
            4691       91 -0.610151994248E-07
            4691       92 -0.573920791395E-07
            4691       93 -0.540164946900E-07
            4691       94 -0.508693615284E-07
            4691       95 -0.479332309532E-07
            4691       96 -0.451921360486E-07
            4691       97 -0.426314534126E-07
            4691       98 -0.402377789279E-07
            4691       99 -0.379988160360E-07
            4691      100 -0.359032751539E-07
            4691      101 -0.339407830360E-07
            4695        1  0.310407485396E-02
            4695        2  0.192803077376E-02
            4695        3  0.112394933981E-02
            4695        4  0.698370721945E-03
            4695        5  0.458970443909E-03
            4695        6  0.315838422259E-03
            4695        7  0.225054850222E-03
            4695        8  0.164494616852E-03
            4695        9  0.123241253145E-03
            4695       10  0.946653209384E-04
            4695       11  0.742609003841E-04
            4695       12  0.593349629589E-04
            4695       13  0.482280403734E-04
            4695       14  0.397608683746E-04
            4695       15  0.331487842037E-04
            4695       16  0.279278715921E-04
            4695       17  0.237438443965E-04
            4695       18  0.203660615147E-04
            4695       19  0.176049449710E-04
            4695       20  0.153091917965E-04
            4695       21  0.133740998825E-04
            4695       22  0.117405753932E-04
            4695       23  0.103516842837E-04
            4695       24  0.915342221361E-05
            4695       25  0.811505164818E-05
            4695       26  0.721693034688E-05
            4695       27  0.643948485208E-05
            4695       28  0.576451715536E-05
            4695       29  0.517824003674E-05
            4695       30  0.466774862594E-05
            4695       31  0.422019387993E-05
            4695       32  0.382525068290E-05
            4695       33  0.347636788710E-05
            4695       34  0.316776545006E-05
            4695       35  0.289300390326E-05
            4695       36  0.264749483727E-05
            4695       37  0.242785716164E-05
            4695       38  0.223075173491E-05
            4695       39  0.205307304423E-05
            4695       40  0.189268833389E-05
            4695       41  0.174774627434E-05
            4695       42  0.161641035090E-05
            4695       43  0.149723046036E-05
            4695       44  0.138942741657E-05
            4695       45  0.129103127903E-05
            4695       46  0.120103460346E-05
            4695       47  0.111876953941E-05
            4695       48  0.104345242570E-05
            4695       49  0.974388999914E-06
            4695       50  0.910964778978E-06
            4695       51  0.852634732199E-06
            4695       52  0.798914436615E-06
            4695       53  0.749372481571E-06
            4695       54  0.703623929305E-06
            4695       55  0.661324670578E-06
            4695       56  0.622166541172E-06
            4695       57  0.585873086828E-06
            4695       58  0.552195882131E-06
            4695       59  0.520911323989E-06
            4695       60  0.491817832542E-06
            4695       61  0.464733402712E-06
            4695       62  0.439493458215E-06
            4695       63  0.415948967018E-06
            4695       64  0.393964783281E-06
            4695       65  0.373418185920E-06
            4695       66  0.354197588164E-06
            4695       67  0.336201396160E-06
            4695       68  0.319336997705E-06
            4695       69  0.303519864819E-06
            4695       70  0.288672756063E-06
            4695       71  0.274725006446E-06
            4695       72  0.261611894325E-06
            4695       73  0.249274076147E-06
            4695       74  0.237657081023E-06
            4695       75  0.226710858184E-06
            4695       76  0.216389371232E-06
            4695       77  0.206650233859E-06
            4695       78  0.197454382387E-06
            4695       79  0.188765781021E-06
            4695       80  0.180551156228E-06
            4695       81  0.172779757074E-06
            4695       82  0.165423138732E-06
            4695       83  0.158454966685E-06
            4695       84  0.151850839462E-06
            4695       85  0.145588127961E-06
            4695       86  0.139645829664E-06
            4695       87  0.134004436215E-06
            4695       88  0.128645813019E-06
            4695       89  0.123553089653E-06
            4695       90  0.118710560035E-06
            4695       91  0.114103591368E-06
            4695       92  0.109718541042E-06
            4695       93  0.105542680699E-06
            4695       94  0.101564126802E-06
            4695       95  0.977717770796E-07
            4695       96  0.941552523070E-07
            4695       97  0.907048429276E-07
            4695       98  0.874114600717E-07
            4695       99  0.842665905699E-07
            4695      100  0.812622556084E-07
            4695      101  0.783909726973E-07
            4698        1 -0.648803366584E-02
            4698        2 -0.403284879681E-02
            4698        3 -0.232987981586E-02
            4698        4 -0.136636138073E-02
            4698        5 -0.805840719765E-03
            4698        6 -0.470414565001E-03
            4698        7 -0.268064396386E-03
            4698        8 -0.147194663474E-03
            4698        9 -0.760589014131E-04
            4698       10 -0.352195058231E-04
            4698       11 -0.126593351853E-04
            4698       12 -0.869093925816E-06
            4698       13  0.469476134370E-05
            4698       14  0.682474391881E-05
            4698       15  0.716592472842E-05
            4698       16  0.659419670970E-05
            4698       17  0.570777000547E-05
            4698       18  0.475910457323E-05
            4698       19  0.388929125472E-05
            4698       20  0.314164380760E-05
            4698       21  0.252718335094E-05
            4698       22  0.203178106228E-05
            4698       23  0.164011713751E-05
            4698       24  0.133672711551E-05
            4698       25  0.110499771472E-05
            4698       26  0.927767812921E-06
            4698       27  0.787873891201E-06
            4698       28  0.671127639316E-06
            4698       29  0.572881642849E-06
            4698       30  0.490397081851E-06
            4698       31  0.420946050940E-06
            4698       32  0.362429785512E-06
            4698       33  0.313075833435E-06
            4698       34  0.270985749043E-06
            4698       35  0.235333771264E-06
            4698       36  0.205271988915E-06
            4698       37  0.180054700034E-06
            4698       38  0.158756478516E-06
            4698       39  0.140443547058E-06
            4698       40  0.124660480493E-06
            4698       41  0.111036776909E-06
            4698       42  0.991445023018E-07
            4698       43  0.886311405888E-07
            4698       44  0.793732476237E-07
            4698       45  0.712116663552E-07
            4698       46  0.639840601648E-07
            4698       47  0.575706810338E-07
            4698       48  0.518724058878E-07
            4698       49  0.468028837638E-07
            4698       50  0.422867412551E-07
            4698       51  0.382581681608E-07
            4698       52  0.346596750525E-07
            4698       53  0.314410070427E-07
            4698       54  0.285581973842E-07
            4698       55  0.259727449210E-07
            4698       56  0.236509003969E-07
            4698       57  0.215630478963E-07
            4698       58  0.196831690871E-07
            4698       59  0.179883793061E-07
            4698       60  0.164585258486E-07
            4698       61  0.150758400322E-07
            4698       62  0.138246357052E-07
            4698       63  0.126910478413E-07
            4698       64  0.116628057289E-07
            4698       65  0.107290360143E-07
            4698       66  0.988009151355E-08
            4698       67  0.910740227833E-08
            4698       68  0.840334588944E-08
            4698       69  0.776113437538E-08
            4698       70  0.717471551684E-08
            4698       71  0.663868661029E-08
            4698       72  0.614821903161E-08
            4698       73  0.569899217109E-08
            4698       74  0.528713550820E-08
            4698       75  0.490917776393E-08
            4698       76  0.456200221347E-08
            4698       77  0.424280736738E-08
            4698       78  0.394907233541E-08
            4698       79  0.367852628031E-08
            4698       80  0.342912144737E-08
            4698       81  0.319900932383E-08
            4698       82  0.298651954116E-08
            4698       83  0.279014118329E-08
            4698       84  0.260850620842E-08
            4698       85  0.244037472871E-08
            4698       86  0.228462192574E-08
            4698       87  0.214022640730E-08
            4698       88  0.200625983572E-08
            4698       89  0.188187767912E-08
            4698       90  0.176631095551E-08
            4698       91  0.165885885562E-08
            4698       92  0.155888214421E-08
            4698       93  0.146579725184E-08
            4698       94  0.137907097973E-08
            4698       95  0.129821574934E-08
            4698       96  0.122278533679E-08
            4698       97  0.115237103875E-08
            4698       98  0.108659822322E-08
            4698       99  0.102512322355E-08
            4698      100  0.967630539107E-09
            4698      101  0.913830310023E-09
            4700        1  0.507964645509E-03
            4700        2  0.301965619558E-03
            4700        3  0.175343146023E-04
            4700        4 -0.720100779489E-04
            4700        5 -0.931248868439E-04
            4700        6 -0.907593091826E-04
            4700        7 -0.805889440775E-04
            4700        8 -0.691858459153E-04
            4700        9 -0.592125116849E-04
            4700       10 -0.510569600340E-04
            4700       11 -0.440744615486E-04
            4700       12 -0.379963755140E-04
            4700       13 -0.328246876106E-04
            4700       14 -0.284615877930E-04
            4700       15 -0.247719835370E-04
            4700       16 -0.216488617140E-04
            4700       17 -0.189986463193E-04
            4700       18 -0.167440472982E-04
            4700       19 -0.148162626988E-04
            4700       20 -0.131565963568E-04
            4700       21 -0.117199360080E-04
            4700       22 -0.104745591798E-04
            4700       23 -0.938937747656E-05
            4700       24 -0.843470266008E-05
            4700       25 -0.759196610877E-05
            4700       26 -0.684790183796E-05
            4700       27 -0.618927691021E-05
            4700       28 -0.560404782825E-05
            4700       29 -0.508398538957E-05
            4700       30 -0.462162341666E-05
            4700       31 -0.420951926949E-05
            4700       32 -0.384123635984E-05
            4700       33 -0.351201247805E-05
            4700       34 -0.321776853500E-05
            4700       35 -0.295359770363E-05
            4700       36 -0.271584101339E-05
            4700       37 -0.250165951102E-05
            4700       38 -0.230825284124E-05
            4700       39 -0.213299989522E-05
            4700       40 -0.197399901456E-05
            4700       41 -0.182956059014E-05
            4700       42 -0.169801076825E-05
            4700       43 -0.157779850929E-05
            4700       44 -0.146783570174E-05
            4700       45 -0.136749565640E-05
            4700       46 -0.127564960839E-05
            4700       47 -0.119135370038E-05
            4700       48 -0.111387806117E-05
            4700       49 -0.104257454387E-05
            4700       50 -0.976865300018E-06
            4700       51 -0.916234260298E-06
            4700       52 -0.860219749930E-06
            4700       53 -0.808408074871E-06
            4700       54 -0.760427940364E-06
            4700       55 -0.715945584413E-06
            4700       56 -0.674660526766E-06
            4700       57 -0.636301848723E-06
            4700       58 -0.600624931552E-06
            4700       59 -0.567408592058E-06
            4700       60 -0.536452562583E-06
            4700       61 -0.507575270279E-06
            4700       62 -0.480611876928E-06
            4700       63 -0.455412545943E-06
            4700       64 -0.431840907815E-06
            4700       65 -0.409772699208E-06
            4700       66 -0.389094554223E-06
            4700       67 -0.369702929253E-06
            4700       68 -0.351503145283E-06
            4700       69 -0.334408533621E-06
            4700       70 -0.318339672822E-06
            4700       71 -0.303223706180E-06
            4700       72 -0.288993730455E-06
            4700       73 -0.275588247720E-06
            4700       74 -0.262950673165E-06
            4700       75 -0.251028892635E-06
            4700       76 -0.239774864362E-06
            4700       77 -0.229144260082E-06
            4700       78 -0.219096141253E-06
            4700       79 -0.209592666618E-06
            4700       80 -0.200598827780E-06
            4700       81 -0.192082209853E-06
            4700       82 -0.184012774580E-06
            4700       83 -0.176362663592E-06
            4700       84 -0.169106019779E-06
            4700       85 -0.162218824921E-06
            4700       86 -0.155678751963E-06
            4700       87 -0.149465030490E-06
            4700       88 -0.143558324097E-06
            4700       89 -0.137940618504E-06
            4700       90 -0.132595119379E-06
            4700       91 -0.127506158952E-06
            4700       92 -0.122659110573E-06
            4700       93 -0.118040310492E-06
            4700       94 -0.113636986172E-06
            4700       95 -0.109437190542E-06
            4700       96 -0.105429741656E-06
            4700       97 -0.101604167256E-06
            4700       98 -0.979506538132E-07
            4700       99 -0.944599996394E-07
            4700      100 -0.911235717181E-07
            4700      101 -0.879332659289E-07
            4705        1  0.525166698200E-02
            4705        2  0.326097628599E-02
            4705        3  0.190249656417E-02
            4705        4  0.118673726456E-02
            4705        5  0.783559268505E-03
            4705        6  0.542127876875E-03
            4705        7  0.389342693056E-03
            4705        8  0.287488921389E-03
            4705        9  0.217784953278E-03
            4705       10  0.168987971766E-03
            4705       11  0.133593494419E-03
            4705       12  0.107276270543E-03
            4705       13  0.874581845013E-04
            4705       14  0.722516646442E-04
            4705       15  0.603369309370E-04
            4705       16  0.508988793734E-04
            4705       17  0.433088116502E-04
            4705       18  0.371603685765E-04
            4705       19  0.321229601824E-04
            4705       20  0.279374708523E-04
            4705       21  0.244200585042E-04
            4705       22  0.214596771421E-04
            4705       23  0.189487280471E-04
            4705       24  0.167851166574E-04
            4705       25  0.149104607250E-04
            4705       26  0.132872231916E-04
            4705       27  0.118779964496E-04
            4705       28  0.106486432408E-04
            4705       29  0.957551365891E-05
            4705       30  0.863705572434E-05
            4705       31  0.781180490995E-05
            4705       32  0.708222839148E-05
            4705       33  0.643673669710E-05
            4705       34  0.586508379662E-05
            4705       35  0.535579407855E-05
            4705       36  0.490060200689E-05
            4705       37  0.449333713299E-05
            4705       38  0.412790407168E-05
            4705       39  0.379861854376E-05
            4705       40  0.350150228299E-05
            4705       41  0.323307141517E-05
            4705       42  0.298986932350E-05
            4705       43  0.276907261014E-05
            4705       44  0.256896784220E-05
            4705       45  0.238650088496E-05
            4705       46  0.221980415651E-05
            4705       47  0.206746012731E-05
            4705       48  0.192800900588E-05
            4705       49  0.180015990961E-05
            4705       50  0.168277056979E-05
            4705       51  0.157482806355E-05
            4705       52  0.147543231493E-05
            4705       53  0.138378192938E-05
            4705       54  0.129916200035E-05
            4705       55  0.122093358720E-05
            4705       56  0.114852461348E-05
            4705       57  0.108142197558E-05
            4705       58  0.101916468512E-05
            4705       59  0.961337896754E-06
            4705       60  0.907567696082E-06
            4705       61  0.857516541400E-06
            4705       62  0.810879269460E-06
            4705       63  0.767379588598E-06
            4705       64  0.726766993986E-06
            4705       65  0.688814049245E-06
            4705       66  0.653313986637E-06
            4705       67  0.620078584862E-06
            4705       68  0.588936289176E-06
            4705       69  0.559730543457E-06
            4705       70  0.532318307958E-06
            4705       71  0.506568740042E-06
            4705       72  0.482362018198E-06
            4705       73  0.459588292251E-06
            4705       74  0.438146744865E-06
            4705       75  0.417944751385E-06
            4705       76  0.398897126679E-06
            4705       77  0.380925449074E-06
            4705       78  0.363957452713E-06
            4705       79  0.347926480717E-06
            4705       80  0.332770992450E-06
            4705       81  0.318434119014E-06
            4705       82  0.304863261764E-06
            4705       83  0.292009729269E-06
            4705       84  0.279828408677E-06
            4705       85  0.268277467876E-06
            4705       86  0.257318085286E-06
            4705       87  0.246914204464E-06
            4705       88  0.237032311008E-06
            4705       89  0.227641229522E-06
            4705       90  0.218711938676E-06
            4705       91  0.210217402557E-06
            4705       92  0.202132416763E-06
            4705       93  0.194433467791E-06
            4705       94  0.187098604469E-06
            4705       95  0.180107320297E-06
            4705       96  0.173440445669E-06
            4705       97  0.167080049071E-06
            4705       98  0.161009346422E-06
            4705       99  0.155212617823E-06
            4705      100  0.149675131051E-06
            4705      101  0.144383071187E-06
            4707        1 -0.724104663230E-02
            4707        2 -0.448552659786E-02
            4707        3 -0.244941532400E-02
            4707        4 -0.140016669422E-02
            4707        5 -0.827808555112E-03
            4707        6 -0.500466118014E-03
            4707        7 -0.307236312032E-03
            4707        8 -0.190190147395E-03
            4707        9 -0.118665578369E-03
            4707       10 -0.748995025547E-04
            4707       11 -0.479164846590E-04
            4707       12 -0.311732003753E-04
            4707       13 -0.207676452359E-04
            4707       14 -0.142359556568E-04
            4707       15 -0.100565157028E-04
            4707       16 -0.737114889014E-05
            4707       17 -0.556516438555E-05
            4707       18 -0.432384433689E-05
            4707       19 -0.343331431062E-05
            4707       20 -0.277180475222E-05
            4707       21 -0.226416256981E-05
            4707       22 -0.187598294458E-05
            4707       23 -0.157479070248E-05
            4707       24 -0.133015325886E-05
            4707       25 -0.112785964340E-05
            4707       26 -0.961434523429E-06
            4707       27 -0.824450380714E-06
            4707       28 -0.711009096404E-06
            4707       29 -0.616910228932E-06
            4707       30 -0.538292946087E-06
            4707       31 -0.471319548068E-06
            4707       32 -0.413078277915E-06
            4707       33 -0.362373187062E-06
            4707       34 -0.319118842618E-06
            4707       35 -0.281714903724E-06
            4707       36 -0.249142748095E-06
            4707       37 -0.220789478305E-06
            4707       38 -0.196063874421E-06
            4707       39 -0.174420345712E-06
            4707       40 -0.155468182499E-06
            4707       41 -0.138864993220E-06
            4707       42 -0.124274831034E-06
            4707       43 -0.111364256544E-06
            4707       44 -0.998589011095E-07
            4707       45 -0.897870317371E-07
            4707       46 -0.809322365106E-07
            4707       47 -0.730781168905E-07
            4707       48 -0.660970930991E-07
            4707       49 -0.598802294726E-07
            4707       50 -0.543336111020E-07
            4707       51 -0.493760826496E-07
            4707       52 -0.449373551532E-07
            4707       53 -0.409564165996E-07
            4707       54 -0.373801939834E-07
            4707       55 -0.341624241549E-07
            4707       56 -0.312626984883E-07
            4707       57 -0.286456526418E-07
            4707       58 -0.262802777465E-07
            4707       59 -0.241393334770E-07
            4707       60 -0.221988468125E-07
            4707       61 -0.204376830435E-07
            4707       62 -0.188371778330E-07
            4707       63 -0.173808209861E-07
            4707       64 -0.160539841188E-07
            4707       65 -0.148436856656E-07
            4707       66 -0.137383877225E-07
            4707       67 -0.127278200827E-07
            4707       68 -0.118028275482E-07
            4707       69 -0.109552372035E-07
            4707       70 -0.101777428405E-07
            4707       71 -0.946380414998E-08
            4707       72 -0.880755864560E-08
            4707       73 -0.820374458985E-08
            4707       74 -0.764763344043E-08
            4707       75 -0.713497055021E-08
            4707       76 -0.666192303394E-08
            4707       77 -0.622503386836E-08
            4707       78 -0.582118142195E-08
            4707       79 -0.544754372216E-08
            4707       80 -0.510156686180E-08
            4707       81 -0.478093702798E-08
            4707       82 -0.448355570497E-08
            4707       83 -0.420751766309E-08
            4707       84 -0.395109139553E-08
            4707       85 -0.371270170948E-08
            4707       86 -0.349091421561E-08
            4707       87 -0.328442149238E-08
            4707       88 -0.309203073017E-08
            4707       89 -0.291265268405E-08
            4707       90 -0.274529178595E-08
            4707       91 -0.258903728445E-08
            4707       92 -0.244305529725E-08
            4707       93 -0.230658167447E-08
            4707       94 -0.217891558359E-08
            4707       95 -0.205941373726E-08
            4707       96 -0.194748519418E-08
            4707       97 -0.184258667180E-08
            4707       98 -0.174421831631E-08
            4707       99 -0.165191988166E-08
            4707      100 -0.156526727494E-08
            4707      101 -0.148386943017E-08
            4709        1  0.442103384909E-02
            4709        2  0.273848484105E-02
            4709        3  0.152411266978E-02
            4709        4  0.911954805590E-03
            4709        5  0.578694984460E-03
            4709        6  0.384679024904E-03
            4709        7  0.265738968450E-03
            4709        8  0.188935880860E-03
            4709        9  0.138134466146E-03
            4709       10  0.103787560235E-03
            4709       11  0.795135403792E-04
            4709       12  0.618692811818E-04
            4709       13  0.489355401279E-04
            4709       14  0.392811831777E-04
            4709       15  0.319067112628E-04
            4709       16  0.261952742118E-04
            4709       17  0.216807634557E-04
            4709       18  0.180902245736E-04
            4709       19  0.152070553311E-04
            4709       20  0.128614428797E-04
            4709       21  0.109329327965E-04
            4709       22  0.934881162158E-05
            4709       23  0.803862668028E-05
            4709       24  0.693554822987E-05
            4709       25  0.600151873346E-05
            4709       26  0.521220132061E-05
            4709       27  0.454334438607E-05
            4709       28  0.397302632508E-05
            4709       29  0.348679737618E-05
            4709       30  0.307170247172E-05
            4709       31  0.271484339193E-05
            4709       32  0.240584079539E-05
            4709       33  0.213822484032E-05
            4709       34  0.190664446929E-05
            4709       35  0.170456652694E-05
            4709       36  0.152748481153E-05
            4709       37  0.137222434956E-05
            4709       38  0.123565915080E-05
            4709       39  0.111489131466E-05
            4709       40  0.100795484759E-05
            4709       41  0.913155187259E-06
            4709       42  0.828813999956E-06
            4709       43  0.753530415769E-06
            4709       44  0.686484752908E-06
            4709       45  0.626499923136E-06
            4709       46  0.572655761121E-06
            4709       47  0.524271929272E-06
            4709       48  0.480713368122E-06
            4709       49  0.441427731907E-06
            4709       50  0.405933782224E-06
            4709       51  0.373811251276E-06
            4709       52  0.344692285911E-06
            4709       53  0.318254205417E-06
            4709       54  0.294213354498E-06
            4709       55  0.272319871943E-06
            4709       56  0.252353227120E-06
            4709       57  0.234118402119E-06
            4709       58  0.217442618255E-06
            4709       59  0.202172522742E-06
            4709       60  0.188171765368E-06
            4709       61  0.175318906507E-06
            4709       62  0.163505607288E-06
            4709       63  0.152635060636E-06
            4709       64  0.142620628358E-06
            4709       65  0.133384654902E-06
            4709       66  0.124857432931E-06
            4709       67  0.116976299579E-06
            4709       68  0.109684845480E-06
            4709       69  0.102932221260E-06
            4709       70  0.966725284640E-07
            4709       71  0.908642837198E-07
            4709       72  0.854699465860E-07
            4709       73  0.804555028449E-07
            4709       74  0.757900961657E-07
            4709       75  0.714457020300E-07
            4709       76  0.673968386469E-07
            4709       77  0.636203102924E-07
            4709       78  0.600949791188E-07
            4709       79  0.568015619949E-07
            4709       80  0.537224493932E-07
            4709       81  0.508415437163E-07
            4709       82  0.481441147952E-07
            4709       83  0.456166705730E-07
            4709       84  0.432468412343E-07
            4709       85  0.410232752624E-07
            4709       86  0.389355460850E-07
            4709       87  0.369740681329E-07
            4709       88  0.351300212805E-07
            4709       89  0.333952827542E-07
            4709       90  0.317623657068E-07
            4709       91  0.302243637449E-07
            4709       92  0.287749007816E-07
            4709       93  0.274080856589E-07
            4709       94  0.261184710426E-07
            4709       95  0.249010161536E-07
            4709       96  0.237510529444E-07
            4709       97  0.226642553739E-07
            4709       98  0.216366114706E-07
            4709       99  0.206643979097E-07
            4709      100  0.197441568557E-07
            4709      101  0.188726748510E-07
            4711        1 -0.464229364522E-03
            4711        2 -0.301406275372E-03
            4711        3 -0.254238899922E-03
            4711        4 -0.115944004911E-03
            4711        5  0.419931816453E-06
            4711        6  0.717411145707E-04
            4711        7  0.106082931892E-03
            4711        8  0.115487423673E-03
            4711        9  0.111219695736E-03
            4711       10  0.100369964364E-03
            4711       11  0.866729157892E-04
            4711       12  0.726501028399E-04
            4711       13  0.598392679796E-04
            4711       14  0.488255349241E-04
            4711       15  0.397049446871E-04
            4711       16  0.323049383042E-04
            4711       17  0.263904142759E-04
            4711       18  0.216871353081E-04
            4711       19  0.179365791592E-04
            4711       20  0.149156428638E-04
            4711       21  0.124638060832E-04
            4711       22  0.104832459254E-04
            4711       23  0.887910855209E-05
            4711       24  0.756090847050E-05
            4711       25  0.647285224076E-05
            4711       26  0.557569010008E-05
            4711       27  0.483027572681E-05
            4711       28  0.420219863410E-05
            4711       29  0.367223520490E-05
            4711       30  0.322419985722E-05
            4711       31  0.284198362977E-05
            4711       32  0.251312361503E-05
            4711       33  0.223001943680E-05
            4711       34  0.198515096282E-05
            4711       35  0.177185143820E-05
            4711       36  0.158539435477E-05
            4711       37  0.142233185150E-05
            4711       38  0.127918583300E-05
            4711       39  0.115270504914E-05
            4711       40  0.104079674896E-05
            4711       41  0.941679875653E-06
            4711       42  0.853561853317E-06
            4711       43  0.774831981759E-06
            4711       44  0.704453845645E-06
            4711       45  0.641808982848E-06
            4711       46  0.585811635080E-06
            4711       47  0.535567859456E-06
            4711       48  0.490400254902E-06
            4711       49  0.449721867514E-06
            4711       50  0.413021792699E-06
            4711       51  0.379854312019E-06
            4711       52  0.349829718835E-06
            4711       53  0.322606550026E-06
            4711       54  0.297884991572E-06
            4711       55  0.275401266743E-06
            4711       56  0.254922848961E-06
            4711       57  0.236244368530E-06
            4711       58  0.219184104624E-06
            4711       59  0.203580972145E-06
            4711       60  0.189291927980E-06
            4711       61  0.176189733571E-06
            4711       62  0.164161020807E-06
            4711       63  0.153104616790E-06
            4711       64  0.142930089939E-06
            4711       65  0.133556485769E-06
            4711       66  0.124911225564E-06
            4711       67  0.116929145175E-06
            4711       68  0.109551654638E-06
            4711       69  0.102726002146E-06
            4711       70  0.964046283169E-07
            4711       71  0.905445987457E-07
            4711       72  0.851071045489E-07
            4711       73  0.800570220500E-07
            4711       74  0.753625240126E-07
            4711       75  0.709947358662E-07
            4711       76  0.669274312703E-07
            4711       77  0.631367621279E-07
            4711       78  0.596010188136E-07
            4711       79  0.563004169416E-07
            4711       80  0.532169074812E-07
            4711       81  0.503340074413E-07
            4711       82  0.476366487014E-07
            4711       83  0.451110428747E-07
            4711       84  0.427445603524E-07
            4711       85  0.405256219139E-07
            4711       86  0.384436014796E-07
            4711       87  0.364887387608E-07
            4711       88  0.346520607121E-07
            4711       89  0.329253108183E-07
            4711       90  0.313008853683E-07
            4711       91  0.297717759611E-07
            4711       92  0.283315175828E-07
            4711       93  0.269741416661E-07
            4711       94  0.256941336110E-07
            4711       95  0.244863943051E-07
            4711       96  0.233462052346E-07
            4711       97  0.222691968188E-07
            4711       98  0.212513196449E-07
            4711       99  0.202888183139E-07
            4711      100  0.193782076384E-07
            4711      101  0.185162509617E-07
            4713        1 -0.883597442835E-02
            4713        2 -0.546766742838E-02
            4713        3 -0.288418932082E-02
            4713        4 -0.155822770157E-02
            4713        5 -0.847362992863E-03
            4713        6 -0.456228237992E-03
            4713        7 -0.239168024530E-03
            4713        8 -0.118308741674E-03
            4713        9 -0.518379518708E-04
            4713       10 -0.164587220622E-04
            4713       11  0.113247859155E-05
            4713       12  0.881931051185E-05
            4713       13  0.112820149385E-04
            4713       14  0.112175826743E-04
            4713       15  0.101068382705E-04
            4713       16  0.862746151853E-05
            4713       17  0.719188438716E-05
            4713       18  0.591688440071E-05
            4713       19  0.484381617093E-05
            4713       20  0.396180154974E-05
            4713       21  0.325005536694E-05
            4713       22  0.268209106734E-05
            4713       23  0.223115210520E-05
            4713       24  0.187139973239E-05
            4713       25  0.158428406555E-05
            4713       26  0.135473107864E-05
            4713       27  0.116768892231E-05
            4713       28  0.101045099956E-05
            4713       29  0.877831466160E-06
            4713       30  0.766148955806E-06
            4713       31  0.671736068979E-06
            4713       32  0.591711972722E-06
            4713       33  0.523878051588E-06
            4713       34  0.465373760005E-06
            4713       35  0.414710100852E-06
            4713       36  0.370740238557E-06
            4713       37  0.332544978630E-06
            4713       38  0.299152864521E-06
            4713       39  0.269646635947E-06
            4713       40  0.243515910633E-06
            4713       41  0.220348070449E-06
            4713       42  0.199712032624E-06
            4713       43  0.181199198823E-06
            4713       44  0.164566387884E-06
            4713       45  0.149820892037E-06
            4713       46  0.136665965813E-06
            4713       47  0.124861268907E-06
            4713       48  0.114248971631E-06
            4713       49  0.104692222329E-06
            4713       50  0.960716355634E-07
            4713       51  0.882828549570E-07
            4713       52  0.812344825855E-07
            4713       53  0.748463162381E-07
            4713       54  0.690478457566E-07
            4713       55  0.637769677990E-07
            4713       56  0.589788851171E-07
            4713       57  0.546051619956E-07
            4713       58  0.506129121203E-07
            4713       59  0.469640989665E-07
            4713       60  0.436249319724E-07
            4713       61  0.405653444161E-07
            4713       62  0.377585411053E-07
            4713       63  0.351806058455E-07
            4713       64  0.328101601769E-07
            4713       65  0.306280661696E-07
            4713       66  0.286171671493E-07
            4713       67  0.267620611298E-07
            4713       68  0.250489025042E-07
            4713       69  0.234652281901E-07
            4713       70  0.219998049718E-07
            4713       71  0.206424952490E-07
            4713       72  0.193841387928E-07
            4713       73  0.182164484452E-07
            4713       74  0.171319179859E-07
            4713       75  0.161237406277E-07
            4713       76  0.151857368170E-07
            4713       77  0.143122901863E-07
            4713       78  0.134982906641E-07
            4713       79  0.127390838752E-07
            4713       80  0.120304260772E-07
            4713       81  0.113684439774E-07
            4713       82  0.107495988573E-07
            4713       83  0.101706545031E-07
            4713       84  0.962864850531E-08
            4713       85  0.912086654250E-08
            4713       86  0.864481931364E-08
            4713       87  0.819822182186E-08
            4713       88  0.777897475033E-08
            4713       89  0.738514770018E-08
            4713       90  0.701496408893E-08
            4713       91  0.666678753032E-08
            4713       92  0.633910953760E-08
            4713       93  0.603053841121E-08
            4713       94  0.573978918604E-08
            4713       95  0.546567452902E-08
            4713       96  0.520709648925E-08
            4713       97  0.496303901381E-08
            4713       98  0.473256115183E-08
            4713       99  0.451479087847E-08
            4713      100  0.430891947668E-08
            4713      101  0.411419642230E-08
            4716        1  0.994440279073E-02
            4716        2  0.618136028336E-02
            4716        3  0.362828416378E-02
            4716        4  0.221777529397E-02
            4716        5  0.140003416660E-02
            4716        6  0.907761928386E-03
            4716        7  0.602281636910E-03
            4716        8  0.408038983119E-03
            4716        9  0.284111774332E-03
            4716       10  0.204668956625E-03
            4716       11  0.151947666569E-03
            4716       12  0.115880559422E-03
            4716       13  0.908936330737E-04
            4716       14  0.731802138727E-04
            4716       15  0.602308348144E-04
            4716       16  0.505557585954E-04
            4716       17  0.430540333873E-04
            4716       18  0.371184110121E-04
            4716       19  0.323045870026E-04
            4716       20  0.283160390089E-04
            4716       21  0.249550940025E-04
            4716       22  0.221147901232E-04
            4716       23  0.196924611609E-04
            4716       24  0.175907605986E-04
            4716       25  0.157545892756E-04
            4716       26  0.141489946234E-04
            4716       27  0.127391493119E-04
            4716       28  0.114937709747E-04
            4716       29  0.103929452296E-04
            4716       30  0.941903178610E-05
            4716       31  0.855445166873E-05
            4716       32  0.778422185407E-05
            4716       33  0.709774903886E-05
            4716       34  0.648639242686E-05
            4716       35  0.593907857345E-05
            4716       36  0.544773288789E-05
            4716       37  0.500626007800E-05
            4716       38  0.460865824809E-05
            4716       39  0.424931555459E-05
            4716       40  0.392416619791E-05
            4716       41  0.362960197831E-05
            4716       42  0.336205170655E-05
            4716       43  0.311856040181E-05
            4716       44  0.289722382515E-05
            4716       45  0.269497394578E-05
            4716       46  0.250987301692E-05
            4716       47  0.234037527430E-05
            4716       48  0.218493411264E-05
            4716       49  0.204217687690E-05
            4716       50  0.191088421537E-05
            4716       51  0.178997091627E-05
            4716       52  0.167846938076E-05
            4716       53  0.157551533863E-05
            4716       54  0.148033547603E-05
            4716       55  0.139223669682E-05
            4716       56  0.131059678301E-05
            4716       57  0.123485625579E-05
            4716       58  0.116451126877E-05
            4716       59  0.109910739101E-05
            4716       60  0.103823415816E-05
            4716       61  0.981520288173E-06
            4716       62  0.928629473146E-06
            4716       63  0.879256671408E-06
            4716       64  0.833124834974E-06
            4716       65  0.789982016420E-06
            4716       66  0.749598807097E-06
            4716       67  0.711766065157E-06
            4716       68  0.676292897518E-06
            4716       69  0.643004864706E-06
            4716       70  0.611742381599E-06
            4716       71  0.582359290673E-06
            4716       72  0.554721587358E-06
            4716       73  0.528706279731E-06
            4716       74  0.504200367021E-06
            4716       75  0.481099923367E-06
            4716       76  0.459309274914E-06
            4716       77  0.438740259837E-06
            4716       78  0.419311562099E-06
            4716       79  0.400948110916E-06
            4716       80  0.383580538771E-06
            4716       81  0.367144691750E-06
            4716       82  0.351581186628E-06
            4716       83  0.336835009816E-06
            4716       84  0.322855153817E-06
            4716       85  0.309594287339E-06
            4716       86  0.297008455638E-06
            4716       87  0.285056808054E-06
            4716       88  0.273701350023E-06
            4716       89  0.262906717138E-06
            4716       90  0.252639969127E-06
            4716       91  0.242870401790E-06
            4716       92  0.233569375200E-06
            4716       93  0.224710156599E-06
            4716       94  0.216267776616E-06
            4716       95  0.208218897566E-06
            4716       96  0.200541692707E-06
            4716       97  0.193215735457E-06
            4716       98  0.186221897668E-06
            4716       99  0.179542256127E-06
            4716      100  0.173160006578E-06
            4716      101  0.167059384573E-06
            4718        1 -0.114285966987E-01
            4718        2 -0.712514099598E-02
            4718        3 -0.441007500405E-02
            4718        4 -0.276614285465E-02
            4718        5 -0.174161997600E-02
            4718        6 -0.109369705064E-02
            4718        7 -0.681318476252E-03
            4718        8 -0.418664687261E-03
            4718        9 -0.252781467457E-03
            4718       10 -0.149450231611E-03
            4718       11 -0.859766284785E-04
            4718       12 -0.476963057798E-04
            4718       13 -0.252220198484E-04
            4718       14 -0.123998291457E-04
            4718       15 -0.529510595722E-05
            4718       16 -0.165683541807E-05
            4718       17  0.121864960101E-06
            4718       18  0.843111450569E-06
            4718       19  0.103542973679E-05
            4718       20  0.975658156882E-06
            4718       21  0.818866763864E-06
            4718       22  0.614691110486E-06
            4718       23  0.407773872322E-06
            4718       24  0.238441256989E-06
            4718       25  0.112739417360E-06
            4718       26  0.203672996132E-07
            4718       27 -0.490761631113E-07
            4718       28 -0.103974673950E-06
            4718       29 -0.146242656326E-06
            4718       30 -0.176500396112E-06
            4718       31 -0.195381457711E-06
            4718       32 -0.203489058654E-06
            4718       33 -0.203266224067E-06
            4718       34 -0.201132750794E-06
            4718       35 -0.196974241065E-06
            4718       36 -0.190948832523E-06
            4718       37 -0.183446719957E-06
            4718       38 -0.175015948337E-06
            4718       39 -0.166229838903E-06
            4718       40 -0.157310137960E-06
            4718       41 -0.148426249700E-06
            4718       42 -0.139801670349E-06
            4718       43 -0.131435196326E-06
            4718       44 -0.123122563892E-06
            4718       45 -0.115650016795E-06
            4718       46 -0.108800655885E-06
            4718       47 -0.102356776927E-06
            4718       48 -0.963029714478E-07
            4718       49 -0.906232213118E-07
            4718       50 -0.852998331324E-07
            4718       51 -0.803142167118E-07
            4718       52 -0.756474579975E-07
            4718       53 -0.712807351634E-07
            4718       54 -0.671956152092E-07
            4718       55 -0.633742598319E-07
            4718       56 -0.597995627041E-07
            4718       57 -0.564552351800E-07
            4718       58 -0.533258535043E-07
            4718       59 -0.503968775768E-07
            4718       60 -0.476546489661E-07
            4718       61 -0.450863740613E-07
            4718       62 -0.426800968462E-07
            4718       63 -0.404246646990E-07
            4718       64 -0.383096897883E-07
            4718       65 -0.363255079881E-07
            4718       66 -0.344631367375E-07
            4718       67 -0.327142328918E-07
            4718       68 -0.310710513151E-07
            4718       69 -0.295264047423E-07
            4718       70 -0.280736252685E-07
            4718       71 -0.267065276907E-07
            4718       72 -0.254193748346E-07
            4718       73 -0.242068449242E-07
            4718       74 -0.230640009990E-07
            4718       75 -0.219862623462E-07
            4718       76 -0.209693778876E-07
            4718       77 -0.200094014430E-07
            4718       78 -0.191026687797E-07
            4718       79 -0.182457763502E-07
            4718       80 -0.174355616199E-07
            4718       81 -0.166690848814E-07
            4718       82 -0.159436124573E-07
            4718       83 -0.152566011958E-07
            4718       84 -0.146056841645E-07
            4718       85 -0.139886574564E-07
            4718       86 -0.134034680226E-07
            4718       87 -0.128482024552E-07
            4718       88 -0.123210766459E-07
            4718       89 -0.118204262517E-07
            4718       90 -0.113446979054E-07
            4718       91 -0.108924411099E-07
            4718       92 -0.104623007641E-07
            4718       93 -0.100530102678E-07
            4718       94 -0.966338516063E-08
            4718       95 -0.929231725074E-08
            4718       96 -0.893876919557E-08
            4718       97 -0.860176949687E-08
            4718       98 -0.828040787757E-08
            4718       99 -0.797383100917E-08
            4718      100 -0.768123856228E-08
            4718      101 -0.740187955408E-08
            4720        1  0.131123775261E-02
            4720        2  0.838331027067E-03
            4720        3  0.726639279603E-03
            4720        4  0.522813371084E-03
            4720        5  0.343120055769E-03
            4720        6  0.211023954506E-03
            4720        7  0.120561641222E-03
            4720        8  0.621932704374E-04
            4720        9  0.267805143730E-04
            4720       10  0.665194418591E-05
            4720       11 -0.423653310469E-05
            4720       12 -0.964111357610E-05
            4720       13 -0.117605630268E-04
            4720       14 -0.120282574238E-04
            4720       15 -0.113338782692E-04
            4720       16 -0.101847539358E-04
            4720       17 -0.893520135155E-05
            4720       18 -0.773315178831E-05
            4720       19 -0.665826023332E-05
            4720       20 -0.572896411328E-05
            4720       21 -0.494269372346E-05
            4720       22 -0.428030232540E-05
            4720       23 -0.372185817101E-05
            4720       24 -0.324814802118E-05
            4720       25 -0.284566481268E-05
            4720       26 -0.250362259924E-05
            4720       27 -0.221125260067E-05
            4720       28 -0.195902788265E-05
            4720       29 -0.174140386066E-05
            4720       30 -0.155363259347E-05
            4720       31 -0.139098332031E-05
            4720       32 -0.124963772308E-05
            4720       33 -0.112674408579E-05
            4720       34 -0.101885121183E-05
            4720       35 -0.923680992630E-06
            4720       36 -0.839537592824E-06
            4720       37 -0.765088014910E-06
            4720       38 -0.698984630524E-06
            4720       39 -0.639959371592E-06
            4720       40 -0.587162236397E-06
            4720       41 -0.539854273470E-06
            4720       42 -0.497290752555E-06
            4720       43 -0.458793355175E-06
            4720       44 -0.423776321883E-06
            4720       45 -0.392134702188E-06
            4720       46 -0.363538754951E-06
            4720       47 -0.337557633922E-06
            4720       48 -0.313902502124E-06
            4720       49 -0.292323014976E-06
            4720       50 -0.272600278895E-06
            4720       51 -0.254542343540E-06
            4720       52 -0.237980417591E-06
            4720       53 -0.222765679981E-06
            4720       54 -0.208766583198E-06
            4720       55 -0.195866564820E-06
            4720       56 -0.183962099041E-06
            4720       57 -0.172961032364E-06
            4720       58 -0.162781157643E-06
            4720       59 -0.153348988743E-06
            4720       60 -0.144598704588E-06
            4720       61 -0.136471236695E-06
            4720       62 -0.128913478616E-06
            4720       63 -0.121877599260E-06
            4720       64 -0.115320444980E-06
            4720       65 -0.109203017727E-06
            4720       66 -0.103490018551E-06
            4720       67 -0.981494473881E-07
            4720       68 -0.931522514377E-07
            4720       69 -0.884720156148E-07
            4720       70 -0.840846894814E-07
            4720       71 -0.799683459048E-07
            4720       72 -0.761029673566E-07
            4720       73 -0.724702563459E-07
            4720       74 -0.690534669665E-07
            4720       75 -0.658372549550E-07
            4720       76 -0.628075440029E-07
            4720       77 -0.599514063747E-07
            4720       78 -0.572569561328E-07
            4720       79 -0.547132534975E-07
            4720       80 -0.523102190531E-07
            4720       81 -0.500385566791E-07
            4720       82 -0.478896842234E-07
            4720       83 -0.458556710550E-07
            4720       84 -0.439291817423E-07
            4720       85 -0.421034251891E-07
            4720       86 -0.403721086443E-07
            4720       87 -0.387293960671E-07
            4720       88 -0.371698703929E-07
            4720       89 -0.356884992912E-07
            4720       90 -0.342806040637E-07
            4720       91 -0.329418313566E-07
            4720       92 -0.316681274123E-07
            4720       93 -0.304557146029E-07
            4720       94 -0.293010700238E-07
            4720       95 -0.282009059469E-07
            4720       96 -0.271521519548E-07
            4720       97 -0.261519385958E-07
            4720       98 -0.251975824162E-07
            4720       99 -0.242865722410E-07
            4720      100 -0.234165565898E-07
            4720      101 -0.225853321210E-07
            4723        1  0.449691555293E-02
            4723        2  0.278324156824E-02
            4723        3  0.137694520960E-02
            4723        4  0.596709774146E-03
            4723        5  0.173709391234E-03
            4723        6 -0.406791234136E-04
            4723        7 -0.136372694209E-03
            4723        8 -0.166981763421E-03
            4723        9 -0.165034811337E-03
            4723       10 -0.148495938251E-03
            4723       11 -0.126660814897E-03
            4723       12 -0.104613665926E-03
            4723       13 -0.848499712936E-04
            4723       14 -0.681639094997E-04
            4723       15 -0.545148289820E-04
            4723       16 -0.435779554958E-04
            4723       17 -0.349689487219E-04
            4723       18 -0.282460489952E-04
            4723       19 -0.229971774445E-04
            4723       20 -0.188724488694E-04
            4723       21 -0.156130671560E-04
            4723       22 -0.130505284459E-04
            4723       23 -0.110206046927E-04
            4723       24 -0.936797657969E-05
            4723       25 -0.800807516446E-05
            4723       26 -0.689007039484E-05
            4723       27 -0.596334206080E-05
            4723       28 -0.518353687821E-05
            4723       29 -0.452639833397E-05
            4723       30 -0.397169014398E-05
            4723       31 -0.349927182142E-05
            4723       32 -0.309371458157E-05
            4723       33 -0.274545471592E-05
            4723       34 -0.244407136362E-05
            4723       35 -0.218174079177E-05
            4723       36 -0.195276062000E-05
            4723       37 -0.175280617626E-05
            4723       38 -0.157747998886E-05
            4723       39 -0.142266201544E-05
            4723       40 -0.128575358669E-05
            4723       41 -0.116455412837E-05
            4723       42 -0.105683392383E-05
            4723       43 -0.960649475832E-06
            4723       44 -0.874837952478E-06
            4723       45 -0.798244142983E-06
            4723       46 -0.729599391181E-06
            4723       47 -0.667921225892E-06
            4723       48 -0.612398226999E-06
            4723       49 -0.562325773111E-06
            4723       50 -0.517089842991E-06
            4723       51 -0.476154140854E-06
            4723       52 -0.439049217877E-06
            4723       53 -0.405363255749E-06
            4723       54 -0.374734237939E-06
            4723       55 -0.346843282848E-06
            4723       56 -0.321408952401E-06
            4723       57 -0.298182381707E-06
            4723       58 -0.276943101596E-06
            4723       59 -0.257495447335E-06
            4723       60 -0.239665464448E-06
            4723       61 -0.223298237120E-06
            4723       62 -0.208255576602E-06
            4723       63 -0.194414017093E-06
            4723       64 -0.181663074705E-06
            4723       65 -0.169903732078E-06
            4723       66 -0.159047116926E-06
            4723       67 -0.149013347559E-06
            4723       68 -0.139730522498E-06
            4723       69 -0.131133834664E-06
            4723       70 -0.123164793442E-06
            4723       71 -0.115770540367E-06
            4723       72 -0.108903246194E-06
            4723       73 -0.102519578820E-06
            4723       74 -0.965802330315E-07
            4723       75 -0.910495142437E-07
            4723       76 -0.858949695166E-07
            4723       77 -0.810870599910E-07
            4723       78 -0.765988696990E-07
            4723       79 -0.724058463485E-07
            4723       80 -0.684855702677E-07
            4723       81 -0.648175481769E-07
            4723       82 -0.613830288870E-07
            4723       83 -0.581648383872E-07
            4723       84 -0.551472320993E-07
            4723       85 -0.523157623566E-07
            4723       86 -0.496571593970E-07
            4723       87 -0.471592243693E-07
            4723       88 -0.448107330342E-07
            4723       89 -0.426013489928E-07
            4723       90 -0.405215454185E-07
            4723       91 -0.385625343824E-07
            4723       92 -0.367162029699E-07
            4723       93 -0.349750554791E-07
            4723       94 -0.333321610671E-07
            4723       95 -0.317811062867E-07
            4723       96 -0.303159520152E-07
            4723       97 -0.289311943320E-07
            4723       98 -0.276217289490E-07
            4723       99 -0.263828188452E-07
            4723      100 -0.252100647878E-07
            4723      101 -0.240993784589E-07
            4725        1  0.697061072761E-02
            4725        2  0.431882098262E-02
            4725        3  0.229582540074E-02
            4725        4  0.120877753718E-02
            4725        5  0.613554734128E-03
            4725        6  0.289174374787E-03
            4725        7  0.116384398023E-03
            4725        8  0.282552142460E-04
            4725        9 -0.131101912515E-04
            4725       10 -0.293359772279E-04
            4725       11 -0.329017822059E-04
            4725       12 -0.306878470730E-04
            4725       13 -0.262731594310E-04
            4725       14 -0.214538752424E-04
            4725       15 -0.170205556150E-04
            4725       16 -0.132455914993E-04
            4725       17 -0.102360415385E-04
            4725       18 -0.789890274036E-05
            4725       19 -0.611254788733E-05
            4725       20 -0.475596005872E-05
            4725       21 -0.373289071764E-05
            4725       22 -0.297311974587E-05
            4725       23 -0.240765960747E-05
            4725       24 -0.197139997332E-05
            4725       25 -0.163002209271E-05
            4725       26 -0.136389086411E-05
            4725       27 -0.115346255190E-05
            4725       28 -0.982041402843E-06
            4725       29 -0.842064570470E-06
            4725       30 -0.727796187221E-06
            4725       31 -0.633528896642E-06
            4725       32 -0.555175920053E-06
            4725       33 -0.490057096543E-06
            4725       34 -0.433957841282E-06
            4725       35 -0.385597668942E-06
            4725       36 -0.343917833858E-06
            4725       37 -0.307991743848E-06
            4725       38 -0.276800043435E-06
            4725       39 -0.249365422292E-06
            4725       40 -0.225184281349E-06
            4725       41 -0.203855942301E-06
            4725       42 -0.184944970441E-06
            4725       43 -0.168153317142E-06
            4725       44 -0.153417329520E-06
            4725       45 -0.140112414451E-06
            4725       46 -0.128084585267E-06
            4725       47 -0.117275177410E-06
            4725       48 -0.107543704042E-06
            4725       49 -0.987669772944E-07
            4725       50 -0.908375767941E-07
            4725       51 -0.836616297097E-07
            4725       52 -0.771569295532E-07
            4725       53 -0.712513384134E-07
            4725       54 -0.658814268663E-07
            4725       55 -0.609913136262E-07
            4725       56 -0.565316734330E-07
            4725       57 -0.524588869485E-07
            4725       58 -0.487343107861E-07
            4725       59 -0.453236493872E-07
            4725       60 -0.421964134238E-07
            4725       61 -0.393254518757E-07
            4725       62 -0.366865469526E-07
            4725       63 -0.342580627531E-07
            4725       64 -0.320206399491E-07
            4725       65 -0.299569299762E-07
            4725       66 -0.280513632025E-07
            4725       67 -0.262899463668E-07
            4725       68 -0.246600852900E-07
            4725       69 -0.231504294387E-07
            4725       70 -0.217507354237E-07
            4725       71 -0.204517469300E-07
            4725       72 -0.192450889346E-07
            4725       73 -0.181231743644E-07
            4725       74 -0.170791216084E-07
            4725       75 -0.161066815117E-07
            4725       76 -0.152001726686E-07
            4725       77 -0.143544239886E-07
            4725       78 -0.135647236478E-07
            4725       79 -0.128267736530E-07
            4725       80 -0.121366493477E-07
            4725       81 -0.114907632758E-07
            4725       82 -0.108858328919E-07
            4725       83 -0.103188516739E-07
            4725       84 -0.978706324569E-08
            4725       85 -0.928793817070E-08
            4725       86 -0.881915311470E-08
            4725       87 -0.837857211471E-08
            4725       88 -0.796422972245E-08
            4725       89 -0.757431581752E-08
            4725       90 -0.720716191053E-08
            4725       91 -0.686122877641E-08
            4725       92 -0.653509527743E-08
            4725       93 -0.622744825101E-08
            4725       94 -0.593707335179E-08
            4725       95 -0.566284674961E-08
            4725       96 -0.540372759638E-08
            4725       97 -0.515875118411E-08
            4725       98 -0.492702272452E-08
            4725       99 -0.470771168946E-08
            4725      100 -0.450004665613E-08
            4725      101 -0.430331060828E-08
            4729        1 -0.507578909380E-02
            4729        2 -0.316917171462E-02
            4729        3 -0.198026380863E-02
            4729        4 -0.121691031849E-02
            4729        5 -0.728031574217E-03
            4729        6 -0.417787662635E-03
            4729        7 -0.223798037203E-03
            4729        8 -0.105468032429E-03
            4729        9 -0.357020276302E-04
            4729       10  0.336169726183E-05
            4729       11  0.235462355704E-04
            4729       12  0.324818582413E-04
            4729       13  0.349442347573E-04
            4729       14  0.339179126732E-04
            4729       15  0.312179334409E-04
            4729       16  0.278207512171E-04
            4729       17  0.243864006460E-04
            4729       18  0.211796594744E-04
            4729       19  0.183315265003E-04
            4729       20  0.158515404564E-04
            4729       21  0.137204869933E-04
            4729       22  0.118998747774E-04
            4729       23  0.103502996089E-04
            4729       24  0.903307739261E-05
            4729       25  0.791524288213E-05
            4729       26  0.696655799143E-05
            4729       27  0.615680256929E-05
            4729       28  0.545922578926E-05
            4729       29  0.485820225117E-05
            4729       30  0.434033212444E-05
            4729       31  0.389226387382E-05
            4729       32  0.350327545818E-05
            4729       33  0.316526822921E-05
            4729       34  0.286806292975E-05
            4729       35  0.260542814336E-05
            4729       36  0.237274977721E-05
            4729       37  0.216641560615E-05
            4729       38  0.198276154784E-05
            4729       39  0.181834199696E-05
            4729       40  0.167089308602E-05
            4729       41  0.153846300047E-05
            4729       42  0.141908154462E-05
            4729       43  0.131113340085E-05
            4729       44  0.121368634698E-05
            4729       45  0.112519228723E-05
            4729       46  0.104464061951E-05
            4729       47  0.971261066948E-06
            4729       48  0.904292522787E-06
            4729       49  0.843066808747E-06
            4729       50  0.786996411176E-06
            4729       51  0.735563449345E-06
            4729       52  0.688310323150E-06
            4729       53  0.644831759607E-06
            4729       54  0.604768028482E-06
            4729       55  0.567799138191E-06
            4729       56  0.533639856373E-06
            4729       57  0.502035426304E-06
            4729       58  0.472757872124E-06
            4729       59  0.445602803907E-06
            4729       60  0.420386648093E-06
            4729       61  0.396944240953E-06
            4729       62  0.375126732661E-06
            4729       63  0.354799757835E-06
            4729       64  0.335841835191E-06
            4729       65  0.318142964710E-06
            4729       66  0.301603395428E-06
            4729       67  0.286132540984E-06
            4729       68  0.271648023375E-06
            4729       69  0.258074828217E-06
            4729       70  0.245344557148E-06
            4729       71  0.233394765074E-06
            4729       72  0.222168371611E-06
            4729       73  0.211613137577E-06
            4729       74  0.201681198583E-06
            4729       75  0.192328648869E-06
            4729       76  0.183515169386E-06
            4729       77  0.175203694956E-06
            4729       78  0.167360115959E-06
            4729       79  0.159953010601E-06
            4729       80  0.152953404305E-06
            4729       81  0.146334553179E-06
            4729       82  0.140071748919E-06
            4729       83  0.134142142775E-06
            4729       84  0.128524586567E-06
            4729       85  0.123199488875E-06
            4729       86  0.118148684850E-06
            4729       87  0.113355318188E-06
            4729       88  0.108803734036E-06
            4729       89  0.104479381687E-06
            4729       90  0.100368726106E-06
            4729       91  0.964591673682E-07
            4729       92  0.927389672588E-07
            4729       93  0.891971823076E-07
            4729       94  0.858236026480E-07
            4729       95  0.826086961372E-07
            4729       96  0.795435572374E-07
            4729       97  0.766198602094E-07
            4729       98  0.738298162198E-07
            4729       99  0.711661339928E-07
            4729      100  0.686219836931E-07
            4729      101  0.661909637390E-07
            4731        1 -0.567938757757E-02
            4731        2 -0.353315525864E-02
            4731        3 -0.208502774462E-02
            4731        4 -0.123745208915E-02
            4731        5 -0.724036625945E-03
            4731        6 -0.408674609893E-03
            4731        7 -0.215716920118E-03
            4731        8 -0.995073879462E-04
            4731        9 -0.314918067037E-04
            4731       10  0.642051036255E-05
            4731       11  0.258364771750E-04
            4731       12  0.342491925648E-04
            4731       13  0.363825539226E-04
            4731       14  0.351602630266E-04
            4731       15  0.323433822639E-04
            4731       16  0.288732816867E-04
            4731       17  0.253845596574E-04
            4731       18  0.221308544630E-04
            4731       19  0.192379427274E-04
            4731       20  0.167161402961E-04
            4731       21  0.145464480435E-04
            4731       22  0.126894546586E-04
            4731       23  0.111047822065E-04
            4731       24  0.975282074349E-05
            4731       25  0.860005947365E-05
            4731       26  0.761589611576E-05
            4731       27  0.676974752482E-05
            4731       28  0.603475737856E-05
            4731       29  0.539602052506E-05
            4731       30  0.484102256673E-05
            4731       31  0.435729045907E-05
            4731       32  0.393462312893E-05
            4731       33  0.356504109330E-05
            4731       34  0.323864501020E-05
            4731       35  0.294913973302E-05
            4731       36  0.269178266239E-05
            4731       37  0.246279300350E-05
            4731       38  0.225834866688E-05
            4731       39  0.207485329497E-05
            4731       40  0.190989036539E-05
            4731       41  0.176135868083E-05
            4731       42  0.162714359262E-05
            4731       43  0.150553236576E-05
            4731       44  0.139554005945E-05
            4731       45  0.129541177538E-05
            4731       46  0.120408314395E-05
            4731       47  0.112074179033E-05
            4731       48  0.104455697748E-05
            4731       49  0.974797006160E-06
            4731       50  0.910816730417E-06
            4731       51  0.852045963827E-06
            4731       52  0.797979614845E-06
            4731       53  0.748169268003E-06
            4731       54  0.702215978206E-06
            4731       55  0.659764085889E-06
            4731       56  0.620495894117E-06
            4731       57  0.584127075500E-06
            4731       58  0.550402698740E-06
            4731       59  0.519093782930E-06
            4731       60  0.489994302391E-06
            4731       61  0.462918577182E-06
            4731       62  0.437698994626E-06
            4731       63  0.414184015568E-06
            4731       64  0.392236426195E-06
            4731       65  0.371731802070E-06
            4731       66  0.352557156014E-06
            4731       67  0.334609745561E-06
            4731       68  0.317796019248E-06
            4731       69  0.302030683907E-06
            4731       70  0.287235877649E-06
            4731       71  0.273340435329E-06
            4731       72  0.260279235094E-06
            4731       73  0.247992616132E-06
            4731       74  0.236425859082E-06
            4731       75  0.225528721655E-06
            4731       76  0.215255022997E-06
            4731       77  0.205562271159E-06
            4731       78  0.196411328724E-06
            4731       79  0.187766112304E-06
            4731       80  0.179593322099E-06
            4731       81  0.171862198213E-06
            4731       82  0.164544300803E-06
            4731       83  0.157613311487E-06
            4731       84  0.151044853745E-06
            4731       85  0.144816330310E-06
            4731       86  0.138906775767E-06
            4731       87  0.133296722805E-06
            4731       88  0.127968080710E-06
            4731       89  0.122904024871E-06
            4731       90  0.118088896206E-06
            4731       91  0.113508109502E-06
            4731       92  0.109148069819E-06
            4731       93  0.104996096166E-06
            4731       94  0.101040351746E-06
            4731       95  0.972697801607E-07
            4731       96  0.936740469898E-07
            4731       97  0.902434862709E-07
            4731       98  0.869690514080E-07
            4731       99  0.838422701083E-07
            4731      100  0.808552029873E-07
            4731      101  0.780004055077E-07
