            4117        1  0.263725450975E-02
            4117        2  0.162400047736E-02
            4117        3  0.771039455645E-03
            4117        4  0.376473682884E-03
            4117        5  0.185757652051E-03
            4117        6  0.907609041629E-04
            4117        7  0.433051801708E-04
            4117        8  0.195116890818E-04
            4117        9  0.773717478609E-05
            4117       10  0.211766282721E-05
            4117       11 -0.365750285489E-06
            4117       12 -0.125699429088E-05
            4117       13 -0.137364128814E-05
            4117       14 -0.117171323559E-05
            4117       15 -0.877691342909E-06
            4117       16 -0.585519925827E-06
            4117       17 -0.347029804970E-06
            4117       18 -0.165045269153E-06
            4117       19 -0.343045308279E-07
            4117       20  0.522556063171E-07
            4117       21  0.102853775688E-06
            4117       22  0.126762218069E-06
            4117       23  0.133303068094E-06
            4117       24  0.131206347189E-06
            4117       25  0.124499696692E-06
            4117       26  0.114968323383E-06
            4117       27  0.104383510448E-06
            4117       28  0.941713565861E-07
            4117       29  0.846510232751E-07
            4117       30  0.759202363671E-07
            4117       31  0.680746973396E-07
            4117       32  0.610770834171E-07
            4117       33  0.548141428659E-07
            4117       34  0.493969805531E-07
            4117       35  0.445582408939E-07
            4117       36  0.401686650029E-07
            4117       37  0.361925283493E-07
            4117       38  0.326053205742E-07
            4117       39  0.293864773156E-07
            4117       40  0.265029913824E-07
            4117       41  0.239217434079E-07
            4117       42  0.216137511897E-07
            4117       43  0.195491984444E-07
            4117       44  0.176881482275E-07
            4117       45  0.160257683667E-07
            4117       46  0.145446942747E-07
            4117       47  0.132181530431E-07
            4117       48  0.120283701423E-07
            4117       49  0.109598372484E-07
            4117       50  0.999893184749E-08
            4117       51  0.913367831997E-08
            4117       52  0.835353925105E-08
            4117       53  0.764923347677E-08
            4117       54  0.701257763084E-08
            4117       55  0.643634825748E-08
            4117       56  0.591416186301E-08
            4117       57  0.544037057633E-08
            4117       58  0.500997136899E-08
            4117       59  0.461852704187E-08
            4117       60  0.426209741470E-08
            4117       61  0.393717936014E-08
            4117       62  0.364065450462E-08
            4117       63  0.336974357579E-08
            4117       64  0.312196651465E-08
            4117       65  0.289510758977E-08
            4117       66  0.268718485477E-08
            4117       67  0.249642337980E-08
            4117       68  0.232123176488E-08
            4117       69  0.216018150996E-08
            4117       70  0.201198887370E-08
            4117       71  0.187549890261E-08
            4117       72  0.174967135495E-08
            4117       73  0.163356828029E-08
            4117       74  0.152634304749E-08
            4117       75  0.142723064124E-08
            4117       76  0.133553907066E-08
            4117       77  0.125064175390E-08
            4117       78  0.117197076046E-08
            4117       79  0.109901080778E-08
            4117       80  0.103129392222E-08
            4117       81  0.968394685542E-09
            4117       82  0.909925998325E-09
            4117       83  0.855535299897E-09
            4117       84  0.804901192147E-09
            4117       85  0.757730420893E-09
            4117       86  0.713755174173E-09
            4117       87  0.672730661731E-09
            4117       88  0.634432944260E-09
            4117       89  0.598656984709E-09
            4117       90  0.565214897253E-09
            4117       91  0.533934372363E-09
            4117       92  0.504657258867E-09
            4117       93  0.477238286285E-09
            4117       94  0.451543912369E-09
            4117       95  0.427451282731E-09
            4117       96  0.404847290777E-09
            4117       97  0.383627727540E-09
            4117       98  0.363696512147E-09
            4117       99  0.344964994679E-09
            4117      100  0.327351324078E-09
            4117      101  0.310779874568E-09
            4118        1 -0.147481132938E-02
            4118        2 -0.908023876847E-03
            4118        3 -0.438850147251E-03
            4118        4 -0.226925740361E-03
            4118        5 -0.125089083075E-03
            4118        6 -0.729877049340E-04
            4118        7 -0.449869311878E-04
            4118        8 -0.288671799986E-04
            4118        9 -0.190651528163E-04
            4118       10 -0.128689242365E-04
            4118       11 -0.887472806550E-05
            4118       12 -0.627210472751E-05
            4118       13 -0.454776146572E-05
            4118       14 -0.337186685378E-05
            4118       15 -0.254226468389E-05
            4118       16 -0.194758278781E-05
            4118       17 -0.150816395114E-05
            4118       18 -0.118130932222E-05
            4118       19 -0.934992466596E-06
            4118       20 -0.745896312464E-06
            4118       21 -0.598315277062E-06
            4118       22 -0.483770495450E-06
            4118       23 -0.394125325718E-06
            4118       24 -0.321721468387E-06
            4118       25 -0.262699471688E-06
            4118       26 -0.215011448892E-06
            4118       27 -0.176620727843E-06
            4118       28 -0.145666902476E-06
            4118       29 -0.120854816629E-06
            4118       30 -0.101002388728E-06
            4118       31 -0.849335438346E-07
            4118       32 -0.717524346810E-07
            4118       33 -0.609568409816E-07
            4118       34 -0.520740530611E-07
            4118       35 -0.446460042837E-07
            4118       36 -0.383848533336E-07
            4118       37 -0.331125816835E-07
            4118       38 -0.286530011854E-07
            4118       39 -0.248444314344E-07
            4118       40 -0.215900484708E-07
            4118       41 -0.188111448537E-07
            4118       42 -0.164291315292E-07
            4118       43 -0.143799244866E-07
            4118       44 -0.126278458028E-07
            4118       45 -0.111150420502E-07
            4118       46 -0.980344967512E-08
            4118       47 -0.866581200093E-08
            4118       48 -0.767660930604E-08
            4118       49 -0.681440150770E-08
            4118       50 -0.606113520451E-08
            4118       51 -0.540156436547E-08
            4118       52 -0.482277746563E-08
            4118       53 -0.431381019905E-08
            4118       54 -0.386532724071E-08
            4118       55 -0.346935991618E-08
            4118       56 -0.311908929263E-08
            4118       57 -0.280866629240E-08
            4118       58 -0.253306207955E-08
            4118       59 -0.228794327662E-08
            4118       60 -0.206956760821E-08
            4118       61 -0.187469639761E-08
            4118       62 -0.170052100715E-08
            4118       63 -0.154460084672E-08
            4118       64 -0.140481100504E-08
            4118       65 -0.127929790627E-08
            4118       66 -0.116644167626E-08
            4118       67 -0.106482413229E-08
            4118       68 -0.973201497304E-09
            4118       69 -0.890481092199E-09
            4118       70 -0.815701385510E-09
            4118       71 -0.748014882753E-09
            4118       72 -0.686673422665E-09
            4118       73 -0.631015517805E-09
            4118       74 -0.580455435100E-09
            4118       75 -0.534473760207E-09
            4118       76 -0.492609229676E-09
            4118       77 -0.454451648430E-09
            4118       78 -0.419635738013E-09
            4118       79 -0.387835784549E-09
            4118       80 -0.358760974977E-09
            4118       81 -0.332151326688E-09
            4118       82 -0.307774129626E-09
            4118       83 -0.285420831684E-09
            4118       84 -0.264904308162E-09
            4118       85 -0.246056464511E-09
            4118       86 -0.228726128734E-09
            4118       87 -0.212777195894E-09
            4118       88 -0.198086992398E-09
            4118       89 -0.184544832114E-09
            4118       90 -0.172050740191E-09
            4118       91 -0.160514323683E-09
            4118       92 -0.149853770852E-09
            4118       93 -0.139994963412E-09
            4118       94 -0.130870688049E-09
            4118       95 -0.122419935271E-09
            4118       96 -0.114587275239E-09
            4118       97 -0.107322301480E-09
            4118       98 -0.100579134563E-09
            4118       99 -0.943159788058E-10
            4118      100 -0.884947259158E-10
            4118      101 -0.830806002359E-10
            4119        1  0.927953397290E-04
            4119        2  0.584474534737E-04
            4119        3  0.386010450150E-04
            4119        4  0.248096237359E-04
            4119        5  0.165400110995E-04
            4119        6  0.113685352500E-04
            4119        7  0.779663220025E-05
            4119        8  0.532558442806E-05
            4119        9  0.368437468305E-05
            4119       10  0.264063110386E-05
            4119       11  0.197223714482E-05
            4119       12  0.150985834385E-05
            4119       13  0.116204314387E-05
            4119       14  0.892865424607E-06
            4119       15  0.685848865457E-06
            4119       16  0.528062771891E-06
            4119       17  0.407836000383E-06
            4119       18  0.315801752355E-06
            4119       19  0.244502636546E-06
            4119       20  0.188990321432E-06
            4119       21  0.145793830505E-06
            4119       22  0.112770702121E-06
            4119       23  0.878413867910E-07
            4119       24  0.690077148836E-07
            4119       25  0.549178104585E-07
            4119       26  0.445279970975E-07
            4119       27  0.367965431862E-07
            4119       28  0.308239950421E-07
            4119       29  0.261671556920E-07
            4119       30  0.224740993649E-07
            4119       31  0.193956348072E-07
            4119       32  0.167101441794E-07
            4119       33  0.143752080004E-07
            4119       34  0.123618414702E-07
            4119       35  0.106408412542E-07
            4119       36  0.918046355379E-08
            4119       37  0.794732556130E-08
            4119       38  0.690801715216E-08
            4119       39  0.603064789514E-08
            4119       40  0.529012110420E-08
            4119       41  0.466323780775E-08
            4119       42  0.412685749615E-08
            4119       43  0.366250760938E-08
            4119       44  0.322669686923E-08
            4119       45  0.282954481408E-08
            4119       46  0.249413588599E-08
            4119       47  0.220359912939E-08
            4119       48  0.195113360592E-08
            4119       49  0.173121409236E-08
            4119       50  0.153919267094E-08
            4119       51  0.137114781768E-08
            4119       52  0.122376138711E-08
            4119       53  0.109421798946E-08
            4119       54  0.980122408465E-09
            4119       55  0.879431605997E-09
            4119       56  0.790398561544E-09
            4119       57  0.711525746043E-09
            4119       58  0.641526464063E-09
            4119       59  0.579292642269E-09
            4119       60  0.523867915196E-09
            4119       61  0.474425076949E-09
            4119       62  0.430247141564E-09
            4119       63  0.390711394393E-09
            4119       64  0.355275929223E-09
            4119       65  0.323468256704E-09
            4119       66  0.294875643071E-09
            4119       67  0.269136897927E-09
            4119       68  0.245935378451E-09
            4119       69  0.224993017166E-09
            4119       70  0.206065212921E-09
            4119       71  0.188936451497E-09
            4119       72  0.173416544248E-09
            4119       73  0.159337391357E-09
            4119       74  0.146550191329E-09
            4119       75  0.134923030808E-09
            4119       76  0.124338799181E-09
            4119       77  0.114693381072E-09
            4119       78  0.105894087026E-09
            4119       79  0.978582887544E-10
            4119       80  0.905122303479E-10
            4119       81  0.837899911362E-10
            4119       82  0.776325794521E-10
            4119       83  0.719871395827E-10
            4119       84  0.668062567445E-10
            4119       85  0.620473470910E-10
            4119       86  0.576721215908E-10
            4119       87  0.536461141803E-10
            4119       88  0.499382659227E-10
            4119       89  0.465205580424E-10
            4119       90  0.433676876693E-10
            4119       91  0.404567809562E-10
            4119       92  0.377671389526E-10
            4119       93  0.352800122114E-10
            4119       94  0.329784006496E-10
            4119       95  0.308468756191E-10
            4119       96  0.288714215451E-10
            4119       97  0.270392948196E-10
            4119       98  0.253388979320E-10
            4119       99  0.237596670697E-10
            4119      100  0.222919716401E-10
            4119      101  0.209270243564E-10
            4120        1  0.171163466683E-02
            4120        2  0.105575129410E-02
            4120        3  0.525781598169E-03
            4120        4  0.278136024522E-03
            4120        5  0.156201611630E-03
            4120        6  0.927081143295E-04
            4120        7  0.578930145548E-04
            4120        8  0.374919759387E-04
            4120        9  0.249204181198E-04
            4120       10  0.169227400784E-04
            4120       11  0.117567927115E-04
            4120       12  0.837997793683E-05
            4120       13  0.612423210681E-05
            4120       14  0.456804921601E-05
            4120       15  0.345746125639E-05
            4120       16  0.265314945000E-05
            4120       17  0.205506590499E-05
            4120       18  0.160838608955E-05
            4120       19  0.127129316423E-05
            4120       20  0.101257445586E-05
            4120       21  0.811002181149E-06
            4120       22  0.654903065013E-06
            4120       23  0.533056288489E-06
            4120       24  0.434896248133E-06
            4120       25  0.355060859635E-06
            4120       26  0.290669452537E-06
            4120       27  0.238856726418E-06
            4120       28  0.197025423176E-06
            4120       29  0.163437842516E-06
            4120       30  0.136528233122E-06
            4120       31  0.114738660187E-06
            4120       32  0.968758526281E-07
            4120       33  0.822587710031E-07
            4120       34  0.702447783936E-07
            4120       35  0.602110357924E-07
            4120       36  0.517648549091E-07
            4120       37  0.446620317870E-07
            4120       38  0.386608372086E-07
            4120       39  0.335396473024E-07
            4120       40  0.291667185683E-07
            4120       41  0.254354140230E-07
            4120       42  0.222391994470E-07
            4120       43  0.194683183182E-07
            4120       44  0.170312339381E-07
            4120       45  0.149645608690E-07
            4120       46  0.132017467859E-07
            4120       47  0.116725874604E-07
            4120       48  0.103425298872E-07
            4120       49  0.918288269477E-08
            4120       50  0.816947497924E-08
            4120       51  0.728188521377E-08
            4120       52  0.650281141635E-08
            4120       53  0.581755497043E-08
            4120       54  0.521359621643E-08
            4120       55  0.468024440117E-08
            4120       56  0.420834807852E-08
            4120       57  0.379005481492E-08
            4120       58  0.341861123525E-08
            4120       59  0.308819617536E-08
            4120       60  0.279378108500E-08
            4120       61  0.253101292509E-08
            4120       62  0.229611568563E-08
            4120       63  0.208580735908E-08
            4120       64  0.189722977576E-08
            4120       65  0.172788917096E-08
            4120       66  0.157560572775E-08
            4120       67  0.143847064587E-08
            4120       68  0.131480953552E-08
            4120       69  0.120315113887E-08
            4120       70  0.110220054967E-08
            4120       71  0.101081623839E-08
            4120       72  0.927990304070E-09
            4120       73  0.852831467624E-09
            4120       74  0.784550399159E-09
            4120       75  0.722447036154E-09
            4120       76  0.665899603232E-09
            4120       77  0.614355088904E-09
            4120       78  0.567320972184E-09
            4120       79  0.524358023287E-09
            4120       80  0.485074028989E-09
            4120       81  0.449118315359E-09
            4120       82  0.416176959242E-09
            4120       83  0.385968595670E-09
            4120       84  0.358240741649E-09
            4120       85  0.332766568165E-09
            4120       86  0.309342061791E-09
            4120       87  0.287783525455E-09
            4120       88  0.267925374910E-09
            4120       89  0.249618193382E-09
            4120       90  0.232727011928E-09
            4120       91  0.217129787415E-09
            4120       92  0.202716053762E-09
            4120       93  0.189385725249E-09
            4120       94  0.177048033534E-09
            4120       95  0.165620582306E-09
            4120       96  0.155028505619E-09
            4120       97  0.145203717703E-09
            4120       98  0.136084243564E-09
            4120       99  0.127613621047E-09
            4120      100  0.119740366156E-09
            4120      101  0.112417494456E-09
            4121        1 -0.663826744649E-03
            4121        2 -0.407832692821E-03
            4121        3 -0.187844631868E-03
            4121        4 -0.929940127563E-04
            4121        5 -0.496581017335E-04
            4121        6 -0.284222750808E-04
            4121        7 -0.173039936482E-04
            4121        8 -0.109723238467E-04
            4121        9 -0.717075132636E-05
            4121       10 -0.481821233725E-05
            4121       11 -0.333984382446E-05
            4121       12 -0.239394413655E-05
            4121       13 -0.176791328143E-05
            4121       14 -0.133520850198E-05
            4121       15 -0.102390551380E-05
            4121       16 -0.795632196302E-06
            4121       17 -0.623038271658E-06
            4121       18 -0.491291761425E-06
            4121       19 -0.389294878642E-06
            4121       20 -0.309085427485E-06
            4121       21 -0.245301811546E-06
            4121       22 -0.195037086153E-06
            4121       23 -0.155500547279E-06
            4121       24 -0.124036705108E-06
            4121       25 -0.990638992587E-07
            4121       26 -0.795125488075E-07
            4121       27 -0.643162557235E-07
            4121       28 -0.524975504570E-07
            4121       29 -0.433641392098E-07
            4121       30 -0.362807757472E-07
            4121       31 -0.306163285081E-07
            4121       32 -0.259316277781E-07
            4121       33 -0.220571466042E-07
            4121       34 -0.188435734224E-07
            4121       35 -0.161459035825E-07
            4121       36 -0.138692003053E-07
            4121       37 -0.119508286638E-07
            4121       38 -0.103286920953E-07
            4121       39 -0.894553163512E-08
            4121       40 -0.776571466167E-08
            4121       41 -0.675964949577E-08
            4121       42 -0.589796371948E-08
            4121       43 -0.522070338697E-08
            4121       44 -0.479565608352E-08
            4121       45 -0.429619338594E-08
            4121       46 -0.378926903000E-08
            4121       47 -0.334889183799E-08
            4121       48 -0.296606977522E-08
            4121       49 -0.263247406827E-08
            4121       50 -0.234109423960E-08
            4121       51 -0.208601210748E-08
            4121       52 -0.186221741123E-08
            4121       53 -0.166545688047E-08
            4121       54 -0.149211027315E-08
            4121       55 -0.133908823754E-08
            4121       56 -0.120374789560E-08
            4121       57 -0.108382286339E-08
            4121       58 -0.977365071176E-09
            4121       59 -0.882696257143E-09
            4121       60 -0.798367415937E-09
            4121       61 -0.723124807500E-09
            4121       62 -0.655881391625E-09
            4121       63 -0.595692762186E-09
            4121       64 -0.541736822969E-09
            4121       65 -0.493296582940E-09
            4121       66 -0.449745558688E-09
            4121       67 -0.410535361332E-09
            4121       68 -0.375185118084E-09
            4121       69 -0.343272438203E-09
            4121       70 -0.314425682021E-09
            4121       71 -0.288317331785E-09
            4121       72 -0.264658296189E-09
            4121       73 -0.243193007753E-09
            4121       74 -0.223695194847E-09
            4121       75 -0.205964228904E-09
            4121       76 -0.189821963001E-09
            4121       77 -0.175109990974E-09
            4121       78 -0.161687267129E-09
            4121       79 -0.149428035701E-09
            4121       80 -0.138220026872E-09
            4121       81 -0.127962882533E-09
            4121       82 -0.118566780454E-09
            4121       83 -0.109951230031E-09
            4121       84 -0.102044016660E-09
            4121       85 -0.947802750921E-10
            4121       86 -0.881016748376E-10
            4121       87 -0.819557031035E-10
            4121       88 -0.762950327313E-10
            4121       89 -0.710769643255E-10
            4121       90 -0.662629332287E-10
            4121       91 -0.618180732535E-10
            4121       92 -0.577108301653E-10
            4121       93 -0.539126188165E-10
            4121       94 -0.503975186516E-10
            4121       95 -0.471420029656E-10
            4121       96 -0.441246979027E-10
            4121       97 -0.413261676876E-10
            4121       98 -0.387287230223E-10
            4121       99 -0.363162499664E-10
            4121      100 -0.340740569490E-10
            4121      101 -0.319887378478E-10
            4122        1 -0.680888842934E-03
            4122        2 -0.421384305328E-03
            4122        3 -0.221125008825E-03
            4122        4 -0.120250223012E-03
            4122        5 -0.679981129772E-04
            4122        6 -0.402881192168E-04
            4122        7 -0.251057209417E-04
            4122        8 -0.162591223857E-04
            4122        9 -0.107708215017E-04
            4122       10 -0.722863803012E-05
            4122       11 -0.492697249163E-05
            4122       12 -0.344610445622E-05
            4122       13 -0.248730699350E-05
            4122       14 -0.184450855545E-05
            4122       15 -0.139255922428E-05
            4122       16 -0.106787495773E-05
            4122       17 -0.827147409765E-06
            4122       18 -0.649039823716E-06
            4122       19 -0.516922142377E-06
            4122       20 -0.416803165543E-06
            4122       21 -0.339151227140E-06
            4122       22 -0.278891964985E-06
            4122       23 -0.231162093637E-06
            4122       24 -0.191430520527E-06
            4122       25 -0.157804326230E-06
            4122       26 -0.129648662865E-06
            4122       27 -0.106336432963E-06
            4122       28 -0.872480543589E-07
            4122       29 -0.717880449539E-07
            4122       30 -0.593657437121E-07
            4122       31 -0.493925107319E-07
            4122       32 -0.413739980838E-07
            4122       33 -0.349483068020E-07
            4122       34 -0.297634677524E-07
            4122       35 -0.254792135830E-07
            4122       36 -0.218913101527E-07
            4122       37 -0.188832866823E-07
            4122       38 -0.163401351155E-07
            4122       39 -0.141581435921E-07
            4122       40 -0.122840995716E-07
            4122       41 -0.106788966190E-07
            4122       42 -0.930342815357E-08
            4122       43 -0.811062659001E-08
            4122       44 -0.707597455398E-08
            4122       45 -0.621977435871E-08
            4122       46 -0.548938101775E-08
            4122       47 -0.485541459076E-08
            4122       48 -0.430371668998E-08
            4122       49 -0.382247651461E-08
            4122       50 -0.340173639179E-08
            4122       51 -0.303307711351E-08
            4122       52 -0.270936063169E-08
            4122       53 -0.242451896262E-08
            4122       54 -0.217338044963E-08
            4122       55 -0.195152633079E-08
            4122       56 -0.175517197076E-08
            4122       57 -0.158106823022E-08
            4122       58 -0.142641932768E-08
            4122       59 -0.128881424891E-08
            4122       60 -0.116616931764E-08
            4122       61 -0.105667998717E-08
            4122       62 -0.958780271161E-09
            4122       63 -0.871108519975E-09
            4122       64 -0.792478481608E-09
            4122       65 -0.721854774944E-09
            4122       66 -0.658332055908E-09
            4122       67 -0.601117281963E-09
            4122       68 -0.549514582061E-09
            4122       69 -0.502912322579E-09
            4122       70 -0.460772028232E-09
            4122       71 -0.422618873254E-09
            4122       72 -0.388033504653E-09
            4122       73 -0.356644997786E-09
            4122       74 -0.328124776376E-09
            4122       75 -0.302181355588E-09
            4122       76 -0.278555788850E-09
            4122       77 -0.257017717512E-09
            4122       78 -0.237361937842E-09
            4122       79 -0.219405412785E-09
            4122       80 -0.202984666738E-09
            4122       81 -0.187953510740E-09
            4122       82 -0.174181053157E-09
            4122       83 -0.161549957472E-09
            4122       84 -0.149954914253E-09
            4122       85 -0.139301299105E-09
            4122       86 -0.129503992295E-09
            4122       87 -0.120486339198E-09
            4122       88 -0.112179233531E-09
            4122       89 -0.104520307815E-09
            4122       90 -0.974532176307E-10
            4122       91 -0.909270079895E-10
            4122       92 -0.848955517274E-10
            4122       93 -0.793170511270E-10
            4122       94 -0.741535951395E-10
            4122       95 -0.693707655397E-10
            4122       96 -0.649372862175E-10
            4122       97 -0.608247105310E-10
            4122       98 -0.570071422879E-10
            4122       99 -0.534609864732E-10
            4122      100 -0.501647263157E-10
            4122      101 -0.470987237085E-10
            4123        1  0.109507953729E+00
            4123        2  0.683182896271E-01
            4123        3  0.419348978919E-01
            4123        4  0.253184393679E-01
            4123        5  0.149619860603E-01
            4123        6  0.859132238306E-02
            4123        7  0.473424051120E-02
            4123        8  0.244613538417E-02
            4123        9  0.112283381178E-02
            4123       10  0.384318811787E-03
            4123       11 -0.584344023156E-05
            4123       12 -0.193958311428E-03
            4123       13 -0.268826227574E-03
            4123       14 -0.283229261082E-03
            4123       15 -0.267872403657E-03
            4123       16 -0.238630292386E-03
            4123       17 -0.206103047036E-03
            4123       18 -0.174573912494E-03
            4123       19 -0.146308930341E-03
            4123       20 -0.121817786377E-03
            4123       21 -0.101093435303E-03
            4123       22 -0.837437674647E-04
            4123       23 -0.693584383937E-04
            4123       24 -0.575302711354E-04
            4123       25 -0.478772441672E-04
            4123       26 -0.400293318944E-04
            4123       27 -0.336165971245E-04
            4123       28 -0.283133249148E-04
            4123       29 -0.239356121816E-04
            4123       30 -0.203279243862E-04
            4123       31 -0.173354263654E-04
            4123       32 -0.148362293240E-04
            4123       33 -0.127545065493E-04
            4123       34 -0.110141221272E-04
            4123       35 -0.954454256793E-05
            4123       36 -0.829801905887E-05
            4123       37 -0.724108212017E-05
            4123       38 -0.634100180750E-05
            4123       39 -0.556783517668E-05
            4123       40 -0.490265106828E-05
            4123       41 -0.432974720801E-05
            4123       42 -0.383363182323E-05
            4123       43 -0.340185625720E-05
            4123       44 -0.302759392111E-05
            4123       45 -0.270009597544E-05
            4123       46 -0.241256858848E-05
            4123       47 -0.216000207120E-05
            4123       48 -0.193763710214E-05
            4123       49 -0.174142701320E-05
            4123       50 -0.156792379892E-05
            4123       51 -0.141418146145E-05
            4123       52 -0.127767622608E-05
            4123       53 -0.115624046855E-05
            4123       54 -0.104800782565E-05
            4123       55 -0.951367457836E-06
            4123       56 -0.864925825611E-06
            4123       57 -0.787474654508E-06
            4123       58 -0.717964012626E-06
            4123       59 -0.655479624286E-06
            4123       60 -0.599223703773E-06
            4123       61 -0.548498722251E-06
            4123       62 -0.502693625391E-06
            4123       63 -0.461272104041E-06
            4123       64 -0.423762589138E-06
            4123       65 -0.389749698266E-06
            4123       66 -0.358866907410E-06
            4123       67 -0.330790259044E-06
            4123       68 -0.305232948983E-06
            4123       69 -0.281940659858E-06
            4123       70 -0.260687530437E-06
            4123       71 -0.241272667525E-06
            4123       72 -0.223517121829E-06
            4123       73 -0.207261261335E-06
            4123       74 -0.192362485949E-06
            4123       75 -0.178693235633E-06
            4123       76 -0.166139251468E-06
            4123       77 -0.154598055018E-06
            4123       78 -0.143977616496E-06
            4123       79 -0.134195186463E-06
            4123       80 -0.125176269418E-06
            4123       81 -0.116853720721E-06
            4123       82 -0.109166950870E-06
            4123       83 -0.102061223361E-06
            4123       84 -0.954870342985E-07
            4123       85 -0.893995634548E-07
            4123       86 -0.837581879401E-07
            4123       87 -0.785260507592E-07
            4123       88 -0.736696775858E-07
            4123       89 -0.691586359342E-07
            4123       90 -0.649652316792E-07
            4123       91 -0.610642384950E-07
            4123       92 -0.574326563750E-07
            4123       93 -0.540494958483E-07
            4123       94 -0.508955849488E-07
            4123       95 -0.479533963445E-07
            4123       96 -0.452068923572E-07
            4123       97 -0.426413858710E-07
            4123       98 -0.402434153736E-07
            4123       99 -0.380006325801E-07
            4123      100 -0.359017012687E-07
            4123      101 -0.339362061246E-07
            4127        1  0.176916327689E-02
            4127        2  0.109417960601E-02
            4127        3  0.581223441363E-03
            4127        4  0.330081678508E-03
            4127        5  0.197898656666E-03
            4127        6  0.123327873598E-03
            4127        7  0.788833746533E-04
            4127        8  0.509837732418E-04
            4127        9  0.328673914524E-04
            4127       10  0.209431714037E-04
            4127       11  0.131437508177E-04
            4127       12  0.811257074361E-05
            4127       13  0.489097040996E-05
            4127       14  0.283352016484E-05
            4127       15  0.152811111384E-05
            4127       16  0.732110524501E-06
            4127       17  0.263340589257E-06
            4127       18  0.108263388713E-07
            4127       19 -0.110636233770E-06
            4127       20 -0.161023817343E-06
            4127       21 -0.176062024489E-06
            4127       22 -0.168222876198E-06
            4127       23 -0.148877213807E-06
            4127       24 -0.128475269590E-06
            4127       25 -0.110156083317E-06
            4127       26 -0.935721899494E-07
            4127       27 -0.783546996292E-07
            4127       28 -0.642781503353E-07
            4127       29 -0.515770242777E-07
            4127       30 -0.405778125334E-07
            4127       31 -0.316009816274E-07
            4127       32 -0.246859346758E-07
            4127       33 -0.194772738735E-07
            4127       34 -0.155900027924E-07
            4127       35 -0.126501620628E-07
            4127       36 -0.104120981100E-07
            4127       37 -0.871293529169E-08
            4127       38 -0.739117759789E-08
            4127       39 -0.630396565326E-08
            4127       40 -0.539175461996E-08
            4127       41 -0.461827212609E-08
            4127       42 -0.394743423595E-08
            4127       43 -0.338834062410E-08
            4127       44 -0.301115163028E-08
            4127       45 -0.264426080933E-08
            4127       46 -0.228805966382E-08
            4127       47 -0.198518527735E-08
            4127       48 -0.172736136472E-08
            4127       49 -0.150720981323E-08
            4127       50 -0.131866470231E-08
            4127       51 -0.115672142317E-08
            4127       52 -0.101723696261E-08
            4127       53 -0.896770290413E-09
            4127       54 -0.792454311297E-09
            4127       55 -0.701892760237E-09
            4127       56 -0.623076885591E-09
            4127       57 -0.554317889071E-09
            4127       58 -0.494191958660E-09
            4127       59 -0.441495401392E-09
            4127       60 -0.395207904352E-09
            4127       61 -0.354462358982E-09
            4127       62 -0.318520002136E-09
            4127       63 -0.286749877760E-09
            4127       64 -0.258611820291E-09
            4127       65 -0.233642317271E-09
            4127       66 -0.211442732601E-09
            4127       67 -0.191669470732E-09
            4127       68 -0.174025741127E-09
            4127       69 -0.158254645576E-09
            4127       70 -0.144133361947E-09
            4127       71 -0.131468238949E-09
            4127       72 -0.120090649785E-09
            4127       73 -0.109853479425E-09
            4127       74 -0.100628142217E-09
            4127       75 -0.923020443557E-10
            4127       76 -0.847764203824E-10
            4127       77 -0.779644848320E-10
            4127       78 -0.717898499906E-10
            4127       79 -0.661851688195E-10
            4127       80 -0.610909688025E-10
            4127       81 -0.564546479922E-10
            4127       82 -0.522296091277E-10
            4127       83 -0.483745115112E-10
            4127       84 -0.448526235018E-10
            4127       85 -0.416312611444E-10
            4127       86 -0.386813006602E-10
            4127       87 -0.359767543939E-10
            4127       88 -0.334944013643E-10
            4127       89 -0.312134648857E-10
            4127       90 -0.291153308290E-10
            4127       91 -0.271833010299E-10
            4127       92 -0.254023771398E-10
            4127       93 -0.237590708874E-10
            4127       94 -0.222412372879E-10
            4127       95 -0.208379278199E-10
            4127       96 -0.195392610012E-10
            4127       97 -0.183363081510E-10
            4127       98 -0.172209924224E-10
            4127       99 -0.161859994482E-10
            4127      100 -0.152246981643E-10
            4127      101 -0.143310705638E-10
            4130        1 -0.100337343364E-01
            4130        2 -0.624663352168E-02
            4130        3 -0.372734339250E-02
            4130        4 -0.224991412658E-02
            4130        5 -0.136036301505E-02
            4130        6 -0.816933576921E-03
            4130        7 -0.482706380419E-03
            4130        8 -0.277878375378E-03
            4130        9 -0.154891445903E-03
            4130       10 -0.829971936531E-04
            4130       11 -0.413294732063E-04
            4130       12 -0.176030809718E-04
            4130       13 -0.480529052946E-05
            4130       14  0.158635381943E-05
            4130       15  0.439084010397E-05
            4130       16  0.518293086905E-05
            4130       17  0.506476914435E-05
            4130       18  0.453603559514E-05
            4130       19  0.389639925842E-05
            4130       20  0.326564103919E-05
            4130       21  0.269983888443E-05
            4130       22  0.220428085221E-05
            4130       23  0.178184983262E-05
            4130       24  0.143429418646E-05
            4130       25  0.115435219308E-05
            4130       26  0.930465474106E-06
            4130       27  0.751049661123E-06
            4130       28  0.605955350666E-06
            4130       29  0.489634783219E-06
            4130       30  0.397460728369E-06
            4130       31  0.324821925321E-06
            4130       32  0.268276576952E-06
            4130       33  0.224873616931E-06
            4130       34  0.188985338099E-06
            4130       35  0.159342357715E-06
            4130       36  0.134969361221E-06
            4130       37  0.114997388158E-06
            4130       38  0.985155406111E-07
            4130       39  0.846698771032E-07
            4130       40  0.730045645877E-07
            4130       41  0.631599950009E-07
            4130       42  0.547595256752E-07
            4130       43  0.476282152200E-07
            4130       44  0.417481713808E-07
            4130       45  0.364576570464E-07
            4130       46  0.318031166391E-07
            4130       47  0.278082334192E-07
            4130       48  0.243714684376E-07
            4130       49  0.214072297127E-07
            4130       50  0.188441833049E-07
            4130       51  0.166226954672E-07
            4130       52  0.146927654491E-07
            4130       53  0.130123489203E-07
            4130       54  0.115459935489E-07
            4130       55  0.102637249341E-07
            4130       56  0.914013404004E-08
            4130       57  0.815362736026E-08
            4130       58  0.728580893930E-08
            4130       59  0.652096957624E-08
            4130       60  0.584566342416E-08
            4130       61  0.524835606670E-08
            4130       62  0.471913122374E-08
            4130       63  0.424944568462E-08
            4130       64  0.383192402203E-08
            4130       65  0.346018620761E-08
            4130       66  0.312870251060E-08
            4130       67  0.283267107819E-08
            4130       68  0.256791441863E-08
            4130       69  0.233079167593E-08
            4130       70  0.211812412766E-08
            4130       71  0.192713178080E-08
            4130       72  0.175537930253E-08
            4130       73  0.160072982006E-08
            4130       74  0.146130536798E-08
            4130       75  0.133545296273E-08
            4130       76  0.122171544981E-08
            4130       77  0.111880640748E-08
            4130       78  0.102558850437E-08
            4130       79  0.941054803719E-09
            4130       80  0.864312585957E-09
            4130       81  0.794569327456E-09
            4130       82  0.731120528631E-09
            4130       83  0.673339130915E-09
            4130       84  0.620666301085E-09
            4130       85  0.572603394292E-09
            4130       86  0.528704934713E-09
            4130       87  0.488572476206E-09
            4130       88  0.451849225090E-09
            4130       89  0.418215323964E-09
            4130       90  0.387383709729E-09
            4130       91  0.359096471089E-09
            4130       92  0.333121641173E-09
            4130       93  0.309250369714E-09
            4130       94  0.287294426760E-09
            4130       95  0.267083996384E-09
            4130       96  0.248465724347E-09
            4130       97  0.231300988498E-09
            4130       98  0.215464364690E-09
            4130       99  0.200842264612E-09
            4130      100  0.187331724929E-09
            4130      101  0.174839329731E-09
            4132        1 -0.839628840900E-02
            4132        2 -0.522727972879E-02
            4132        3 -0.302173064524E-02
            4132        4 -0.168643740464E-02
            4132        5 -0.895465220050E-03
            4132        6 -0.442353669606E-03
            4132        7 -0.191604515615E-03
            4132        8 -0.599584230282E-04
            4132        9  0.328684559006E-05
            4132       10  0.288366495759E-04
            4132       11  0.354617031546E-04
            4132       12  0.334960058764E-04
            4132       13  0.281833352124E-04
            4132       14  0.221800354611E-04
            4132       15  0.166679002806E-04
            4132       16  0.120611672448E-04
            4132       17  0.852300274663E-05
            4132       18  0.590397528463E-05
            4132       19  0.401407925142E-05
            4132       20  0.267086264358E-05
            4132       21  0.173489805196E-05
            4132       22  0.111138319844E-05
            4132       23  0.707629039056E-06
            4132       24  0.436437181574E-06
            4132       25  0.254214292419E-06
            4132       26  0.138161080317E-06
            4132       27  0.656075408031E-07
            4132       28  0.176132262179E-07
            4132       29 -0.128023725783E-07
            4132       30 -0.302272564100E-07
            4132       31 -0.392200032342E-07
            4132       32 -0.424290717100E-07
            4132       33 -0.414205794737E-07
            4132       34 -0.407369647532E-07
            4132       35 -0.395697148465E-07
            4132       36 -0.376816977982E-07
            4132       37 -0.352304628186E-07
            4132       38 -0.325507422308E-07
            4132       39 -0.300123308648E-07
            4132       40 -0.276260668419E-07
            4132       41 -0.253562999219E-07
            4132       42 -0.232325386257E-07
            4132       43 -0.212901619983E-07
            4132       44 -0.195393394419E-07
            4132       45 -0.179697651962E-07
            4132       46 -0.165369497063E-07
            4132       47 -0.152414174145E-07
            4132       48 -0.140673169358E-07
            4132       49 -0.130007110753E-07
            4132       50 -0.120296618846E-07
            4132       51 -0.111438768666E-07
            4132       52 -0.103344288803E-07
            4132       53 -0.959353259054E-08
            4132       54 -0.891436460213E-08
            4132       55 -0.829091758697E-08
            4132       56 -0.771788105249E-08
            4132       57 -0.719054314173E-08
            4132       58 -0.670470915819E-08
            4132       59 -0.625663348908E-08
            4132       60 -0.584296233894E-08
            4132       61 -0.546068524893E-08
            4132       62 -0.510709380693E-08
            4132       63 -0.477974628360E-08
            4132       64 -0.447643718471E-08
            4132       65 -0.419517090839E-08
            4132       66 -0.393413885160E-08
            4132       67 -0.369169943065E-08
            4132       68 -0.346636057901E-08
            4132       69 -0.325676436071E-08
            4132       70 -0.306167340054E-08
            4132       71 -0.287995888038E-08
            4132       72 -0.271058989273E-08
            4132       73 -0.255262397386E-08
            4132       74 -0.240519866696E-08
            4132       75 -0.226752398681E-08
            4132       76 -0.213887567701E-08
            4132       77 -0.201858916494E-08
            4132       78 -0.190605413360E-08
            4132       79 -0.180070963937E-08
            4132       80 -0.170203971467E-08
            4132       81 -0.160956940171E-08
            4132       82 -0.152286117060E-08
            4132       83 -0.144151168066E-08
            4132       84 -0.136514884853E-08
            4132       85 -0.129342919138E-08
            4132       86 -0.122603541670E-08
            4132       87 -0.116267423378E-08
            4132       88 -0.110307436452E-08
            4132       89 -0.104698473377E-08
            4132       90 -0.994172821717E-09
            4132       91 -0.944423162399E-09
            4132       92 -0.897535974213E-09
            4132       93 -0.853325910144E-09
            4132       94 -0.811620916016E-09
            4132       95 -0.772261186893E-09
            4132       96 -0.735098212435E-09
            4132       97 -0.699993902996E-09
            4132       98 -0.666819789137E-09
            4132       99 -0.635456287836E-09
            4132      100 -0.605792029457E-09
            4132      101 -0.577723240013E-09
            4137        1  0.538832762136E-02
            4137        2  0.333293239358E-02
            4137        3  0.174062512123E-02
            4137        4  0.937074754854E-03
            4137        5  0.513399333225E-03
            4137        6  0.282818075238E-03
            4137        7  0.155227217506E-03
            4137        8  0.836162957121E-04
            4137        9  0.433696935793E-04
            4137       10  0.210256587887E-04
            4137       11  0.894006234632E-05
            4137       12  0.269857887565E-05
            4137       13 -0.293401444067E-06
            4137       14 -0.154915532370E-05
            4137       15 -0.190769904052E-05
            4137       16 -0.179951991789E-05
            4137       17 -0.151601890827E-05
            4137       18 -0.118216873118E-05
            4137       19 -0.872951049387E-06
            4137       20 -0.621537112115E-06
            4137       21 -0.436876657386E-06
            4137       22 -0.306199223497E-06
            4137       23 -0.215705783235E-06
            4137       24 -0.152256193698E-06
            4137       25 -0.107942967602E-06
            4137       26 -0.773539258987E-07
            4137       27 -0.550926140964E-07
            4137       28 -0.368494769984E-07
            4137       29 -0.218004268481E-07
            4137       30 -0.981862109414E-08
            4137       31 -0.774284434635E-09
            4137       32  0.553593551999E-08
            4137       33  0.960366384172E-08
            4137       34  0.123110640493E-07
            4137       35  0.139015572208E-07
            4137       36  0.146074124183E-07
            4137       37  0.146589917328E-07
            4137       38  0.143044598204E-07
            4137       39  0.137706803969E-07
            4137       40  0.131346062790E-07
            4137       41  0.124372138780E-07
            4137       42  0.117264465892E-07
            4137       43  0.110064573488E-07
            4137       44  0.102394784698E-07
            4137       45  0.956161886897E-08
            4137       46  0.894387429109E-08
            4137       47  0.835274159975E-08
            4137       48  0.779100119039E-08
            4137       49  0.726033828632E-08
            4137       50  0.676133616410E-08
            4137       51  0.629379572368E-08
            4137       52  0.585697379570E-08
            4137       53  0.544976032053E-08
            4137       54  0.507080950232E-08
            4137       55  0.471863629896E-08
            4137       56  0.439168680986E-08
            4137       57  0.408838902561E-08
            4137       58  0.380718882777E-08
            4137       59  0.354657493946E-08
            4137       60  0.330509562931E-08
            4137       61  0.308136929273E-08
            4137       62  0.287409051964E-08
            4137       63  0.268203286624E-08
            4137       64  0.250404925149E-08
            4137       65  0.233907067214E-08
            4137       66  0.218610375836E-08
            4137       67  0.204422756001E-08
            4137       68  0.191258985426E-08
            4137       69  0.179040318875E-08
            4137       70  0.167694081677E-08
            4137       71  0.157153263710E-08
            4137       72  0.147356121801E-08
            4137       73  0.138245795976E-08
            4137       74  0.129769943145E-08
            4137       75  0.121880390381E-08
            4137       76  0.114532808954E-08
            4137       77  0.107686409504E-08
            4137       78  0.101303658213E-08
            4137       79  0.953500134478E-09
            4137       80  0.897936820959E-09
            4137       81  0.846053946388E-09
            4137       82  0.797581979244E-09
            4137       83  0.752272645349E-09
            4137       84  0.709897176421E-09
            4137       85  0.670244702572E-09
            4137       86  0.633120778093E-09
            4137       87  0.598346030325E-09
            4137       88  0.565754921942E-09
            4137       89  0.535194617525E-09
            4137       90  0.506523945897E-09
            4137       91  0.479612450296E-09
            4137       92  0.454339518914E-09
            4137       93  0.430593589159E-09
            4137       94  0.408271419178E-09
            4137       95  0.387277420982E-09
            4137       96  0.367523049830E-09
            4137       97  0.348926244990E-09
            4137       98  0.331410917469E-09
            4137       99  0.314906480603E-09
            4137      100  0.299347419805E-09
            4137      101  0.284672898086E-09
            4139        1 -0.152888124536E-02
            4139        2 -0.932166147040E-03
            4139        3 -0.370764780179E-03
            4139        4 -0.157755718221E-03
            4139        5 -0.718911710209E-04
            4139        6 -0.346208963445E-04
            4139        7 -0.181414672329E-04
            4139        8 -0.102509390581E-04
            4139        9 -0.614389194539E-05
            4139       10 -0.379075525807E-05
            4139       11 -0.235622362502E-05
            4139       12 -0.147123522022E-05
            4139       13 -0.939791262338E-06
            4139       14 -0.624004767935E-06
            4139       15 -0.430152884024E-06
            4139       16 -0.307188834648E-06
            4139       17 -0.221102838550E-06
            4139       18 -0.159126789970E-06
            4139       19 -0.113694239379E-06
            4139       20 -0.806720527612E-07
            4139       21 -0.570633036467E-07
            4139       22 -0.407565883523E-07
            4139       23 -0.296824373493E-07
            4139       24 -0.218916044711E-07
            4139       25 -0.163896203501E-07
            4139       26 -0.126373221757E-07
            4139       27 -0.100983752853E-07
            4139       28 -0.830983553336E-08
            4139       29 -0.704410739943E-08
            4139       30 -0.612067533326E-08
            4139       31 -0.536060921040E-08
            4139       32 -0.465894378279E-08
            4139       33 -0.401460993494E-08
            4139       34 -0.343432774909E-08
            4139       35 -0.292422551329E-08
            4139       36 -0.248355190876E-08
            4139       37 -0.210711716066E-08
            4139       38 -0.178965751992E-08
            4139       39 -0.152524479737E-08
            4139       40 -0.130498044394E-08
            4139       41 -0.111913619214E-08
            4139       42 -0.958172267307E-09
            4139       43 -0.872589917765E-09
            4139       44 -0.926972760108E-09
            4139       45 -0.856068596146E-09
            4139       46 -0.734155999284E-09
            4139       47 -0.630949571483E-09
            4139       48 -0.543859991563E-09
            4139       49 -0.470134116742E-09
            4139       50 -0.407527362679E-09
            4139       51 -0.354203028339E-09
            4139       52 -0.308652826779E-09
            4139       53 -0.269633896989E-09
            4139       54 -0.236118679992E-09
            4139       55 -0.207254878131E-09
            4139       56 -0.182333349770E-09
            4139       57 -0.160762273588E-09
            4139       58 -0.142046285213E-09
            4139       59 -0.125769571893E-09
            4139       60 -0.111582129087E-09
            4139       61 -0.991885517588E-10
            4139       62 -0.883388644500E-10
            4139       63 -0.788209965733E-10
            4139       64 -0.704545896077E-10
            4139       65 -0.630858858542E-10
            4139       66 -0.565834981255E-10
            4139       67 -0.508348990567E-10
            4139       68 -0.457434999381E-10
            4139       69 -0.412262138369E-10
            4139       70 -0.372114176325E-10
            4139       71 -0.336372435084E-10
            4139       72 -0.304501432370E-10
            4139       73 -0.276036789045E-10
            4139       74 -0.250575020579E-10
            4139       75 -0.227764900158E-10
            4139       76 -0.207300135715E-10
            4139       77 -0.188913147958E-10
            4139       78 -0.172369772996E-10
            4139       79 -0.157464743135E-10
            4139       80 -0.144017823951E-10
            4139       81 -0.131870506045E-10
            4139       82 -0.120883166495E-10
            4139       83 -0.110932628879E-10
            4139       84 -0.101910062145E-10
            4139       85 -0.937191680912E-11
            4139       86 -0.862746151458E-11
            4139       87 -0.795006827001E-11
            4139       88 -0.733300857615E-11
            4139       89 -0.677029543051E-11
            4139       90 -0.625659455669E-11
            4139       91 -0.578714707698E-11
            4139       92 -0.535770205148E-11
            4139       93 -0.496445753768E-11
            4139       94 -0.460400901934E-11
            4139       95 -0.427330421956E-11
            4139       96 -0.396960345204E-11
            4139       97 -0.369044478444E-11
            4139       98 -0.343361338865E-11
            4139       99 -0.319711453932E-11
            4139      100 -0.297914979559E-11
            4139      101 -0.277809596432E-11
            4141        1  0.107638018748E-01
            4141        2  0.672066598103E-02
            4141        3  0.425639278491E-02
            4141        4  0.269786224264E-02
            4141        5  0.170037414333E-02
            4141        6  0.106012550245E-02
            4141        7  0.649513915499E-03
            4141        8  0.388206782299E-03
            4141        9  0.224788536474E-03
            4141       10  0.124843378111E-03
            4141       11  0.648346577290E-04
            4141       12  0.297062449869E-04
            4141       13  0.100415626967E-04
            4141       14 -0.314579523526E-06
            4141       15 -0.527942828417E-05
            4141       16 -0.709702522234E-05
            4141       17 -0.736249166559E-05
            4141       18 -0.684409899316E-05
            4141       19 -0.603106217517E-05
            4141       20 -0.515754191197E-05
            4141       21 -0.434209346710E-05
            4141       22 -0.360463273779E-05
            4141       23 -0.296040452941E-05
            4141       24 -0.242214411884E-05
            4141       25 -0.198265688323E-05
            4141       26 -0.162524418370E-05
            4141       27 -0.133314957887E-05
            4141       28 -0.109183542166E-05
            4141       29 -0.893879292215E-06
            4141       30 -0.733282125797E-06
            4141       31 -0.604058458831E-06
            4141       32 -0.501458002697E-06
            4141       33 -0.420704987140E-06
            4141       34 -0.353528189211E-06
            4141       35 -0.297745325182E-06
            4141       36 -0.251645411280E-06
            4141       37 -0.213781447476E-06
            4141       38 -0.182552550751E-06
            4141       39 -0.156410170016E-06
            4141       40 -0.134514746735E-06
            4141       41 -0.116177843514E-06
            4141       42 -0.100656216642E-06
            4141       43 -0.874459913847E-07
            4141       44 -0.764210035925E-07
            4141       45 -0.668055862020E-07
            4141       46 -0.584371197317E-07
            4141       47 -0.512300797735E-07
            4141       48 -0.450089224965E-07
            4141       49 -0.396259988945E-07
            4141       50 -0.349576166377E-07
            4141       51 -0.308998648313E-07
            4141       52 -0.273652147960E-07
            4141       53 -0.242797439933E-07
            4141       54 -0.215808619658E-07
            4141       55 -0.192154420058E-07
            4141       56 -0.171382817456E-07
            4141       57 -0.153108312109E-07
            4141       58 -0.137001390045E-07
            4141       59 -0.122779768939E-07
            4141       60 -0.110201107226E-07
            4141       61 -0.990569165792E-08
            4141       62 -0.891674666857E-08
            4141       63 -0.803775103704E-08
            4141       64 -0.725526886414E-08
            4141       65 -0.655765006499E-08
            4141       66 -0.593477441372E-08
            4141       67 -0.537783486444E-08
            4141       68 -0.487915373528E-08
            4141       69 -0.443202645016E-08
            4141       70 -0.403058844050E-08
            4141       71 -0.366970155193E-08
            4141       72 -0.334485691200E-08
            4141       73 -0.305209171827E-08
            4141       74 -0.278791782153E-08
            4141       75 -0.254926032292E-08
            4141       76 -0.233340468845E-08
            4141       77 -0.213795112194E-08
            4141       78 -0.196077513447E-08
            4141       79 -0.179999341314E-08
            4141       80 -0.165393422958E-08
            4141       81 -0.152111174480E-08
            4141       82 -0.140020366266E-08
            4141       83 -0.129003176680E-08
            4141       84 -0.118954494400E-08
            4141       85 -0.109780435513E-08
            4141       86 -0.101397046372E-08
            4141       87 -0.937291673812E-09
            4141       88 -0.867094364147E-09
            4141       89 -0.802774135278E-09
            4141       90 -0.743788112218E-09
            4141       91 -0.689648166626E-09
            4141       92 -0.639914941226E-09
            4141       93 -0.594192575121E-09
            4141       94 -0.552124042141E-09
            4141       95 -0.513387026154E-09
            4141       96 -0.477690267275E-09
            4141       97 -0.444770321514E-09
            4141       98 -0.414388683907E-09
            4141       99 -0.386329231556E-09
            4141      100 -0.360395948558E-09
            4141      101 -0.336410899606E-09
            4143        1  0.538186689652E-03
            4143        2  0.330146548558E-03
            4143        3  0.147328284717E-03
            4143        4  0.703143998957E-04
            4143        5  0.360579690664E-04
            4143        6  0.197800198560E-04
            4143        7  0.115579007592E-04
            4143        8  0.702700757520E-05
            4143        9  0.438679973828E-05
            4143       10  0.280400687164E-05
            4143       11  0.184864043962E-05
            4143       12  0.126298804522E-05
            4143       13  0.889944375038E-06
            4143       14  0.640306922582E-06
            4143       15  0.466150817348E-06
            4143       16  0.343161941585E-06
            4143       17  0.254307691383E-06
            4143       18  0.190497249174E-06
            4143       19  0.144674472339E-06
            4143       20  0.111259917402E-06
            4143       21  0.864528372840E-07
            4143       22  0.681918650441E-07
            4143       23  0.544980025227E-07
            4143       24  0.435291614742E-07
            4143       25  0.345305498630E-07
            4143       26  0.272658770410E-07
            4143       27  0.215020461303E-07
            4143       28  0.170075914803E-07
            4143       29  0.135562784586E-07
            4143       30  0.109229188643E-07
            4143       31  0.888357625492E-08
            4143       32  0.727271247446E-08
            4143       33  0.600681960078E-08
            4143       34  0.500853960105E-08
            4143       35  0.420302432896E-08
            4143       36  0.354460307066E-08
            4143       37  0.300642926215E-08
            4143       38  0.256197007524E-08
            4143       39  0.218736156614E-08
            4143       40  0.187067096160E-08
            4143       41  0.160329825319E-08
            4143       42  0.137664655505E-08
            4143       43  0.117851639112E-08
            4143       44  0.993082052613E-09
            4143       45  0.844202074708E-09
            4143       46  0.725649297018E-09
            4143       47  0.625491564796E-09
            4143       48  0.540549986098E-09
            4143       49  0.468308215966E-09
            4143       50  0.406698826017E-09
            4143       51  0.354017551171E-09
            4143       52  0.308854966526E-09
            4143       53  0.270041844696E-09
            4143       54  0.236605293724E-09
            4143       55  0.207733423466E-09
            4143       56  0.182746784194E-09
            4143       57  0.161075202440E-09
            4143       58  0.142238933459E-09
            4143       59  0.125833277865E-09
            4143       60  0.111515987573E-09
            4143       61  0.989969248678E-10
            4143       62  0.880295472128E-10
            4143       63  0.784038759311E-10
            4143       64  0.699406744960E-10
            4143       65  0.624866156739E-10
            4143       66  0.559102593002E-10
            4143       67  0.500986964004E-10
            4143       68  0.449547424885E-10
            4143       69  0.403945846443E-10
            4143       70  0.363458044745E-10
            4143       71  0.327457132015E-10
            4143       72  0.295399465438E-10
            4143       73  0.266812763323E-10
            4143       74  0.241286033514E-10
            4143       75  0.218461020413E-10
            4143       76  0.198024927331E-10
            4143       77  0.179704212081E-10
            4143       78  0.163259287584E-10
            4143       79  0.148479987198E-10
            4143       80  0.135181677427E-10
            4143       81  0.123201919764E-10
            4143       82  0.112397599191E-10
            4143       83  0.102642449944E-10
            4143       84  0.938249201083E-11
            4143       85  0.858463256717E-11
            4143       86  0.786192523208E-11
            4143       87  0.720661695808E-11
            4143       88  0.661182273047E-11
            4143       89  0.607142089644E-11
            4143       90  0.557996200140E-11
            4143       91  0.513258927668E-11
            4143       92  0.472496919448E-11
            4143       93  0.435323073208E-11
            4143       94  0.401391218370E-11
            4143       95  0.370391452085E-11
            4143       96  0.342046044255E-11
            4143       97  0.316105837670E-11
            4143       98  0.292347079492E-11
            4143       99  0.270568629024E-11
            4143      100  0.250589494202E-11
            4143      101  0.232246655548E-11
            4145        1 -0.132590405467E-02
            4145        2 -0.810334969729E-03
            4145        3 -0.336564366897E-03
            4145        4 -0.149295763268E-03
            4145        5 -0.707244024886E-04
            4145        6 -0.356147328262E-04
            4145        7 -0.194692879124E-04
            4145        8 -0.114188245624E-04
            4145        9 -0.705161372929E-05
            4145       10 -0.446434060553E-05
            4145       11 -0.285353115621E-05
            4145       12 -0.184850837062E-05
            4145       13 -0.123541722936E-05
            4145       14 -0.858128359227E-06
            4145       15 -0.613802972553E-06
            4145       16 -0.449667194840E-06
            4145       17 -0.331222692846E-06
            4145       18 -0.245232835287E-06
            4145       19 -0.182917977617E-06
            4145       20 -0.137799011255E-06
            4145       21 -0.105152064277E-06
            4145       22 -0.818933082314E-07
            4145       23 -0.650165793322E-07
            4145       24 -0.517269282332E-07
            4145       25 -0.409068053647E-07
            4145       26 -0.322385665584E-07
            4145       27 -0.254094964542E-07
            4145       28 -0.201145629395E-07
            4145       29 -0.160733725332E-07
            4145       30 -0.130104605526E-07
            4145       31 -0.106518753502E-07
            4145       32 -0.879425289823E-08
            4145       33 -0.733338137546E-08
            4145       34 -0.617248250166E-08
            4145       35 -0.521838999470E-08
            4145       36 -0.441992705336E-08
            4145       37 -0.375300686386E-08
            4145       38 -0.319399411226E-08
            4145       39 -0.272120670999E-08
            4145       40 -0.232169440618E-08
            4145       41 -0.198494603685E-08
            4145       42 -0.170038013873E-08
            4145       43 -0.142718061659E-08
            4145       44 -0.111820766926E-08
            4145       45 -0.921304831856E-09
            4145       46 -0.791617414887E-09
            4145       47 -0.682354434286E-09
            4145       48 -0.589690893892E-09
            4145       49 -0.510881690115E-09
            4145       50 -0.443671446538E-09
            4145       51 -0.386200964889E-09
            4145       52 -0.336932690734E-09
            4145       53 -0.294591103285E-09
            4145       54 -0.258114865863E-09
            4145       55 -0.226618280129E-09
            4145       56 -0.199360128197E-09
            4145       57 -0.175718402648E-09
            4145       58 -0.155169745580E-09
            4145       59 -0.137272666751E-09
            4145       60 -0.121653804615E-09
            4145       61 -0.107996645301E-09
            4145       62 -0.960322333145E-10
            4145       63 -0.855315010079E-10
            4145       64 -0.762989176249E-10
            4145       65 -0.681672170922E-10
            4145       66 -0.609930101396E-10
            4145       67 -0.546531233403E-10
            4145       68 -0.490415372550E-10
            4145       69 -0.440668196072E-10
            4145       70 -0.396499685132E-10
            4145       71 -0.357225962158E-10
            4145       72 -0.322253962258E-10
            4145       73 -0.291068469044E-10
            4145       74 -0.263221127437E-10
            4145       75 -0.238321113147E-10
            4145       76 -0.216027193424E-10
            4145       77 -0.196040958607E-10
            4145       78 -0.178101040976E-10
            4145       79 -0.161978167830E-10
            4145       80 -0.147470920808E-10
            4145       81 -0.134402094268E-10
            4145       82 -0.122615562735E-10
            4145       83 -0.111973581740E-10
            4145       84 -0.102354458283E-10
            4145       85 -0.936505370810E-11
            4145       86 -0.857664570627E-11
            4145       87 -0.786176395288E-11
            4145       88 -0.721289752286E-11
            4145       89 -0.662336824945E-11
            4145       90 -0.608723127311E-11
            4145       91 -0.559918830077E-11
            4145       92 -0.515451184751E-11
            4145       93 -0.474897897950E-11
            4145       94 -0.437881329041E-11
            4145       95 -0.404063402189E-11
            4145       96 -0.373141139107E-11
            4145       97 -0.344842731927E-11
            4145       98 -0.318924086648E-11
            4145       99 -0.295165777049E-11
            4145      100 -0.273370357247E-11
            4145      101 -0.253359987809E-11
            4148        1  0.766205977968E-03
            4148        2  0.469355290833E-03
            4148        3  0.205548739831E-03
            4148        4  0.975422633816E-04
            4148        5  0.503082538577E-04
            4148        6  0.279458722541E-04
            4148        7  0.167237295336E-04
            4148        8  0.105575073251E-04
            4148        9  0.691316577338E-05
            4148       10  0.463151899506E-05
            4148       11  0.316045762475E-05
            4148       12  0.219977007806E-05
            4148       13  0.156207222607E-05
            4148       14  0.112383047076E-05
            4148       15  0.809079274189E-06
            4148       16  0.580293312170E-06
            4148       17  0.412309545524E-06
            4148       18  0.292521484209E-06
            4148       19  0.209692813216E-06
            4148       20  0.152091950810E-06
            4148       21  0.111539900699E-06
            4148       22  0.836437776558E-07
            4148       23  0.641899886892E-07
            4148       24  0.492722714406E-07
            4148       25  0.374250884917E-07
            4148       26  0.283468164073E-07
            4148       27  0.217429824467E-07
            4148       28  0.172662427686E-07
            4148       29  0.143997065490E-07
            4148       30  0.125925661869E-07
            4148       31  0.112983903886E-07
            4148       32  0.101749157887E-07
            4148       33  0.916666728138E-08
            4148       34  0.823967056585E-08
            4148       35  0.736223861746E-08
            4148       36  0.652927400324E-08
            4148       37  0.575283386518E-08
            4148       38  0.504526125539E-08
            4148       39  0.441595956904E-08
            4148       40  0.386119055055E-08
            4148       41  0.337354505348E-08
            4148       42  0.294562090286E-08
            4148       43  0.256979164322E-08
            4148       44  0.224052365470E-08
            4148       45  0.196054710173E-08
            4148       46  0.172066118268E-08
            4148       47  0.151359421374E-08
            4148       48  0.133439369834E-08
            4148       49  0.117892510691E-08
            4148       50  0.104372260993E-08
            4148       51  0.925872261108E-09
            4148       52  0.822917055550E-09
            4148       53  0.732779499509E-09
            4148       54  0.653698251204E-09
            4148       55  0.584176107844E-09
            4148       56  0.522937173198E-09
            4148       57  0.468891478503E-09
            4148       58  0.421105673901E-09
            4148       59  0.378778679353E-09
            4148       60  0.341221400175E-09
            4148       61  0.307839783174E-09
            4148       62  0.278120626438E-09
            4148       63  0.251619665105E-09
            4148       64  0.227951543673E-09
            4148       65  0.206781355617E-09
            4148       66  0.187817489116E-09
            4148       67  0.170805563329E-09
            4148       68  0.155523277751E-09
            4148       69  0.141776027769E-09
            4148       70  0.129393164665E-09
            4148       71  0.118224798825E-09
            4148       72  0.108139061852E-09
            4148       73  0.990197571807E-10
            4148       74  0.907643402659E-10
            4148       75  0.832821788993E-10
            4148       76  0.764930521350E-10
            4148       77  0.703258528212E-10
            4148       78  0.647174641992E-10
            4148       79  0.596117855988E-10
            4148       80  0.549588860496E-10
            4148       81  0.507142678583E-10
            4148       82  0.468382248553E-10
            4148       83  0.432952822861E-10
            4148       84  0.400537072358E-10
            4148       85  0.370850800905E-10
            4148       86  0.343639188577E-10
            4148       87  0.318673494088E-10
            4148       88  0.295748156064E-10
            4148       89  0.274678241490E-10
            4148       90  0.255297197029E-10
            4148       91  0.237454864521E-10
            4148       92  0.221015727457E-10
            4148       93  0.205857359703E-10
            4148       94  0.191869051374E-10
            4148       95  0.178950590373E-10
            4148       96  0.167011180450E-10
            4148       97  0.155968479608E-10
            4148       98  0.145747744415E-10
            4148       99  0.136281067711E-10
            4148      100  0.127506698846E-10
            4148      101  0.119368436813E-10
            4150        1 -0.127621954737E-02
            4150        2 -0.780989211120E-03
            4150        3 -0.333760019244E-03
            4150        4 -0.153341923653E-03
            4150        5 -0.758302657717E-04
            4150        6 -0.401328910706E-04
            4150        7 -0.230179885129E-04
            4150        8 -0.140480620139E-04
            4150        9 -0.892581600384E-05
            4150       10 -0.578366441950E-05
            4150       11 -0.379934025584E-05
            4150       12 -0.255087933346E-05
            4150       13 -0.176817436897E-05
            4150       14 -0.126044228125E-05
            4150       15 -0.908344670639E-06
            4150       16 -0.655944368159E-06
            4150       17 -0.468304990697E-06
            4150       18 -0.332365130490E-06
            4150       19 -0.237272154177E-06
            4150       20 -0.170920439186E-06
            4150       21 -0.124523150775E-06
            4150       22 -0.929019936915E-07
            4150       23 -0.710495559735E-07
            4150       24 -0.543245740954E-07
            4150       25 -0.409936222924E-07
            4150       26 -0.307099419237E-07
            4150       27 -0.231352991757E-07
            4150       28 -0.178855569747E-07
            4150       29 -0.144293757273E-07
            4150       30 -0.122059689283E-07
            4150       31 -0.106586494941E-07
            4150       32 -0.942198070929E-08
            4150       33 -0.839916922745E-08
            4150       34 -0.751356216666E-08
            4150       35 -0.669275399049E-08
            4150       36 -0.591371455988E-08
            4150       37 -0.518526883059E-08
            4150       38 -0.451677267703E-08
            4150       39 -0.391592809983E-08
            4150       40 -0.338304350514E-08
            4150       41 -0.291636202761E-08
            4150       42 -0.251411098392E-08
            4150       43 -0.217629462740E-08
            4150       44 -0.191313813526E-08
            4150       45 -0.168696086240E-08
            4150       46 -0.148423397632E-08
            4150       47 -0.130865130855E-08
            4150       48 -0.115629778077E-08
            4150       49 -0.102378618985E-08
            4150       50 -0.908267483561E-09
            4150       51 -0.807338468117E-09
            4150       52 -0.718966469977E-09
            4150       53 -0.641427637090E-09
            4150       54 -0.573256251173E-09
            4150       55 -0.513202958582E-09
            4150       56 -0.460200248319E-09
            4150       57 -0.413333837723E-09
            4150       58 -0.371818888646E-09
            4150       59 -0.334980184755E-09
            4150       60 -0.302235566921E-09
            4150       61 -0.273082055530E-09
            4150       62 -0.247084194960E-09
            4150       63 -0.223864240589E-09
            4150       64 -0.203093877708E-09
            4150       65 -0.184487216887E-09
            4150       66 -0.167794856081E-09
            4150       67 -0.152798835846E-09
            4150       68 -0.139308344309E-09
            4150       69 -0.127156052898E-09
            4150       70 -0.116194983895E-09
            4150       71 -0.106295827339E-09
            4150       72 -0.973446384179E-10
            4150       73 -0.892408577077E-10
            4150       74 -0.818956058598E-10
            4150       75 -0.752302120742E-10
            4150       76 -0.691749421030E-10
            4150       77 -0.636678968519E-10
            4150       78 -0.586540571125E-10
            4150       79 -0.540844536938E-10
            4150       80 -0.499154453371E-10
            4150       81 -0.461080894508E-10
            4150       82 -0.426275928916E-10
            4150       83 -0.394428318977E-10
            4150       84 -0.365259318572E-10
            4150       85 -0.338518989387E-10
            4150       86 -0.313982967088E-10
            4150       87 -0.291449618869E-10
            4150       88 -0.270737541449E-10
            4150       89 -0.251683355863E-10
            4150       90 -0.234139761483E-10
            4150       91 -0.217973816519E-10
            4150       92 -0.203065416771E-10
            4150       93 -0.189305948218E-10
            4150       94 -0.176597092066E-10
            4150       95 -0.164849763922E-10
            4150       96 -0.153983170773E-10
            4150       97 -0.143923971908E-10
            4150       98 -0.134605531438E-10
            4150       99 -0.125967251684E-10
            4150      100 -0.117953978114E-10
            4150      101 -0.110515467529E-10
            4152        1  0.153962271428E-03
            4152        2  0.969111594234E-04
            4152        3  0.624372941101E-04
            4152        4  0.371549808008E-04
            4152        5  0.218121168074E-04
            4152        6  0.132840503220E-04
            4152        7  0.839865509912E-05
            4152        8  0.541417728178E-05
            4152        9  0.345723067445E-05
            4152       10  0.217361652195E-05
            4152       11  0.139222018527E-05
            4152       12  0.954493207540E-06
            4152       13  0.705538404549E-06
            4152       14  0.543847343614E-06
            4152       15  0.420247441005E-06
            4152       16  0.319314169644E-06
            4152       17  0.234868375207E-06
            4152       18  0.168983035259E-06
            4152       19  0.121725600675E-06
            4152       20  0.882785129382E-07
            4152       21  0.646511944502E-07
            4152       22  0.481664966143E-07
            4152       23  0.362094685923E-07
            4152       24  0.263839533963E-07
            4152       25  0.180313871905E-07
            4152       26  0.113218160889E-07
            4152       27  0.643034407460E-08
            4152       28  0.339447658531E-08
            4152       29  0.181046819921E-08
            4152       30  0.118630411507E-08
            4152       31  0.103357999788E-08
            4152       32  0.103233060312E-08
            4152       33  0.109919177268E-08
            4152       34  0.116853757014E-08
            4152       35  0.117902853336E-08
            4152       36  0.111915546525E-08
            4152       37  0.100955772669E-08
            4152       38  0.871410487989E-09
            4152       39  0.723961082658E-09
            4152       40  0.577838505634E-09
            4152       41  0.441264369111E-09
            4152       42  0.322658566359E-09
            4152       43  0.318457194577E-09
            4152       44  0.573347338401E-09
            4152       45  0.622269624611E-09
            4152       46  0.550728009174E-09
            4152       47  0.487226373645E-09
            4152       48  0.431904467224E-09
            4152       49  0.383602904920E-09
            4152       50  0.341340960597E-09
            4152       51  0.304286928577E-09
            4152       52  0.271733734956E-09
            4152       53  0.243078812782E-09
            4152       54  0.217807450392E-09
            4152       55  0.195478976750E-09
            4152       56  0.175715270490E-09
            4152       57  0.158191177483E-09
            4152       58  0.142626500041E-09
            4152       59  0.128779283626E-09
            4152       60  0.116440177604E-09
            4152       61  0.105427687167E-09
            4152       62  0.955841665218E-10
            4152       63  0.867724301313E-10
            4152       64  0.788728804889E-10
            4152       65  0.717810684829E-10
            4152       66  0.654056169922E-10
            4152       67  0.596664500072E-10
            4152       68  0.544932793622E-10
            4152       69  0.498243091079E-10
            4152       70  0.456051241308E-10
            4152       71  0.417877350592E-10
            4152       72  0.383297560005E-10
            4152       73  0.351936953893E-10
            4152       74  0.323463433329E-10
            4152       75  0.297582414265E-10
            4152       76  0.274032231847E-10
            4152       77  0.252580150396E-10
            4152       78  0.233018893741E-10
            4152       79  0.215163623409E-10
            4152       80  0.198849302831E-10
            4152       81  0.183928394907E-10
            4152       82  0.170268847787E-10
            4152       83  0.157752330325E-10
            4152       84  0.146272684074E-10
            4152       85  0.135734563436E-10
            4152       86  0.126052239426E-10
            4152       87  0.117148546071E-10
            4152       88  0.108953951185E-10
            4152       89  0.101405735802E-10
            4152       90  0.944472687106E-11
            4152       91  0.880273642518E-11
            4152       92  0.820997131490E-11
            4152       93  0.766223774950E-11
            4152       94  0.715573421242E-11
            4152       95  0.668701156722E-11
            4152       96  0.625293753617E-11
            4152       97  0.585066504414E-11
            4152       98  0.547760397353E-11
            4152       99  0.513139593710E-11
            4152      100  0.480989172426E-11
            4152      101  0.451113111555E-11
            4155        1 -0.128179443606E-02
            4155        2 -0.787914215403E-03
            4155        3 -0.362215969936E-03
            4155        4 -0.177315425029E-03
            4155        5 -0.927332159776E-04
            4155        6 -0.515573089362E-04
            4155        7 -0.303540111706E-04
            4155        8 -0.185813461403E-04
            4155        9 -0.116770315122E-04
            4155       10 -0.749584645881E-05
            4155       11 -0.493649854118E-05
            4155       12 -0.335834385683E-05
            4155       13 -0.236098361020E-05
            4155       14 -0.170094275368E-05
            4155       15 -0.124271478653E-05
            4155       16 -0.919857892279E-06
            4155       17 -0.686628332912E-06
            4155       18 -0.518493108089E-06
            4155       19 -0.396538794418E-06
            4155       20 -0.306093767308E-06
            4155       21 -0.237507749583E-06
            4155       22 -0.186034206304E-06
            4155       23 -0.147158820471E-06
            4155       24 -0.116639310407E-06
            4155       25 -0.923938148719E-07
            4155       26 -0.733707171744E-07
            4155       27 -0.585247777716E-07
            4155       28 -0.469091003580E-07
            4155       29 -0.378921556124E-07
            4155       30 -0.309055013376E-07
            4155       31 -0.253840493779E-07
            4155       32 -0.209191876633E-07
            4155       33 -0.173221011534E-07
            4155       34 -0.144204532130E-07
            4155       35 -0.120469702598E-07
            4155       36 -0.100932367093E-07
            4155       37 -0.848880987866E-08
            4155       38 -0.716387996649E-08
            4155       39 -0.605484762038E-08
            4155       40 -0.512587711992E-08
            4155       41 -0.434888803209E-08
            4155       42 -0.369588158102E-08
            4155       43 -0.315712307551E-08
            4155       44 -0.273952759420E-08
            4155       45 -0.236466541746E-08
            4155       46 -0.203302420741E-08
            4155       47 -0.175241607480E-08
            4155       48 -0.151443846438E-08
            4155       49 -0.131204142759E-08
            4155       50 -0.113943272848E-08
            4155       51 -0.991837591984E-09
            4155       52 -0.865307285637E-09
            4155       53 -0.756566029262E-09
            4155       54 -0.662888108236E-09
            4155       55 -0.581998880631E-09
            4155       56 -0.511994757825E-09
            4155       57 -0.451278306367E-09
            4155       58 -0.398505443535E-09
            4155       59 -0.352542338359E-09
            4155       60 -0.312430127309E-09
            4155       61 -0.277355942523E-09
            4155       62 -0.246629055091E-09
            4155       63 -0.219661175692E-09
            4155       64 -0.195950144123E-09
            4155       65 -0.175066389269E-09
            4155       66 -0.156641660190E-09
            4155       67 -0.140359624078E-09
            4155       68 -0.125948002834E-09
            4155       69 -0.113171980966E-09
            4155       70 -0.101828666600E-09
            4155       71 -0.917424269568E-10
            4155       72 -0.827609516831E-10
            4155       73 -0.747519234034E-10
            4155       74 -0.676001959986E-10
            4155       75 -0.612053983518E-10
            4155       76 -0.554798953974E-10
            4155       77 -0.503470498540E-10
            4155       78 -0.457397375164E-10
            4155       79 -0.415990767900E-10
            4155       80 -0.378733396061E-10
            4155       81 -0.345170161827E-10
            4155       82 -0.314900105259E-10
            4155       83 -0.287569472339E-10
            4155       84 -0.262865732281E-10
            4155       85 -0.240512405823E-10
            4155       86 -0.220264587583E-10
            4155       87 -0.201905063364E-10
            4155       88 -0.185240938308E-10
            4155       89 -0.170100704385E-10
            4155       90 -0.156331686284E-10
            4155       91 -0.143797813753E-10
            4155       92 -0.132377675982E-10
            4155       93 -0.121962819990E-10
            4155       94 -0.112456260477E-10
            4155       95 -0.103771173129E-10
            4155       96 -0.958297473568E-11
            4155       97 -0.885621777266E-11
            4155       98 -0.819057762507E-11
            4155       99 -0.758041901013E-11
            4155      100 -0.702067114148E-11
            4155      101 -0.650676676415E-11
            4157        1  0.150508764091E-02
            4157        2  0.924651062009E-03
            4157        3  0.422294941727E-03
            4157        4  0.205025401075E-03
            4157        5  0.105659802785E-03
            4157        6  0.576473850262E-04
            4157        7  0.334915073465E-04
            4157        8  0.204227802530E-04
            4157        9  0.128441081467E-04
            4157       10  0.821596056297E-05
            4157       11  0.533479312794E-05
            4157       12  0.355255549973E-05
            4157       13  0.245680086963E-05
            4157       14  0.176297093079E-05
            4157       15  0.129542497988E-05
            4157       16  0.968677248019E-06
            4157       17  0.727566230002E-06
            4157       18  0.550003911090E-06
            4157       19  0.419972399856E-06
            4157       20  0.323750007643E-06
            4157       21  0.251695235374E-06
            4157       22  0.198255439206E-06
            4157       23  0.158071604061E-06
            4157       24  0.126139505212E-06
            4157       25  0.100272553228E-06
            4157       26  0.796278107539E-07
            4157       27  0.633706281628E-07
            4157       28  0.507051210772E-07
            4157       29  0.409597174833E-07
            4157       30  0.334877132506E-07
            4157       31  0.276460847405E-07
            4157       32  0.229635142630E-07
            4157       33  0.192098740682E-07
            4157       34  0.161731186589E-07
            4157       35  0.136489527589E-07
            4157       36  0.115231774182E-07
            4157       37  0.973972034775E-08
            4157       38  0.824347803660E-08
            4157       39  0.698299840478E-08
            4157       40  0.592315298999E-08
            4157       41  0.503337304841E-08
            4157       42  0.428308400362E-08
            4157       43  0.362740031880E-08
            4157       44  0.303432276750E-08
            4157       45  0.258010559852E-08
            4157       46  0.221784458988E-08
            4157       47  0.191172662703E-08
            4157       48  0.165211468839E-08
            4157       49  0.143131792099E-08
            4157       50  0.124301752196E-08
            4157       51  0.108200464579E-08
            4157       52  0.943971584321E-09
            4157       53  0.825344759187E-09
            4157       54  0.723150663523E-09
            4157       55  0.634907869773E-09
            4157       56  0.558539735804E-09
            4157       57  0.492303606941E-09
            4157       58  0.434733211126E-09
            4157       59  0.384591641842E-09
            4157       60  0.340832866152E-09
            4157       61  0.302570119114E-09
            4157       62  0.269049878280E-09
            4157       63  0.239630373481E-09
            4157       64  0.213763793587E-09
            4157       65  0.190981515565E-09
            4157       66  0.170881811115E-09
            4157       67  0.153119589903E-09
            4157       68  0.137397821273E-09
            4157       69  0.123460342872E-09
            4157       70  0.111085818109E-09
            4157       71  0.100082647589E-09
            4157       72  0.902846745630E-10
            4157       73  0.815475528034E-10
            4157       74  0.737456683618E-10
            4157       75  0.667695254745E-10
            4157       76  0.605235222516E-10
            4157       77  0.549240543861E-10
            4157       78  0.498978954723E-10
            4157       79  0.453808110436E-10
            4157       80  0.413163704793E-10
            4157       81  0.376549267448E-10
            4157       82  0.343527387555E-10
            4157       83  0.313712151643E-10
            4157       84  0.286762617034E-10
            4157       85  0.262377169990E-10
            4157       86  0.240288641001E-10
            4157       87  0.220260069125E-10
            4157       88  0.202081023609E-10
            4157       89  0.185564404785E-10
            4157       90  0.170543657765E-10
            4157       91  0.156870342277E-10
            4157       92  0.144412010163E-10
            4157       93  0.133050349081E-10
            4157       94  0.122679556884E-10
            4157       95  0.113204916142E-10
            4157       96  0.104541542572E-10
            4157       97  0.966132847935E-11
            4157       98  0.893517559107E-11
            4157       99  0.826954801114E-11
            4157      100  0.765891397261E-11
            4157      101  0.709829101552E-11
