#N =           J          V          E
    1          0          0   1176.220
    2          2          0   1188.208
    3          4          0   1216.180
    4          6          0   1260.136
    5          8          0   1320.076
    6         10          0   1396.000
    7          0          1   3507.180
    8          2          1   3519.168
    9          4          1   3547.140
   10          6          1   3591.096
   11          8          1   3651.036
   12         10          1   3726.960
   13          0          2   5809.500
   14          2          2   5821.488
   15          4          2   5849.460
   16          6          2   5893.416
   17          8          2   5953.356
   18         10          2   6029.280
 R(i),J(i)
   1.59136666666667       3.333333333333333E-002
   1.62470000000000       3.333333333333333E-002
   1.65803333333333       3.333333333333333E-002
   1.69136666666667       3.333333333333333E-002
   1.72470000000000       3.333333333333333E-002
   1.75803333333333       3.333333333333333E-002
   1.79136666666667       3.333333333333333E-002
   1.82470000000000       3.333333333333333E-002
   1.85803333333333       3.333333333333333E-002
   1.89136666666667       3.333333333333333E-002
   1.92470000000000       3.333333333333333E-002
   1.95803333333333       3.333333333333333E-002
   1.99136666666667       3.333333333333333E-002
   2.02470000000000       3.333333333333333E-002
   2.05803333333333       3.333333333333333E-002
   2.09136666666667       3.333333333333333E-002
   2.12470000000000       3.333333333333333E-002
   2.15803333333333       3.333333333333333E-002
   2.19136666666667       3.333333333333333E-002
   2.22470000000000       3.333333333333333E-002
   2.25803333333333       3.333333333333333E-002
   2.29136666666667       3.333333333333333E-002
   2.32470000000000       3.333333333333333E-002
   2.35803333333333       3.333333333333333E-002
   2.39136666666667       3.333333333333333E-002
   2.42470000000000       3.333333333333333E-002
   2.45803333333333       3.333333333333333E-002
   2.49136666666667       3.333333333333333E-002
   2.52470000000000       3.333333333333333E-002
   2.55803333333333       3.333333333333333E-002
 WAVEFUNCTIONS ARE LISTED BELOW
 CHANNEL=           1
  4.087602156991923E-009
  7.804295400631288E-008
  1.134669194903121E-006
  1.270741348792936E-005
  1.108331038978703E-004
  7.608121833930651E-004
  4.152023354890096E-003
  1.818908571848309E-002
  6.455776712403793E-002
  0.187292903789515     
  0.447935975560560     
  0.890356143257937     
   1.48233884525517     
   2.08260753651436     
   2.48683790328800     
   2.54121154161503     
   2.23684290823697     
   1.70670945985719     
   1.13560269183105     
  0.662733887384913     
  0.341111011362122     
  0.155665723245034     
  6.330399757939037E-002
  2.305248396768084E-002
  7.552167307068514E-003
  2.235767265033735E-003
  6.006688610135270E-004
  1.470522273632788E-004
  3.293334026423257E-005
  6.772605870981358E-006
 
 CHANNEL=           2
  4.087602156991923E-009
  7.804295400631288E-008
  1.134669194903121E-006
  1.270741348792936E-005
  1.108331038978703E-004
  7.608121833930651E-004
  4.152023354890096E-003
  1.818908571848309E-002
  6.455776712403793E-002
  0.187292903789515     
  0.447935975560560     
  0.890356143257937     
   1.48233884525517     
   2.08260753651436     
   2.48683790328800     
   2.54121154161503     
   2.23684290823697     
   1.70670945985719     
   1.13560269183105     
  0.662733887384913     
  0.341111011362122     
  0.155665723245034     
  6.330399757939037E-002
  2.305248396768084E-002
  7.552167307068514E-003
  2.235767265033735E-003
  6.006688610135270E-004
  1.470522273632788E-004
  3.293334026423257E-005
  6.772605870981358E-006
 
 CHANNEL=           3
  4.087602156991923E-009
  7.804295400631288E-008
  1.134669194903121E-006
  1.270741348792936E-005
  1.108331038978703E-004
  7.608121833930651E-004
  4.152023354890096E-003
  1.818908571848309E-002
  6.455776712403793E-002
  0.187292903789515     
  0.447935975560560     
  0.890356143257937     
   1.48233884525517     
   2.08260753651436     
   2.48683790328800     
   2.54121154161503     
   2.23684290823697     
   1.70670945985719     
   1.13560269183105     
  0.662733887384913     
  0.341111011362122     
  0.155665723245034     
  6.330399757939037E-002
  2.305248396768084E-002
  7.552167307068514E-003
  2.235767265033735E-003
  6.006688610135270E-004
  1.470522273632788E-004
  3.293334026423257E-005
  6.772605870981358E-006
 
 CHANNEL=           4
  4.087602156991923E-009
  7.804295400631288E-008
  1.134669194903121E-006
  1.270741348792936E-005
  1.108331038978703E-004
  7.608121833930651E-004
  4.152023354890096E-003
  1.818908571848309E-002
  6.455776712403793E-002
  0.187292903789515     
  0.447935975560560     
  0.890356143257937     
   1.48233884525517     
   2.08260753651436     
   2.48683790328800     
   2.54121154161503     
   2.23684290823697     
   1.70670945985719     
   1.13560269183105     
  0.662733887384913     
  0.341111011362122     
  0.155665723245034     
  6.330399757939037E-002
  2.305248396768084E-002
  7.552167307068514E-003
  2.235767265033735E-003
  6.006688610135270E-004
  1.470522273632788E-004
  3.293334026423257E-005
  6.772605870981358E-006
 
 CHANNEL=           5
  4.087602156991923E-009
  7.804295400631288E-008
  1.134669194903121E-006
  1.270741348792936E-005
  1.108331038978703E-004
  7.608121833930651E-004
  4.152023354890096E-003
  1.818908571848309E-002
  6.455776712403793E-002
  0.187292903789515     
  0.447935975560560     
  0.890356143257937     
   1.48233884525517     
   2.08260753651436     
   2.48683790328800     
   2.54121154161503     
   2.23684290823697     
   1.70670945985719     
   1.13560269183105     
  0.662733887384913     
  0.341111011362122     
  0.155665723245034     
  6.330399757939037E-002
  2.305248396768084E-002
  7.552167307068514E-003
  2.235767265033735E-003
  6.006688610135270E-004
  1.470522273632788E-004
  3.293334026423257E-005
  6.772605870981358E-006
 
 CHANNEL=           6
  4.087602156991923E-009
  7.804295400631288E-008
  1.134669194903121E-006
  1.270741348792936E-005
  1.108331038978703E-004
  7.608121833930651E-004
  4.152023354890096E-003
  1.818908571848309E-002
  6.455776712403793E-002
  0.187292903789515     
  0.447935975560560     
  0.890356143257937     
   1.48233884525517     
   2.08260753651436     
   2.48683790328800     
   2.54121154161503     
   2.23684290823697     
   1.70670945985719     
   1.13560269183105     
  0.662733887384913     
  0.341111011362122     
  0.155665723245034     
  6.330399757939037E-002
  2.305248396768084E-002
  7.552167307068514E-003
  2.235767265033735E-003
  6.006688610135270E-004
  1.470522273632788E-004
  3.293334026423257E-005
  6.772605870981358E-006
 
 CHANNEL=           7
 -2.446282112149334E-008
 -4.439585961232912E-007
 -6.104112210777917E-006
 -6.426209215816627E-005
 -5.231646028432146E-004
 -3.323780844669629E-003
 -1.661519529038022E-002
 -6.581834673612631E-002
 -0.207784003467461     
 -0.524608682154909     
  -1.05940697245840     
  -1.70058479599839     
  -2.12704192318085     
  -1.95548487461021     
  -1.04745191850224     
  0.303216988970644     
   1.52909423899146     
   2.17207923680108     
   2.14360648205137     
   1.67647395040993     
   1.09150289353836     
  0.607021069463213     
  0.293093612944678     
  0.124309684709806     
  4.673661412996878E-002
  1.569403714491397E-002
  4.737525324507321E-003
  1.292995876693914E-003
  3.207132965442737E-004
  7.263824069216619E-005
 
 CHANNEL=           8
 -2.446282112149334E-008
 -4.439585961232912E-007
 -6.104112210777917E-006
 -6.426209215816627E-005
 -5.231646028432146E-004
 -3.323780844669629E-003
 -1.661519529038022E-002
 -6.581834673612631E-002
 -0.207784003467461     
 -0.524608682154909     
  -1.05940697245840     
  -1.70058479599839     
  -2.12704192318085     
  -1.95548487461021     
  -1.04745191850224     
  0.303216988970644     
   1.52909423899146     
   2.17207923680108     
   2.14360648205137     
   1.67647395040993     
   1.09150289353836     
  0.607021069463213     
  0.293093612944678     
  0.124309684709806     
  4.673661412996878E-002
  1.569403714491397E-002
  4.737525324507321E-003
  1.292995876693914E-003
  3.207132965442737E-004
  7.263824069216619E-005
 
 CHANNEL=           9
 -2.446282112149334E-008
 -4.439585961232912E-007
 -6.104112210777917E-006
 -6.426209215816627E-005
 -5.231646028432146E-004
 -3.323780844669629E-003
 -1.661519529038022E-002
 -6.581834673612631E-002
 -0.207784003467461     
 -0.524608682154909     
  -1.05940697245840     
  -1.70058479599839     
  -2.12704192318085     
  -1.95548487461021     
  -1.04745191850224     
  0.303216988970644     
   1.52909423899146     
   2.17207923680108     
   2.14360648205137     
   1.67647395040993     
   1.09150289353836     
  0.607021069463213     
  0.293093612944678     
  0.124309684709806     
  4.673661412996878E-002
  1.569403714491397E-002
  4.737525324507321E-003
  1.292995876693914E-003
  3.207132965442737E-004
  7.263824069216619E-005
 
 CHANNEL=          10
 -2.446282112149334E-008
 -4.439585961232912E-007
 -6.104112210777917E-006
 -6.426209215816627E-005
 -5.231646028432146E-004
 -3.323780844669629E-003
 -1.661519529038022E-002
 -6.581834673612631E-002
 -0.207784003467461     
 -0.524608682154909     
  -1.05940697245840     
  -1.70058479599839     
  -2.12704192318085     
  -1.95548487461021     
  -1.04745191850224     
  0.303216988970644     
   1.52909423899146     
   2.17207923680108     
   2.14360648205137     
   1.67647395040993     
   1.09150289353836     
  0.607021069463213     
  0.293093612944678     
  0.124309684709806     
  4.673661412996878E-002
  1.569403714491397E-002
  4.737525324507321E-003
  1.292995876693914E-003
  3.207132965442737E-004
  7.263824069216619E-005
 
 CHANNEL=          11
 -2.446282112149334E-008
 -4.439585961232912E-007
 -6.104112210777917E-006
 -6.426209215816627E-005
 -5.231646028432146E-004
 -3.323780844669629E-003
 -1.661519529038022E-002
 -6.581834673612631E-002
 -0.207784003467461     
 -0.524608682154909     
  -1.05940697245840     
  -1.70058479599839     
  -2.12704192318085     
  -1.95548487461021     
  -1.04745191850224     
  0.303216988970644     
   1.52909423899146     
   2.17207923680108     
   2.14360648205137     
   1.67647395040993     
   1.09150289353836     
  0.607021069463213     
  0.293093612944678     
  0.124309684709806     
  4.673661412996878E-002
  1.569403714491397E-002
  4.737525324507321E-003
  1.292995876693914E-003
  3.207132965442737E-004
  7.263824069216619E-005
 
 CHANNEL=          12
 -2.446282112149334E-008
 -4.439585961232912E-007
 -6.104112210777917E-006
 -6.426209215816627E-005
 -5.231646028432146E-004
 -3.323780844669629E-003
 -1.661519529038022E-002
 -6.581834673612631E-002
 -0.207784003467461     
 -0.524608682154909     
  -1.05940697245840     
  -1.70058479599839     
  -2.12704192318085     
  -1.95548487461021     
  -1.04745191850224     
  0.303216988970644     
   1.52909423899146     
   2.17207923680108     
   2.14360648205137     
   1.67647395040993     
   1.09150289353836     
  0.607021069463213     
  0.293093612944678     
  0.124309684709806     
  4.673661412996878E-002
  1.569403714491397E-002
  4.737525324507321E-003
  1.292995876693914E-003
  3.207132965442737E-004
  7.263824069216619E-005
 
 CHANNEL=          13
  1.038307131683259E-007
  1.790750987973348E-006
  2.327373608370003E-005
  2.301468258205203E-004
  1.746632885688105E-003
  1.024897342373007E-002
  4.677250395814629E-002
  0.166626704822613     
  0.463582303013540     
   1.00205014487959     
   1.65576963222802     
   2.00383106691791     
   1.55197343102260     
  0.257623149624931     
  -1.18614160891327     
  -1.79975713399104     
  -1.15932034840861     
  0.256225730121602     
   1.54473004156108     
   2.10881131596901     
   1.94171131217690     
   1.39728491957839     
  0.831003514520037     
  0.420669998504418     
  0.184673948455969     
  7.124535974541510E-002
  2.440201455638792E-002
  7.481946678619703E-003
  2.068085980901230E-003
  5.184861741061328E-004
 
 CHANNEL=          14
  1.038307131683259E-007
  1.790750987973348E-006
  2.327373608370003E-005
  2.301468258205203E-004
  1.746632885688105E-003
  1.024897342373007E-002
  4.677250395814629E-002
  0.166626704822613     
  0.463582303013540     
   1.00205014487959     
   1.65576963222802     
   2.00383106691791     
   1.55197343102260     
  0.257623149624931     
  -1.18614160891327     
  -1.79975713399104     
  -1.15932034840861     
  0.256225730121602     
   1.54473004156108     
   2.10881131596901     
   1.94171131217690     
   1.39728491957839     
  0.831003514520037     
  0.420669998504418     
  0.184673948455969     
  7.124535974541510E-002
  2.440201455638792E-002
  7.481946678619703E-003
  2.068085980901230E-003
  5.184861741061328E-004
 
 CHANNEL=          15
  1.038307131683259E-007
  1.790750987973348E-006
  2.327373608370003E-005
  2.301468258205203E-004
  1.746632885688105E-003
  1.024897342373007E-002
  4.677250395814629E-002
  0.166626704822613     
  0.463582303013540     
   1.00205014487959     
   1.65576963222802     
   2.00383106691791     
   1.55197343102260     
  0.257623149624931     
  -1.18614160891327     
  -1.79975713399104     
  -1.15932034840861     
  0.256225730121602     
   1.54473004156108     
   2.10881131596901     
   1.94171131217690     
   1.39728491957839     
  0.831003514520037     
  0.420669998504418     
  0.184673948455969     
  7.124535974541510E-002
  2.440201455638792E-002
  7.481946678619703E-003
  2.068085980901230E-003
  5.184861741061328E-004
 
 CHANNEL=          16
  1.038307131683259E-007
  1.790750987973348E-006
  2.327373608370003E-005
  2.301468258205203E-004
  1.746632885688105E-003
  1.024897342373007E-002
  4.677250395814629E-002
  0.166626704822613     
  0.463582303013540     
   1.00205014487959     
   1.65576963222802     
   2.00383106691791     
   1.55197343102260     
  0.257623149624931     
  -1.18614160891327     
  -1.79975713399104     
  -1.15932034840861     
  0.256225730121602     
   1.54473004156108     
   2.10881131596901     
   1.94171131217690     
   1.39728491957839     
  0.831003514520037     
  0.420669998504418     
  0.184673948455969     
  7.124535974541510E-002
  2.440201455638792E-002
  7.481946678619703E-003
  2.068085980901230E-003
  5.184861741061328E-004
 
 CHANNEL=          17
  1.038307131683259E-007
  1.790750987973348E-006
  2.327373608370003E-005
  2.301468258205203E-004
  1.746632885688105E-003
  1.024897342373007E-002
  4.677250395814629E-002
  0.166626704822613     
  0.463582303013540     
   1.00205014487959     
   1.65576963222802     
   2.00383106691791     
   1.55197343102260     
  0.257623149624931     
  -1.18614160891327     
  -1.79975713399104     
  -1.15932034840861     
  0.256225730121602     
   1.54473004156108     
   2.10881131596901     
   1.94171131217690     
   1.39728491957839     
  0.831003514520037     
  0.420669998504418     
  0.184673948455969     
  7.124535974541510E-002
  2.440201455638792E-002
  7.481946678619703E-003
  2.068085980901230E-003
  5.184861741061328E-004
 
 CHANNEL=          18
  1.038307131683259E-007
  1.790750987973348E-006
  2.327373608370003E-005
  2.301468258205203E-004
  1.746632885688105E-003
  1.024897342373007E-002
  4.677250395814629E-002
  0.166626704822613     
  0.463582303013540     
   1.00205014487959     
   1.65576963222802     
   2.00383106691791     
   1.55197343102260     
  0.257623149624931     
  -1.18614160891327     
  -1.79975713399104     
  -1.15932034840861     
  0.256225730121602     
   1.54473004156108     
   2.10881131596901     
   1.94171131217690     
   1.39728491957839     
  0.831003514520037     
  0.420669998504418     
  0.184673948455969     
  7.124535974541510E-002
  2.440201455638792E-002
  7.481946678619703E-003
  2.068085980901230E-003
  5.184861741061328E-004
 
