 0   ! units in bohrs
 13  0
 1    -1.12446442  0.00000000  1.26676856  0 0 0  O1
 2     1.37331452  0.00000000  0.92617268  0 0 0  C1
 3    -2.58531810  0.00000000 -1.02234520  0 0 0  C2
 4     2.44159176  0.00000000 -1.07410780  0 0 0  O2
 5     2.31998313  0.00000000  2.77891835  0 0 0  H1
 6    -4.57393022  0.00000000 -0.51527134  0 0 0  H2
 7    -2.10935064 -1.68799207 -2.08810164  0 0 0  H3
 7    -2.10935064  1.68799207 -2.08810164  0 0 0  H4
 8     0.0        -0.85        0.0        0 0 0   S1
 8     0.0         0.85        0.0        0 0 0   S2
 9    -2.95        0.0         1.15       0 0 0   S3
10     0.68       -1.34       -2.03       0 0 0   S4
10     0.68        1.34       -2.03       0 0 0   S5
  1 0
 1    0.00000000  0.00000000  0.00000000  0 0 0  He
  0    charges
  90
 1 1 1  2.93739386 1
 2 1 1  3.73344844 1
 3 1 1  2.34764672 1
 4 1 1  5.55341582 1
 5 1 1  6.74216926 1
 6 1 1  3.75356318 1
 7 1 1  3.99479165 1
 8 1 1  3.09770535 1
 9 1 1  3.41957883 1
 10 1 1  1.87343009 1
 1 1 2  15.1633077 1
 2 1 2  16.5368464 1
 3 1 2  12.1982045 1
 4 1 2  22.2799622 1
 5 1 2  22.299446 1
 6 1 2  13.7077381 1
 7 1 2  11.598617 1
 8 1 2  6.73635657 1
 9 1 2  13.3206662 1
 10 1 2  8.67509677 1
 1 1 3  22863.4604 0
 2 1 3  336.117635 0
 3 1 3  41102.7293 0
 4 1 3  43438.5576 0
 5 1 3  16009.7187 0
 6 1 3  7703.22698 0
 7 1 3  2540.47106 0
 8 1 3  0.0         0
 9 1 3  0.0         0
10 1 3  0.0         0
 1 1 4  189378.374 0
 2 1 4  34456.4025 0
 3 1 4  5.13607325 0
 4 1 4  60064.325 0
 5 1 4  30.9761897 0
 6 1 4  18.896926 0
 7 1 4  67292.1131 0
 8 1 4  0.0         0
 9 1 4  0.0         0
10 1 4  0.0         0
 1 1 5  0. 0
 2 1 5  0. 0
 3 1 5  0. 0
 4 1 5  0. 0
 5 1 5  0. 0
 6 1 5  0. 0
 7 1 5  0. 0
 8 1 5  0.0         0
 9 1 5  0.0         0
10 1 5  0.0         0
 1 1 6  2. 0
 2 1 6  2. 0
 3 1 6  2. 0
 4 1 6  2. 0
 5 1 6  2. 0
 6 1 6  2. 0
 7 1 6  2. 0
 8 1 6  2. 0
 9 1 6  2. 0
 10 1 6  2. 0
 1 1 7  5.9877171 1
 2 1 7  2.33515172 1
 3 1 7  3.18291888 1
 4 1 7  3.95801928 1
 5 1 7  2.92431701 1
 6 1 7  3.10985291 1
 7 1 7  0.868825148 1
 8 1 7  2. 0
 9 1 7  2. 0
 10 1 7  2. 0
 1 1 8  2. 0
 2 1 8  2. 0
 3 1 8  2. 0
 4 1 8  2. 0
 5 1 8  2. 0
 6 1 8  2. 0
 7 1 8  2. 0
 8 1 8  0.0         0
 9 1 8  0.0         0
10 1 8  0.0         0
 1 1 9  2. 0
 2 1 9  2. 0
 3 1 9  2. 0
 4 1 9  2. 0
 5 1 9  2. 0
 6 1 9  2. 0
 7 1 9  2. 0
 8 1 9  0.0         0
 9 1 9  0.0         0
10 1 9  0.0         0
  262 1 1  1131  1   #  ntpot, idonl, iopt, iweight, iasdone
  0.10E-10  0.10E-10  0.10E-15   880000.    5    7   0.1E+00  0 0.2E+03 10
0.  9   2   #  R_0,isyst,npowers
 20
 -0.453678681
  0.053124508
 -0.440366693
  0.0628732491
 -0.286364145
 -0.00276154454
 -0.853831867
  0.193054966
 -1.00176854
  0.263270278
  0.257202521
 -0.15637545
  14.5980745
 -4.79624255
 -188.567618
  49.3203358
 -1.08695388
  0.264111374
 -0.516224163
  0.0557844696
