  0.910881258511178     
 -0.978916436408773     
   10.4372356184374     
  -43.7808848836965     
   99.6039328791360     
  -118.367545380196     
   57.5876474124491     
   7.58565912079907     
 -1.910512765261352E-002
  0.366171772076701     
  0.380286599322076     
  0.373076215023545     
 -0.522838145968898     
   1.71092174754428     
  -13.0003341471039     
   58.8899171883189     
  -76.8684677519595     
  -17.4150493126375     
   25.2635477508957     
   52.6026293545099     
  -78.3405363098221     
   37.1130761040904     
  -270.505778387900     
  -117.225472507523     
  -297.001461916723     
   1140.24516080787     
   529.724966860983     
  -1593.98992994205     
  -14.7674125484633     
   2.33300834828945     
  -10.8875490590189     
   25.9773646601084     
  -35.4987818624005     
   19.3363503681971     
  -5.34508553059906     
   9.76046380613032     
  -43.1000838834210     
   70.1187211757179     
   36.9375548140297     
  -5.85288365513058     
  -300.528291529915     
   222.644316172360     
   20.9465743524622     
   262.199190220717     
   1224.74297788876     
   761.115456876522     
  -2123.08319306462     
  -1864.48714622660     
   2833.63847454922     
  0.254868663137810     
   8.80882718686408     
  -36.7762641178947     
   42.4223790337227     
  -31.0768141187563     
  -36.8936530086915     
   138.619520110503     
  -73.9707179417031     
  -272.060609885117     
   483.090061568049     
  -1048.28859225428     
  -489.932278129411     
  -145.397077721942     
  -640.088907009349     
   1192.41277721388     
   28.7816428885795     
   96.6278529289503     
   2.55117813416388     
   108.444863062400     
  -294.872331568799     
   528.424317286447     
   508.949223642787     
  -8.90701568741997     
   658.257710801962     
  -99.0895290140745     
  -120.216602541596     
  -426.798423117904     
  -685.133091672938     
  -217.568333203901     
   1195.74864403676     
  -538.827834304414     
   678.967527044164     
   524.025893994544     
  -696.939384615178     
  -283.245288923871     
  -14.4689886286453     
  -3.88118309009187     
  -12.1980874074488     
  -6.46827456079285     
  -103.537902554963     
   51.8371926939365     
   98.6734395583812     
   171.623056303149     
   36.0766176449019     
  -218.133220122935     
  -856.500707933683     
  -1124.05168725577     
   957.566521047752     
   2359.49298166328     
  -1583.32187401859     
   9.30721617363397     
   10.2677646970157     
  -4.71852605214764     
   67.0270225915488     
  -36.4014451562970     
  -79.6459037882126     
  -137.934510651793     
   77.8914436152454     
   124.005687696286     
   130.959156898035     
   118.332277748223     
  -6.58926703847914     
  -252.751898163560     
   1092.16393712334     
  -743.219495879355     
   60.2222559271686     
  -63.1706996588835     
  -266.587507013755     
  -31.4585677923147     
   191.111357547145     
  -154.480301091731     
   22.4793151590327     
   115.324016935018     
   644.787488587948     
  -160.198460193902     
   21.9277255822459     
   771.313575321367     
   385.993316022475     
  -466.243964561836     
  -178.715838269007     
  -59.9085759311167     
  -568.129567614046     
  -835.840501875788     
  -213.430429700544     
  -244.392075608514     
  -24.6136591769934     
  -39.5860873299089     
   159.576023517572     
   151.180186104013     
   148.664306138851     
   351.919449685143     
   315.444377085306     
  -230.888322138744     
   587.650468243662     
  -678.342706452373     
   86.5231548615395     
  -816.660319909811     
  -375.244497692720     
  -253.670379568550     
   97.9991514243762     
  -116.735609103299     
  -139.813315711926     
   371.004584921360     
   198.567480546953     
  -7.57093756202470     
  -636.746212467358     
   217.708668512733     
   419.282339098090     
  -847.451686497184     
   297.026761845352     
   360.612728483415     
  -70.0317475195224     
  -243.938003912091     
   59.8075853231180     
  -263.181106127862     
  -400.650441142110     
  -4.48441908798179     
   9.95035577950529     
  -823.265615624560     
   264.655245471359     
   479.413762742022     
   620.806253325689     
   694.598612843645     
  -733.566808083776     
   381.199957900790     
   363.165062558322     
   194.602634459790     
   6.02527181317732     
  0.473369172948535     
  -1.42678901026872     
  -19.9947253550176     
   94.0322730637609     
  -59.3873082107269     
   33.5924337124876     
  -115.554488391512     
   167.553705484567     
   245.928597716355     
   322.810454088114     
   500.102864409030     
  -856.393449360367     
  -720.921671705142     
   859.661689609628     
   64.4756406126760     
   110.342783133741     
  -142.912734443402     
  -334.150137411201     
  -143.712393875423     
  -296.982723268240     
  -363.355406996381     
   130.417939796421     
  -1272.65202148418     
   954.191402808369     
  -294.686978482239     
   505.326335392226     
   502.584322431469     
   843.064417525803     
  -370.257877551065     
   591.225032155815     
  -408.605909157204     
  -521.539112833364     
   75.6469649275561     
  -123.568161031801     
  -442.454205636324     
  -796.327588946011     
  -827.963614207780     
   1048.47999753510     
   943.537272852119     
  -1283.10993211136     
   168.879492009607     
   870.697959582213     
   492.418549049543     
  -94.7104606523983     
   746.963175537342     
  -710.580060774165     
  -561.163046820759     
   6.12531503963395     
  -159.939330029962     
   64.4664925380497     
   518.932030566754     
   352.471490585397     
  -428.356571394420     
  -148.581168864208     
   166.268922716717     
   117.942742137981     
   213.778937476793     
  -69.2560586565592     
   299.367829727936     
  -947.807204048820     
   38.9500278293365     
   713.387343683488     
   863.113492461442     
   79.3398321866356     
  -373.999282221671     
   27.6764735717897     
  -1020.76643185895     
  -697.393388866602     
   597.645716147142     
  -10.4621508394851     
  -4.54009583680477     
   6.70311810761218     
  -11.8646962379349     
   10.8282505782091     
  -2.99204895011485     
  -77.3822907784749     
   1.23714049779053     
  -9.92592870768141     
   9.61290083500624     
  -6.47765184574969     
  -20.5441320316325     
  -17.8998846349752     
   14.0800106459684     
   18.5125135532134     
   29.3655482955647     
   55.1063319488044     
 -0.131693991209545     
  -28.5612039627517     
  -290.769814137402     
   113.799446745701     
   148.898271696075     
  -6.07995816543243     
   21.4177280642018     
  -23.2948453684748     
   15.2045996459848     
   53.8687855352852     
   85.7224076250142     
  -22.3044227957030     
   44.9384995352372     
  -104.970979794994     
  -139.163765725087     
  -67.8670032513767     
   163.878084870127     
   897.278347211602     
  -426.454158085514     
  -18.7750967484625     
  -34.0163263317891     
  -60.0782928988919     
  -45.6783176966171     
   248.002704116441     
  -63.5887037001705     
  -34.8696459380537     
  -646.453659923971     
  -477.432771558051     
   579.230620709923     
  -247.077652033320     
  -27.1862485572166     
   314.772114081819     
   218.793458517088     
  -143.908798682392     
   469.976126011028     
   548.378670576632     
  -209.631946690899     
  -74.1902820943034     
  -591.026210255976     
   104.305514930279     
  -46.8074264247753     
   47.8107484390234     
   22.8205555529072     
  -197.515344247114     
   235.991987857932     
   133.474271940570     
   414.670492601756     
  -324.303283275162     
  -178.604038531193     
  -79.8682657354100     
  -18.8203232969955     
   62.2777169688126     
  -1.47977328290456     
   224.016711672429     
  -159.143597218710     
  -133.311909830289     
  -192.375240215493     
  -6.24407156543828     
  -402.747054418783     
  -173.936541114342     
   143.046000008959     
   4.16210006446812     
   113.408707771121     
  -340.123967095580     
   136.110240482515     
   51.8588441173955     
   441.849057823068     
  -46.9360257090424     
  -389.872567737983     
   251.038114309728     
  -70.9166838564236     
  -94.3783387126341     
  -64.3243541548921     
   175.306316012763     
  -565.660031530191     
  -63.0425012217312     
  -625.068622689682     
  -104.786752412675     
  -289.833880683965     
   229.053580196508     
   240.567133232749     
   326.933518529110     
  -58.5582865274578     
  -290.118027941277     
   53.7237675437654     
   318.161470851636     
   766.115322916242     
  -32.0075272770933     
   8.07988544785360     
  -19.3832111279500     
  -45.2956922166409     
   70.0388571727921     
  -203.575729918578     
   51.6735133672201     
   28.2385993245597     
   137.157834712260     
  -47.6349492885677     
  -147.918801586627     
   220.919511330820     
  -81.3966019890142     
   274.440892557144     
   55.6346970192381     
  -184.483985394572     
  -478.003151312577     
   402.857500946983     
   411.115968390518     
   196.695564872195     
   328.083299169885     
  -273.953566868591     
  -109.181297762259     
  -45.0957961489677     
   434.931084475287     
  -461.171577380705     
  -189.186538220080     
  -99.6260430118265     
  -223.379605450929     
  -24.7365135335339     
   553.598134690574     
  -130.270615115445     
   54.7193959072268     
   13.6244052794381     
  -7.67520346930112     
   8.47294245540621     
  -5.46796561202222     
   313.235671566863     
   3.09638234691067     
   10.9038008926723     
  -1.88074880036929     
   76.5839259578276     
  -13.6840369854943     
  -26.6189776241663     
  -89.6518352853567     
   25.1313225435510     
   31.8782808385267     
  -601.273563906028     
   4.16265250987129     
  -20.6223132651264     
   3.97562686382568     
  -247.503100485519     
  -30.7753118989221     
  -28.4531315247033     
   298.903268532136     
  -173.922284251223     
   46.3768049998121     
   127.855100455116     
   45.4764080791860     
   86.2943047325613     
  -449.871819179324     
   406.417694264777     
  -80.2236445017456     
   359.449799407963     
  -201.575769228382     
   100.607207737629     
  -314.079663714474     
  -243.709711396295     
  -57.7080090613224     
  -27.6233936891538     
   178.077552583531     
  -55.1496671392110     
  -142.107713972797     
   195.101253474004     
   46.0410168521953     
  -68.3042643670610     
  -310.399949559878     
   59.7477690175378     
   35.2562035450670     
   354.626936249996     
  -160.572937824108     
   260.181434412753     
  -51.7292899344708     
  -413.040742878140     
   110.210094649718     
   261.899884590002     
   194.406803707591     
  -106.096261027156     
  -6.42756769821962     
   82.6442033777309     
   41.6169422035294     
   42.4267194648510     
  -45.4172627622551     
   68.7256820159464     
  -27.8848747146250     
   173.568252230775     
  -97.9695350513982     
  -159.083267683170     
  -33.7248644161636     
  -85.2091831226488     
   123.041585957774     
  -15.1233598045069     
  -150.870612102993     
  -23.8073528591020     
   4.29915615117582     
 -0.566737391088632     
  -632.366296756111     
  -9.50497957558494     
  -5.57128714346929     
  -105.006436616841     
   32.1970063674395     
   42.7862181983559     
   1211.14881596973     
   3.89111347388050     
   10.9379391496808     
   384.583419599531     
   1.06629084684899     
  -154.583411664341     
  -236.560362362849     
  -53.1673801436403     
   229.653832635594     
  -159.126521674615     
   286.814616149086     
   69.0166183922829     
  -104.698696519471     
  -218.563822637582     
  -2.51492997109818     
   139.419378701792     
  -193.904432052530     
   206.870804693108     
  -108.924740149808     
  -55.1556066692917     
   39.2550218786987     
  -79.3810032130072     
   232.426293475428     
   22.3181377009900     
  -1.80617205140058     
   636.020783819579     
   6.66858759050253     
   50.7571516777656     
  -1215.27309154428     
  -5.65776161407084     
  -215.007081765508     
   151.527292649414     
  -124.242185801455     
   83.1446557042254     
   55.5609282313360     
  -190.010394186504     
  -8.39892592067002     
  -254.810677271413     
   485.773691843194     
   64.4126415313534     