         126          11
         126          16
         126          22
         126          29
         126          37
         126          46
         126          56
         126          62
         126          71
         126          77
         126          87
         126          93
         126         101
         126         112
         126         118
         126         126
         127          23
         127          30
         127          38
         127          47
         127          63
         127          78
         127          94
         127         102
         127         119
         127         127
         128          39
         128          48
         128         103
         128         128
         129           1
         129           4
         129           8
         129          13
         129          19
         129          26
         129          34
         129          43
