         148          75
         148          81
         148          91
         148         104
         148         110
         148         124
         148         134
         148         148
         149           3
         149           6
         149          10
         149          15
         149          21
         149          28
         149          36
         149          45
         149          51
         149          55
         149          61
         149          66
         149          70
         149          76
         149          82
         149          86
         149          92
         149         100
         149         107
         149         111
         149         117
         149         125
