         261         253
         261         261
         262          11
         262          16
         262          22
         262          29
         262          37
         262          46
         262          56
         262          62
         262          71
         262          77
         262          87
         262          93
         262         101
         262         112
         262         118
         262         126
         262         136
         262         142
         262         150
         262         160
         262         171
         262         177
         262         185
         262         195
         262         203
         262         209
         262         217
         262         227
         262         239
         262         248
         262         254
         262         262
         263          23
         263          30
         263          38
