         147           1
         147           4
         147           8
         147          13
         147          19
         147          26
         147          34
         147          43
         147          49
         147          53
         147          59
         147          64
         147          68
         147          74
         147          80
         147          84
         147          90
         147          98
         147         105
         147         109
         147         115
         147         123
         147         129
         147         133
         147         139
         147         147
         148           5
         148          14
         148          27
         148          44
         148          54
         148          65
