         236         206
         236         214
         236         224
         236         236
         237           2
         237           9
         237          20
         237          35
         237          50
         237          60
         237          69
         237          79
         237          85
         237          99
         237         106
         237         116
         237         130
         237         140
         237         158
         237         169
         237         183
         237         201
         237         215
         237         237
         238           3
         238           6
         238          10
         238          15
         238          21
         238          28
         238          36
         238          45
         238          51
         238          55
         238          61
         238          66
         238          70
         238          76
         238          82
         238          86
         238          92
         238         100
         238         107
         238         111
         238         117
         238         125
         238         131
         238         135
         238         141
         238         149
         238         159
         238         166
         238         170
         238         176
         238         184
         238         194
         238         202
         238         208
         238         216
         238         226
         238         238
         239          11
         239          16
         239          22
         239          29
         239          37
         239          46
         239          56
         239          62
         239          71
         239          77
         239          87
         239          93
         239         101
         239         112
         239         118
         239         126
         239         136
         239         142
         239         150
         239         160
         239         171
         239         177
         239         185
         239         195
         239         203
         239         209
         239         217
         239         227
         239         239
         240          23
         240          30
         240          38
         240          47
         240          63
         240          78
         240          94
         240         102
         240         119
         240         127
         240         143
         240         151
         240         161
         240         178
         240         186
         240         196
         240         210
         240         218
         240         228
         240         240
         241          39
         241          48
         241         103
         241         128
         241         152
         241         162
         241         187
         241         197
         241         219
         241         229
         241         241
         242         163
         242         198
         242         230
         242         242
         243         243
         244           7
         244          12
         244          18
         244          25
         244          33
         244          42
