         170          61
         170          66
         170          70
         170          76
         170          82
         170          86
         170          92
         170         100
         170         107
         170         111
         170         117
         170         125
         170         131
         170         135
         170         141
         170         149
         170         159
         170         166
         170         170
         171          11
         171          16
         171          22
         171          29
         171          37
         171          46
         171          56
         171          62
         171          71
         171          77
         171          87
         171          93
         171         101
         171         112
         171         118
         171         126
         171         136
         171         142
         171         150
