         158          50
         158          60
         158          69
         158          79
         158          85
         158          99
         158         106
         158         116
         158         130
         158         140
         158         158
         159           3
         159           6
         159          10
         159          15
         159          21
         159          28
         159          36
         159          45
         159          51
         159          55
         159          61
         159          66
         159          70
         159          76
         159          82
         159          86
