         169           9
         169          20
         169          35
         169          50
         169          60
         169          69
         169          79
         169          85
         169          99
         169         106
         169         116
         169         130
         169         140
         169         158
         169         169
         170           3
         170           6
         170          10
         170          15
         170          21
         170          28
         170          36
         170          45
         170          51
         170          55
         170          61
         170          66
         170          70
         170          76
         170          82
         170          86
         170          92
         170         100
         170         107
         170         111
         170         117
         170         125
         170         131
         170         135
         170         141
         170         149
         170         159
         170         166
         170         170
         171          11
         171          16
         171          22
         171          29
         171          37
         171          46
         171          56
         171          62
         171          71
         171          77
         171          87
         171          93
         171         101
         171         112
         171         118
         171         126
         171         136
         171         142
         171         150
         171         160
         171         171
         172          17
         172          24
         172          32
         172          41
         172          57
         172          72
         172          88
         172          96
         172         113
         172         121
         172         137
         172         145
         172         155
         172         172
         173           7
         173          12
         173          18
         173          25
         173          33
         173          42
         173          52
         173          58
         173          67
         173          73
         173          83
         173          89
         173          97
         173         108
         173         114
         173         122
         173         132
         173         138
         173         146
         173         156
         173         167
         173         173
         174           1
         174           4
         174           8
         174          13
         174          19
         174          26
         174          34
         174          43
         174          49
         174          53
         174          59
         174          64
         174          68
         174          74
         174          80
         174          84
         174          90
         174          98
         174         105
         174         109
         174         115
         174         123
         174         129
         174         133
         174         139
         174         147
         174         157
         174         164
         174         168
         174         174
         175           5
         175          14
         175          27
