         152         128
         152         152
         153         153
         154          31
         154          40
         154          95
         154         120
         154         144
         154         154
         155          17
         155          24
         155          32
         155          41
         155          57
         155          72
         155          88
         155          96
         155         113
         155         121
         155         137
         155         145
         155         155
         156           7
         156          12
         156          18
         156          25
         156          33
         156          42
         156          52
         156          58
         156          67
         156          73
         156          83
         156          89
         156          97
         156         108
         156         114
         156         122
         156         132
         156         138
         156         146
         156         156
         157           1
         157           4
         157           8
         157          13
         157          19
         157          26
         157          34
         157          43
         157          49
         157          53
         157          59
         157          64
         157          68
         157          74
         157          80
         157          84
         157          90
         157          98
         157         105
         157         109
         157         115
         157         123
         157         129
         157         133
         157         139
         157         147
         157         157
         158           2
         158           9
         158          20
         158          35
         158          50
         158          60
         158          69
         158          79
         158          85
         158          99
         158         106
         158         116
         158         130
         158         140
         158         158
         159           3
         159           6
         159          10
         159          15
         159          21
         159          28
         159          36
         159          45
         159          51
         159          55
         159          61
         159          66
         159          70
         159          76
         159          82
         159          86
         159          92
         159         100
         159         107
         159         111
         159         117
         159         125
         159         131
         159         135
         159         141
         159         149
         159         159
         160          11
         160          16
         160          22
         160          29
         160          37
         160          46
         160          56
         160          62
         160          71
         160          77
         160          87
         160          93
         160         101
         160         112
         160         118
         160         126
         160         136
         160         142
         160         150
         160         160
         161          23
         161          30
         161          38
         161          47
         161          63
         161          78
         161          94
