         135         131
         135         135
         136          11
         136          16
         136          22
         136          29
         136          37
         136          46
         136          56
         136          62
         136          71
         136          77
         136          87
         136          93
         136         101
         136         112
         136         118
         136         126
         136         136
         137          17
         137          24
         137          32
         137          41
         137          57
         137          72
         137          88
         137          96
         137         113
         137         121
         137         137
         138           7
         138          12
         138          18
         138          25
         138          33
         138          42
         138          52
         138          58
