         224          74
         224          80
         224          84
         224          90
         224          98
         224         105
         224         109
         224         115
         224         123
         224         129
         224         133
         224         139
         224         147
         224         157
         224         164
         224         168
         224         174
         224         182
         224         192
         224         200
         224         206
         224         214
         224         224
         225           5
         225          14
         225          27
         225          44
         225          54
         225          65
         225          75
