         237          50
         237          60
         237          69
         237          79
         237          85
         237          99
         237         106
         237         116
         237         130
         237         140
         237         158
         237         169
         237         183
         237         201
         237         215
         237         237
         238           3
         238           6
         238          10
         238          15
         238          21
         238          28
