         114          97
         114         108
         114         114
         115           1
         115           4
         115           8
         115          13
         115          19
         115          26
         115          34
         115          43
         115          49
         115          53
         115          59
         115          64
         115          68
         115          74
         115          80
         115          84
         115          90
         115          98
         115         105
         115         109
         115         115
         116           2
         116           9
         116          20
         116          35
         116          50
         116          60
         116          69
