         122          67
         122          73
         122          83
         122          89
         122          97
         122         108
         122         114
         122         122
         123           1
         123           4
         123           8
         123          13
         123          19
         123          26
         123          34
         123          43
         123          49
         123          53
         123          59
         123          64
         123          68
         123          74
         123          80
         123          84
         123          90
         123          98
         123         105
         123         109
         123         115
         123         123
         124           5
         124          14
         124          27
         124          44
