         149         131
         149         135
         149         141
         149         149
         150          11
         150          16
         150          22
         150          29
         150          37
         150          46
         150          56
         150          62
         150          71
         150          77
         150          87
         150          93
         150         101
         150         112
         150         118
         150         126
         150         136
         150         142
         150         150
         151          23
         151          30
         151          38
         151          47
         151          63
         151          78
         151          94
         151         102
         151         119
         151         127
         151         143
         151         151
         152          39
         152          48
         152         103
