         261           6
         261          10
         261          15
         261          21
         261          28
         261          36
         261          45
         261          51
         261          55
         261          61
         261          66
         261          70
         261          76
         261          82
         261          86
         261          92
         261         100
         261         107
         261         111
         261         117
         261         125
         261         131
         261         135
         261         141
         261         149
         261         159
         261         166
         261         170
         261         176
         261         184
         261         194
         261         202
         261         208
         261         216
         261         226
         261         238
         261         247
