         258          25
         258          33
         258          42
         258          52
         258          58
         258          67
         258          73
         258          83
         258          89
         258          97
         258         108
         258         114
         258         122
         258         132
         258         138
         258         146
         258         156
         258         167
         258         173
         258         181
         258         191
         258         199
         258         205
         258         213
         258         223
         258         235
         258         244
         258         250
         258         258
         259           1
         259           4
         259           8
         259          13
         259          19
         259          26
         259          34
         259          43
         259          49
