         248          93
         248         101
         248         112
         248         118
         248         126
         248         136
         248         142
         248         150
         248         160
         248         171
         248         177
         248         185
         248         195
         248         203
         248         209
         248         217
         248         227
         248         239
         248         248
         249          17
         249          24
         249          32
         249          41
         249          57
         249          72
         249          88
         249          96
         249         113
         249         121
         249         137
         249         145
         249         155
         249         172
         249         180
         249         190
         249         204
         249         212
         249         222
         249         234
         249         249
         250           7
         250          12
         250          18
         250          25
         250          33
         250          42
         250          52
         250          58
         250          67
         250          73
         250          83
         250          89
         250          97
         250         108
         250         114
         250         122
         250         132
         250         138
         250         146
         250         156
         250         167
         250         173
         250         181
         250         191
         250         199
         250         205
         250         213
         250         223
         250         235
         250         244
         250         250
         251           1
         251           4
         251           8
         251          13
         251          19
         251          26
         251          34
         251          43
         251          49
         251          53
         251          59
         251          64
         251          68
         251          74
         251          80
         251          84
         251          90
         251          98
         251         105
         251         109
         251         115
         251         123
         251         129
         251         133
         251         139
         251         147
         251         157
         251         164
         251         168
         251         174
         251         182
         251         192
         251         200
         251         206
         251         214
         251         224
         251         236
         251         245
         251         251
         252           2
         252           9
         252          20
         252          35
         252          50
         252          60
         252          69
         252          79
         252          85
         252          99
         252         106
         252         116
         252         130
         252         140
         252         158
         252         169
         252         183
         252         201
         252         215
         252         237
         252         252
