         130         130
         131           3
         131           6
         131          10
         131          15
         131          21
         131          28
         131          36
         131          45
         131          51
         131          55
         131          61
         131          66
         131          70
         131          76
         131          82
         131          86
         131          92
         131         100
         131         107
         131         111
         131         117
         131         125
         131         131
         132           7
         132          12
         132          18
         132          25
         132          33
         132          42
         132          52
         132          58
         132          67
         132          73
         132          83
         132          89
         132          97
