         215           9
         215          20
         215          35
         215          50
         215          60
         215          69
         215          79
         215          85
         215          99
         215         106
         215         116
         215         130
         215         140
         215         158
         215         169
         215         183
         215         201
         215         215
         216           3
         216           6
         216          10
         216          15
         216          21
         216          28
         216          36
         216          45
         216          51
         216          55
         216          61
         216          66
         216          70
         216          76
         216          82
         216          86
         216          92
         216         100
         216         107
         216         111
         216         117
         216         125
         216         131
         216         135
         216         141
         216         149
         216         159
         216         166
         216         170
         216         176
         216         184
         216         194
         216         202
         216         208
         216         216
         217          11
         217          16
         217          22
         217          29
         217          37
         217          46
         217          56
         217          62
         217          71
         217          77
         217          87
         217          93
         217         101
         217         112
         217         118
         217         126
         217         136
         217         142
         217         150
         217         160
         217         171
         217         177
         217         185
         217         195
         217         203
         217         209
         217         217
         218          23
         218          30
         218          38
         218          47
         218          63
         218          78
         218          94
         218         102
         218         119
         218         127
         218         143
         218         151
         218         161
         218         178
         218         186
         218         196
         218         210
         218         218
         219          39
         219          48
         219         103
         219         128
         219         152
         219         162
         219         187
         219         197
         219         219
         220         153
         220         188
         220         220
         221          31
         221          40
         221          95
         221         120
         221         144
         221         154
         221         179
         221         189
         221         211
         221         221
         222          17
         222          24
         222          32
         222          41
         222          57
         222          72
         222          88
         222          96
         222         113
         222         121
         222         137
         222         145
         222         155
