         281         133
         281         139
         281         147
         281         157
         281         164
         281         168
         281         174
         281         182
         281         192
         281         200
         281         206
         281         214
         281         224
         281         236
         281         245
         281         251
         281         259
         281         269
         281         281
         282           5
         282          14
         282          27
         282          44
         282          54
         282          65
         282          75
         282          81
         282          91
