         175          54
         175          65
         175          75
         175          81
         175          91
         175         104
         175         110
         175         124
         175         134
         175         148
         175         165
         175         175
         176           3
         176           6
         176          10
         176          15
         176          21
         176          28
         176          36
         176          45
         176          51
         176          55
         176          61
         176          66
         176          70
         176          76
