         266          40
         266          95
         266         120
         266         144
         266         154
         266         179
         266         189
         266         211
         266         221
         266         233
         266         256
         266         266
         267          17
         267          24
         267          32
         267          41
         267          57
         267          72
         267          88
         267          96
         267         113
         267         121
         267         137
         267         145
         267         155
         267         172
         267         180
         267         190
         267         204
         267         212
         267         222
         267         234
         267         249
         267         257
         267         267
         268           7
         268          12
