         262         195
         262         203
         262         209
         262         217
         262         227
         262         239
         262         248
         262         254
         262         262
         263          23
         263          30
         263          38
         263          47
         263          63
         263          78
         263          94
         263         102
         263         119
         263         127
         263         143
         263         151
         263         161
         263         178
         263         186
         263         196
         263         210
         263         218
         263         228
         263         240
         263         255
         263         263
         264          39
         264          48
         264         103
         264         128
         264         152
         264         162
         264         187
         264         197
         264         219
         264         229
         264         241
         264         264
         265         153
         265         188
         265         220
         265         232
         265         265
         266          31
         266          40
         266          95
         266         120
         266         144
         266         154
         266         179
         266         189
         266         211
         266         221
         266         233
         266         256
         266         266
         267          17
         267          24
         267          32
         267          41
         267          57
         267          72
         267          88
         267          96
         267         113
         267         121
         267         137
         267         145
         267         155
         267         172
         267         180
         267         190
         267         204
         267         212
         267         222
         267         234
         267         249
         267         257
         267         267
         268           7
         268          12
         268          18
         268          25
         268          33
         268          42
         268          52
         268          58
         268          67
         268          73
         268          83
         268          89
         268          97
         268         108
         268         114
         268         122
         268         132
         268         138
         268         146
         268         156
         268         167
         268         173
         268         181
         268         191
         268         199
         268         205
         268         213
         268         223
         268         235
         268         244
         268         250
         268         258
         268         268
         269           1
         269           4
         269           8
         269          13
         269          19
         269          26
         269          34
         269          43
         269          49
         269          53
         269          59
         269          64
         269          68
         269          74
         269          80
         269          84
         269          90
         269          98
         269         105
         269         109
         269         115
         269         123
         269         129
         269         133
         269         139
         269         147
         269         157
         269         164
         269         168
         269         174
         269         182
         269         192
         269         200
         269         206
