         227         142
         227         150
         227         160
         227         171
         227         177
         227         185
         227         195
         227         203
         227         209
         227         217
         227         227
         228          23
         228          30
         228          38
         228          47
         228          63
         228          78
         228          94
         228         102
         228         119
         228         127
         228         143
         228         151
         228         161
         228         178
         228         186
         228         196
         228         210
         228         218
         228         228
         229          39
         229          48
         229         103
         229         128
         229         152
         229         162
         229         187
         229         197
