         274         152
         274         162
         274         187
         274         197
         274         219
         274         229
         274         241
         274         264
         274         274
         275         163
         275         198
         275         230
         275         242
         275         275
         276         231
         276         276
         277         153
         277         188
         277         220
         277         232
         277         265
         277         277
         278          31
         278          40
         278          95
         278         120
         278         144
         278         154
         278         179
         278         189
         278         211
         278         221
         278         233
         278         256
         278         266
         278         278
         279          17
         279          24
         279          32
         279          41
         279          57
         279          72
         279          88
         279          96
         279         113
         279         121
         279         137
         279         145
         279         155
         279         172
         279         180
         279         190
         279         204
         279         212
         279         222
         279         234
         279         249
         279         257
         279         267
         279         279
         280           7
         280          12
         280          18
         280          25
         280          33
         280          42
         280          52
         280          58
         280          67
         280          73
         280          83
         280          89
         280          97
         280         108
         280         114
         280         122
         280         132
         280         138
         280         146
         280         156
         280         167
         280         173
         280         181
         280         191
         280         199
         280         205
         280         213
         280         223
         280         235
         280         244
         280         250
         280         258
         280         268
         280         280
         281           1
         281           4
         281           8
         281          13
         281          19
         281          26
         281          34
         281          43
         281          49
         281          53
         281          59
         281          64
         281          68
         281          74
         281          80
         281          84
         281          90
         281          98
         281         105
         281         109
         281         115
         281         123
         281         129
         281         133
         281         139
         281         147
         281         157
         281         164
         281         168
         281         174
         281         182
         281         192
         281         200
         281         206
         281         214
         281         224
         281         236
         281         245
         281         251
         281         259
         281         269
         281         281
         282           5
         282          14
         282          27
         282          44
         282          54
         282          65
         282          75
