         176          82
         176          86
         176          92
         176         100
         176         107
         176         111
         176         117
         176         125
         176         131
         176         135
         176         141
         176         149
         176         159
         176         166
         176         170
         176         176
         177          11
         177          16
         177          22
         177          29
         177          37
         177          46
         177          56
         177          62
         177          71
         177          77
         177          87
         177          93
         177         101
         177         112
         177         118
         177         126
         177         136
         177         142
         177         150
         177         160
         177         171
         177         177
