         253          82
         253          86
         253          92
         253         100
         253         107
         253         111
         253         117
         253         125
         253         131
         253         135
         253         141
         253         149
         253         159
         253         166
         253         170
         253         176
         253         184
         253         194
         253         202
         253         208
         253         216
         253         226
         253         238
         253         247
         253         253
         254          11
         254          16
         254          22
         254          29
         254          37
         254          46
         254          56
         254          62
         254          71
         254          77
         254          87
         254          93
         254         101
