         129          49
         129          53
         129          59
         129          64
         129          68
         129          74
         129          80
         129          84
         129          90
         129          98
         129         105
         129         109
         129         115
         129         123
         129         129
         130           2
         130           9
         130          20
         130          35
         130          50
         130          60
         130          69
         130          79
         130          85
         130          99
         130         106
         130         116
