         159          92
         159         100
         159         107
         159         111
         159         117
         159         125
         159         131
         159         135
         159         141
         159         149
         159         159
         160          11
         160          16
         160          22
         160          29
         160          37
         160          46
         160          56
         160          62
         160          71
         160          77
         160          87
         160          93
         160         101
         160         112
         160         118
         160         126
         160         136
         160         142
         160         150
         160         160
         161          23
         161          30
         161          38
         161          47
         161          63
         161          78
         161          94
