         251         105
         251         109
         251         115
         251         123
         251         129
         251         133
         251         139
         251         147
         251         157
         251         164
         251         168
         251         174
         251         182
         251         192
         251         200
         251         206
         251         214
         251         224
         251         236
         251         245
         251         251
         252           2
         252           9
         252          20
         252          35
         252          50
         252          60
         252          69
         252          79
         252          85
