         217         112
         217         118
         217         126
         217         136
         217         142
         217         150
         217         160
         217         171
         217         177
         217         185
         217         195
         217         203
         217         209
         217         217
         218          23
         218          30
         218          38
         218          47
         218          63
         218          78
         218          94
         218         102
         218         119
         218         127
         218         143
         218         151
         218         161
         218         178
         218         186
         218         196
         218         210
         218         218
         219          39
         219          48
         219         103
         219         128
         219         152
         219         162
