         282          81
         282          91
         282         104
         282         110
         282         124
         282         134
         282         148
         282         165
         282         175
         282         193
         282         207
         282         225
         282         246
         282         260
         282         282
         283           3
         283           6
         283          10
         283          15
         283          21
         283          28
         283          36
         283          45
         283          51
         283          55
         283          61
         283          66
         283          70
         283          76
         283          82
         283          86
         283          92
         283         100
         283         107
         283         111
         283         117
         283         125
         283         131
         283         135
         283         141
         283         149
         283         159
         283         166
         283         170
         283         176
         283         184
         283         194
         283         202
         283         208
         283         216
         283         226
         283         238
         283         247
         283         253
         283         261
         283         271
         283         283
         284          11
         284          16
         284          22
         284          29
         284          37
         284          46
         284          56
         284          62
         284          71
         284          77
         284          87
         284          93
         284         101
         284         112
         284         118
         284         126
         284         136
         284         142
         284         150
         284         160
         284         171
         284         177
         284         185
         284         195
         284         203
         284         209
         284         217
         284         227
         284         239
         284         248
         284         254
         284         262
         284         272
         284         284
         285          23
         285          30
         285          38
         285          47
         285          63
         285          78
         285          94
         285         102
         285         119
         285         127
         285         143
         285         151
         285         161
         285         178
         285         186
         285         196
         285         210
         285         218
         285         228
         285         240
         285         255
         285         263
         285         273
         285         285
         286          39
         286          48
         286         103
         286         128
         286         152
         286         162
         286         187
         286         197
         286         219
         286         229
         286         241
         286         264
         286         274
         286         286
         287         163
         287         198
         287         230
         287         242
         287         275
         287         287
         288         243
         288         288
