         132         108
         132         114
         132         122
         132         132
         133           1
         133           4
         133           8
         133          13
         133          19
         133          26
         133          34
         133          43
         133          49
         133          53
         133          59
         133          64
         133          68
         133          74
         133          80
         133          84
         133          90
         133          98
         133         105
         133         109
         133         115
         133         123
         133         129
         133         133
         134           5
         134          14
         134          27
         134          44
         134          54
