         272         248
         272         254
         272         262
         272         272
         273          23
         273          30
         273          38
         273          47
         273          63
         273          78
         273          94
         273         102
         273         119
         273         127
         273         143
         273         151
         273         161
         273         178
         273         186
         273         196
         273         210
         273         218
         273         228
         273         240
         273         255
         273         263
         273         273
         274          39
         274          48
         274         103
         274         128
         274         152
         274         162
         274         187
         274         197
         274         219
         274         229
