         152         128
         152         152
         153         153
         154          31
         154          40
         154          95
         154         120
         154         144
         154         154
         155          17
         155          24
         155          32
         155          41
         155          57
         155          72
         155          88
         155          96
         155         113
         155         121
         155         137
         155         145
         155         155
         156           7
         156          12
         156          18
         156          25
         156          33
         156          42
         156          52
         156          58
         156          67
         156          73
         156          83
         156          89
         156          97
         156         108
         156         114
         156         122
