         161         102
         161         119
         161         127
         161         143
         161         151
         161         161
         162          39
         162          48
         162         103
         162         128
         162         152
         162         162
         163         163
         164           1
         164           4
         164           8
         164          13
         164          19
         164          26
         164          34
         164          43
         164          49
         164          53
         164          59
         164          64
         164          68
         164          74
         164          80
         164          84
         164          90
         164          98
         164         105
         164         109
         164         115
         164         123
         164         129
         164         133
         164         139
         164         147
         164         157
         164         164
         165           5
         165          14
         165          27
         165          44
         165          54
         165          65
         165          75
         165          81
         165          91
         165         104
         165         110
         165         124
         165         134
         165         148
         165         165
         166           3
         166           6
         166          10
         166          15
         166          21
         166          28
         166          36
         166          45
         166          51
         166          55
         166          61
         166          66
         166          70
         166          76
         166          82
         166          86
         166          92
         166         100
         166         107
         166         111
         166         117
         166         125
         166         131
         166         135
         166         141
         166         149
         166         159
         166         166
         167           7
         167          12
         167          18
         167          25
         167          33
         167          42
         167          52
         167          58
         167          67
         167          73
         167          83
         167          89
         167          97
         167         108
         167         114
         167         122
         167         132
         167         138
         167         146
         167         156
         167         167
         168           1
         168           4
         168           8
         168          13
         168          19
         168          26
         168          34
         168          43
         168          49
         168          53
         168          59
         168          64
         168          68
         168          74
         168          80
         168          84
         168          90
         168          98
         168         105
         168         109
         168         115
         168         123
         168         129
         168         133
         168         139
         168         147
         168         157
         168         164
         168         168
         169           2
