         208         135
         208         141
         208         149
         208         159
         208         166
         208         170
         208         176
         208         184
         208         194
         208         202
         208         208
         209          11
         209          16
         209          22
         209          29
         209          37
         209          46
         209          56
         209          62
         209          71
         209          77
         209          87
         209          93
         209         101
         209         112
         209         118
         209         126
         209         136
         209         142
         209         150
         209         160
         209         171
         209         177
         209         185
         209         195
         209         203
         209         209
         210          23
