         129          49
         129          53
         129          59
         129          64
         129          68
         129          74
         129          80
         129          84
         129          90
         129          98
         129         105
         129         109
         129         115
         129         123
         129         129
         130           2
         130           9
         130          20
         130          35
         130          50
         130          60
         130          69
         130          79
         130          85
         130          99
         130         106
         130         116
         130         130
         131           3
         131           6
         131          10
         131          15
         131          21
         131          28
         131          36
         131          45
         131          51
         131          55
         131          61
         131          66
         131          70
         131          76
         131          82
         131          86
         131          92
         131         100
         131         107
         131         111
         131         117
         131         125
         131         131
         132           7
         132          12
         132          18
         132          25
         132          33
         132          42
         132          52
         132          58
         132          67
         132          73
         132          83
         132          89
         132          97
         132         108
         132         114
         132         122
         132         132
         133           1
         133           4
         133           8
         133          13
         133          19
         133          26
         133          34
         133          43
         133          49
         133          53
         133          59
         133          64
         133          68
         133          74
         133          80
         133          84
         133          90
         133          98
         133         105
         133         109
         133         115
         133         123
         133         129
         133         133
         134           5
         134          14
         134          27
         134          44
         134          54
         134          65
         134          75
         134          81
         134          91
         134         104
         134         110
         134         124
         134         134
         135           3
         135           6
         135          10
         135          15
         135          21
         135          28
         135          36
         135          45
         135          51
         135          55
         135          61
         135          66
         135          70
         135          76
         135          82
         135          86
         135          92
         135         100
         135         107
         135         111
         135         117
         135         125
