         156         132
         156         138
         156         146
         156         156
         157           1
         157           4
         157           8
         157          13
         157          19
         157          26
         157          34
         157          43
         157          49
         157          53
         157          59
         157          64
         157          68
         157          74
         157          80
         157          84
         157          90
         157          98
         157         105
         157         109
         157         115
         157         123
         157         129
         157         133
         157         139
         157         147
         157         157
         158           2
         158           9
         158          20
         158          35
