         280         167
         280         173
         280         181
         280         191
         280         199
         280         205
         280         213
         280         223
         280         235
         280         244
         280         250
         280         258
         280         268
         280         280
         281           1
         281           4
         281           8
         281          13
         281          19
         281          26
         281          34
         281          43
         281          49
         281          53
         281          59
         281          64
         281          68
         281          74
         281          80
         281          84
         281          90
         281          98
         281         105
         281         109
         281         115
         281         123
         281         129
