         253           3
         253           6
         253          10
         253          15
         253          21
         253          28
         253          36
         253          45
         253          51
         253          55
         253          61
         253          66
         253          70
         253          76
         253          82
         253          86
         253          92
         253         100
         253         107
         253         111
         253         117
         253         125
         253         131
         253         135
         253         141
         253         149
         253         159
         253         166
         253         170
         253         176
         253         184
         253         194
         253         202
         253         208
         253         216
         253         226
         253         238
         253         247
         253         253
         254          11
         254          16
         254          22
         254          29
         254          37
         254          46
         254          56
         254          62
         254          71
         254          77
         254          87
         254          93
         254         101
         254         112
         254         118
         254         126
         254         136
         254         142
         254         150
         254         160
         254         171
         254         177
         254         185
         254         195
         254         203
         254         209
         254         217
         254         227
         254         239
         254         248
         254         254
         255          23
         255          30
         255          38
         255          47
         255          63
         255          78
         255          94
         255         102
         255         119
         255         127
         255         143
         255         151
         255         161
         255         178
         255         186
         255         196
         255         210
         255         218
         255         228
         255         240
         255         255
         256          31
         256          40
         256          95
         256         120
         256         144
         256         154
         256         179
         256         189
         256         211
         256         221
         256         233
         256         256
         257          17
         257          24
         257          32
         257          41
         257          57
         257          72
         257          88
         257          96
         257         113
         257         121
         257         137
         257         145
         257         155
         257         172
         257         180
         257         190
         257         204
         257         212
         257         222
         257         234
         257         249
         257         257
         258           7
         258          12
         258          18
         258          25
         258          33
         258          42
         258          52
         258          58
         258          67
         258          73
         258          83
         258          89
         258          97
         258         108
         258         114
         258         122
         258         132
         258         138
         258         146
         258         156
         258         167
         258         173
         258         181
         258         191
         258         199
         258         205
