         124          54
         124          65
         124          75
         124          81
         124          91
         124         104
         124         110
         124         124
         125           3
         125           6
         125          10
         125          15
         125          21
         125          28
         125          36
         125          45
         125          51
         125          55
         125          61
         125          66
         125          70
         125          76
         125          82
         125          86
         125          92
         125         100
         125         107
         125         111
         125         117
         125         125
