         166          28
         166          36
         166          45
         166          51
         166          55
         166          61
         166          66
         166          70
         166          76
         166          82
         166          86
         166          92
         166         100
         166         107
         166         111
         166         117
         166         125
         166         131
         166         135
         166         141
         166         149
         166         159
         166         166
         167           7
         167          12
         167          18
         167          25
         167          33
         167          42
         167          52
         167          58
         167          67
         167          73
         167          83
         167          89
         167          97
         167         108
         167         114
