         229         219
         229         229
         230         163
         230         198
         230         230
         231         231
         232         153
         232         188
         232         220
         232         232
         233          31
         233          40
         233          95
         233         120
         233         144
         233         154
         233         179
         233         189
         233         211
         233         221
         233         233
         234          17
         234          24
         234          32
         234          41
         234          57
         234          72
         234          88
         234          96
         234         113
         234         121
         234         137
         234         145
         234         155
         234         172
         234         180
         234         190
         234         204
