         216          61
         216          66
         216          70
         216          76
         216          82
         216          86
         216          92
         216         100
         216         107
         216         111
         216         117
         216         125
         216         131
         216         135
         216         141
         216         149
         216         159
         216         166
         216         170
         216         176
         216         184
         216         194
         216         202
         216         208
         216         216
         217          11
         217          16
         217          22
         217          29
         217          37
         217          46
         217          56
         217          62
         217          71
         217          77
         217          87
         217          93
         217         101
