         258         213
         258         223
         258         235
         258         244
         258         250
         258         258
         259           1
         259           4
         259           8
         259          13
         259          19
         259          26
         259          34
         259          43
         259          49
         259          53
         259          59
         259          64
         259          68
         259          74
         259          80
         259          84
         259          90
         259          98
         259         105
         259         109
         259         115
         259         123
         259         129
         259         133
         259         139
         259         147
         259         157
         259         164
         259         168
         259         174
         259         182
         259         192
         259         200
         259         206
         259         214
         259         224
         259         236
         259         245
         259         251
         259         259
         260           5
         260          14
         260          27
         260          44
         260          54
         260          65
         260          75
         260          81
         260          91
         260         104
         260         110
         260         124
         260         134
         260         148
         260         165
         260         175
         260         193
         260         207
         260         225
         260         246
         260         260
         261           3
         261           6
         261          10
         261          15
         261          21
         261          28
         261          36
         261          45
         261          51
         261          55
         261          61
         261          66
         261          70
         261          76
         261          82
         261          86
         261          92
         261         100
         261         107
         261         111
         261         117
         261         125
         261         131
         261         135
         261         141
         261         149
         261         159
         261         166
         261         170
         261         176
         261         184
         261         194
         261         202
         261         208
         261         216
         261         226
         261         238
         261         247
         261         253
         261         261
         262          11
         262          16
         262          22
         262          29
         262          37
         262          46
         262          56
         262          62
         262          71
         262          77
         262          87
         262          93
         262         101
         262         112
         262         118
         262         126
         262         136
         262         142
         262         150
         262         160
         262         171
         262         177
         262         185
