         215          60
         215          69
         215          79
         215          85
         215          99
         215         106
         215         116
         215         130
         215         140
         215         158
         215         169
         215         183
         215         201
         215         215
         216           3
         216           6
         216          10
         216          15
         216          21
         216          28
         216          36
         216          45
         216          51
         216          55
