         227          62
         227          71
         227          77
         227          87
         227          93
         227         101
         227         112
         227         118
         227         126
         227         136
         227         142
         227         150
         227         160
         227         171
         227         177
         227         185
         227         195
         227         203
         227         209
         227         217
         227         227
         228          23
         228          30
         228          38
         228          47
         228          63
         228          78
         228          94
         228         102
         228         119
         228         127
         228         143
         228         151
         228         161
         228         178
         228         186
         228         196
         228         210
         228         218
         228         228
         229          39
         229          48
         229         103
         229         128
         229         152
         229         162
         229         187
         229         197
         229         219
         229         229
         230         163
         230         198
         230         230
         231         231
         232         153
         232         188
         232         220
         232         232
         233          31
         233          40
         233          95
         233         120
         233         144
         233         154
         233         179
         233         189
         233         211
         233         221
         233         233
         234          17
         234          24
         234          32
         234          41
         234          57
         234          72
         234          88
         234          96
         234         113
         234         121
         234         137
         234         145
         234         155
         234         172
         234         180
         234         190
         234         204
         234         212
         234         222
         234         234
         235           7
         235          12
         235          18
         235          25
         235          33
         235          42
         235          52
         235          58
         235          67
         235          73
         235          83
         235          89
         235          97
         235         108
         235         114
         235         122
         235         132
         235         138
         235         146
         235         156
         235         167
         235         173
         235         181
         235         191
         235         199
         235         205
         235         213
         235         223
         235         235
         236           1
         236           4
         236           8
         236          13
         236          19
         236          26
         236          34
         236          43
         236          49
         236          53
         236          59
         236          64
         236          68
         236          74
         236          80
         236          84
         236          90
         236          98
         236         105
         236         109
         236         115
         236         123
         236         129
         236         133
         236         139
         236         147
         236         157
         236         164
         236         168
         236         174
         236         182
         236         192
         236         200
