          54          54
          55           3
          55           6
          55          10
          55          15
          55          21
          55          28
          55          36
          55          45
          55          51
          55          55
          56          11
          56          16
          56          22
          56          29
          56          37
          56          46
          56          56
          57          17
          57          24
          57          32
          57          41
          57          57
          58           7
          58          12
          58          18
          58          25
          58          33
          58          42
          58          52
          58          58
          59           1
          59           4
          59           8
          59          13
          59          19
          59          26
