         182          80
         182          84
         182          90
         182          98
         182         105
         182         109
         182         115
         182         123
         182         129
         182         133
         182         139
         182         147
         182         157
         182         164
         182         168
         182         174
         182         182
         183           2
         183           9
         183          20
         183          35
         183          50
         183          60
         183          69
         183          79
         183          85
         183          99
         183         106
         183         116
         183         130
         183         140
         183         158
         183         169
         183         183
         184           3
         184           6
         184          10
         184          15
         184          21
         184          28
         184          36
         184          45
         184          51
         184          55
         184          61
         184          66
         184          70
         184          76
         184          82
         184          86
         184          92
         184         100
         184         107
         184         111
         184         117
         184         125
         184         131
         184         135
         184         141
         184         149
         184         159
         184         166
         184         170
         184         176
         184         184
         185          11
         185          16
         185          22
         185          29
         185          37
         185          46
         185          56
         185          62
         185          71
         185          77
         185          87
         185          93
         185         101
         185         112
         185         118
         185         126
         185         136
         185         142
         185         150
         185         160
         185         171
         185         177
         185         185
         186          23
         186          30
         186          38
         186          47
         186          63
         186          78
         186          94
         186         102
         186         119
         186         127
         186         143
         186         151
         186         161
         186         178
         186         186
         187          39
         187          48
         187         103
         187         128
         187         152
         187         162
         187         187
         188         153
         188         188
         189          31
         189          40
         189          95
         189         120
         189         144
         189         154
         189         179
         189         189
         190          17
         190          24
         190          32
         190          41
         190          57
         190          72
         190          88
         190          96
         190         113
         190         121
         190         137
         190         145
         190         155
         190         172
         190         180
