         183         130
         183         140
         183         158
         183         169
         183         183
         184           3
         184           6
         184          10
         184          15
         184          21
         184          28
         184          36
         184          45
         184          51
         184          55
         184          61
         184          66
         184          70
         184          76
         184          82
         184          86
         184          92
         184         100
         184         107
         184         111
         184         117
         184         125
         184         131
         184         135
         184         141
         184         149
         184         159
         184         166
         184         170
