         274         241
         274         264
         274         274
         275         163
         275         198
         275         230
         275         242
         275         275
         276         231
         276         276
         277         153
         277         188
         277         220
         277         232
         277         265
         277         277
         278          31
         278          40
         278          95
         278         120
         278         144
         278         154
         278         179
         278         189
         278         211
         278         221
         278         233
         278         256
         278         266
         278         278
         279          17
         279          24
         279          32
         279          41
         279          57
         279          72
         279          88
