         244         146
         244         156
         244         167
         244         173
         244         181
         244         191
         244         199
         244         205
         244         213
         244         223
         244         235
         244         244
         245           1
         245           4
         245           8
         245          13
         245          19
         245          26
         245          34
         245          43
         245          49
         245          53
         245          59
         245          64
         245          68
         245          74
         245          80
         245          84
         245          90
         245          98
         245         105
         245         109
         245         115
         245         123
         245         129
         245         133
         245         139
         245         147
