         174           1
         174           4
         174           8
         174          13
         174          19
         174          26
         174          34
         174          43
         174          49
         174          53
         174          59
         174          64
         174          68
         174          74
         174          80
         174          84
         174          90
         174          98
         174         105
         174         109
         174         115
         174         123
         174         129
         174         133
         174         139
         174         147
         174         157
         174         164
         174         168
         174         174
         175           5
         175          14
         175          27
         175          44
