         207         110
         207         124
         207         134
         207         148
         207         165
         207         175
         207         193
         207         207
         208           3
         208           6
         208          10
         208          15
         208          21
         208          28
         208          36
         208          45
         208          51
         208          55
         208          61
         208          66
         208          70
         208          76
         208          82
         208          86
         208          92
         208         100
         208         107
         208         111
         208         117
         208         125
         208         131
