         263          47
         263          63
         263          78
         263          94
         263         102
         263         119
         263         127
         263         143
         263         151
         263         161
         263         178
         263         186
         263         196
         263         210
         263         218
         263         228
         263         240
         263         255
         263         263
         264          39
         264          48
         264         103
         264         128
         264         152
         264         162
         264         187
         264         197
         264         219
         264         229
         264         241
         264         264
         265         153
         265         188
         265         220
         265         232
         265         265
         266          31
