         181          18
         181          25
         181          33
         181          42
         181          52
         181          58
         181          67
         181          73
         181          83
         181          89
         181          97
         181         108
         181         114
         181         122
         181         132
         181         138
         181         146
         181         156
         181         167
         181         173
         181         181
         182           1
         182           4
         182           8
         182          13
         182          19
         182          26
         182          34
         182          43
         182          49
         182          53
         182          59
         182          64
         182          68
         182          74
         182          80
         182          84
         182          90
