         116          79
         116          85
         116          99
         116         106
         116         116
         117           3
         117           6
         117          10
         117          15
         117          21
         117          28
         117          36
         117          45
         117          51
         117          55
         117          61
         117          66
         117          70
         117          76
         117          82
         117          86
         117          92
         117         100
         117         107
         117         111
         117         117
         118          11
         118          16
         118          22
         118          29
         118          37
         118          46
         118          56
         118          62
