         236          34
         236          43
         236          49
         236          53
         236          59
         236          64
         236          68
         236          74
         236          80
         236          84
         236          90
         236          98
         236         105
         236         109
         236         115
         236         123
         236         129
         236         133
         236         139
         236         147
         236         157
         236         164
         236         168
         236         174
         236         182
         236         192
         236         200
         236         206
         236         214
         236         224
         236         236
         237           2
         237           9
         237          20
         237          35
