         178          23
         178          30
         178          38
         178          47
         178          63
         178          78
         178          94
         178         102
         178         119
         178         127
         178         143
         178         151
         178         161
         178         178
         179          31
         179          40
         179          95
         179         120
         179         144
         179         154
         179         179
         180          17
         180          24
         180          32
         180          41
         180          57
         180          72
         180          88
         180          96
         180         113
         180         121
         180         137
         180         145
         180         155
         180         172
         180         180
         181           7
         181          12
