         182          98
         182         105
         182         109
         182         115
         182         123
         182         129
         182         133
         182         139
         182         147
         182         157
         182         164
         182         168
         182         174
         182         182
         183           2
         183           9
         183          20
         183          35
         183          50
         183          60
         183          69
         183          79
         183          85
         183          99
         183         106
         183         116
