         184         176
         184         184
         185          11
         185          16
         185          22
         185          29
         185          37
         185          46
         185          56
         185          62
         185          71
         185          77
         185          87
         185          93
         185         101
         185         112
         185         118
         185         126
         185         136
         185         142
         185         150
         185         160
         185         171
         185         177
         185         185
         186          23
         186          30
         186          38
         186          47
         186          63
         186          78
         186          94
         186         102
         186         119
         186         127
         186         143
         186         151
         186         161
