         118          71
         118          77
         118          87
         118          93
         118         101
         118         112
         118         118
         119          23
         119          30
         119          38
         119          47
         119          63
         119          78
         119          94
         119         102
         119         119
         120          31
         120          40
         120          95
         120         120
         121          17
         121          24
         121          32
         121          41
         121          57
         121          72
         121          88
         121          96
         121         113
         121         121
         122           7
         122          12
         122          18
         122          25
         122          33
         122          42
         122          52
         122          58
