         239          62
         239          71
         239          77
         239          87
         239          93
         239         101
         239         112
         239         118
         239         126
         239         136
         239         142
         239         150
         239         160
         239         171
         239         177
         239         185
         239         195
         239         203
         239         209
         239         217
         239         227
         239         239
         240          23
         240          30
         240          38
         240          47
         240          63
         240          78
         240          94
         240         102
         240         119
         240         127
         240         143
         240         151
         240         161
         240         178
         240         186
         240         196
