         171         160
         171         171
         172          17
         172          24
         172          32
         172          41
         172          57
         172          72
         172          88
         172          96
         172         113
         172         121
         172         137
         172         145
         172         155
         172         172
         173           7
         173          12
         173          18
         173          25
         173          33
         173          42
         173          52
         173          58
         173          67
         173          73
         173          83
         173          89
         173          97
         173         108
         173         114
         173         122
         173         132
         173         138
         173         146
         173         156
         173         167
         173         173
