         175          44
         175          54
         175          65
         175          75
         175          81
         175          91
         175         104
         175         110
         175         124
         175         134
         175         148
         175         165
         175         175
         176           3
         176           6
         176          10
         176          15
         176          21
         176          28
         176          36
         176          45
         176          51
         176          55
         176          61
         176          66
         176          70
         176          76
         176          82
         176          86
         176          92
         176         100
         176         107
         176         111
         176         117
         176         125
         176         131
         176         135
         176         141
         176         149
         176         159
         176         166
         176         170
         176         176
         177          11
         177          16
         177          22
         177          29
         177          37
         177          46
         177          56
         177          62
         177          71
         177          77
         177          87
         177          93
         177         101
         177         112
         177         118
         177         126
         177         136
         177         142
         177         150
         177         160
         177         171
         177         177
         178          23
         178          30
         178          38
         178          47
         178          63
         178          78
         178          94
         178         102
         178         119
         178         127
         178         143
         178         151
         178         161
         178         178
         179          31
         179          40
         179          95
         179         120
         179         144
         179         154
         179         179
         180          17
         180          24
         180          32
         180          41
         180          57
         180          72
         180          88
         180          96
         180         113
         180         121
         180         137
         180         145
         180         155
         180         172
         180         180
         181           7
         181          12
         181          18
         181          25
         181          33
         181          42
         181          52
         181          58
         181          67
         181          73
         181          83
         181          89
         181          97
         181         108
         181         114
         181         122
         181         132
         181         138
         181         146
         181         156
         181         167
         181         173
         181         181
         182           1
         182           4
         182           8
         182          13
         182          19
         182          26
         182          34
         182          43
         182          49
         182          53
         182          59
         182          64
         182          68
         182          74
