         222         172
         222         180
         222         190
         222         204
         222         212
         222         222
         223           7
         223          12
         223          18
         223          25
         223          33
         223          42
         223          52
         223          58
         223          67
         223          73
         223          83
         223          89
         223          97
         223         108
         223         114
         223         122
         223         132
         223         138
         223         146
         223         156
         223         167
         223         173
         223         181
         223         191
         223         199
         223         205
         223         213
         223         223
         224           1
         224           4
         224           8
         224          13
         224          19
         224          26
         224          34
         224          43
         224          49
         224          53
         224          59
         224          64
         224          68
         224          74
         224          80
         224          84
         224          90
         224          98
         224         105
         224         109
         224         115
         224         123
         224         129
         224         133
         224         139
         224         147
         224         157
         224         164
         224         168
         224         174
         224         182
         224         192
         224         200
         224         206
         224         214
         224         224
         225           5
         225          14
         225          27
         225          44
         225          54
         225          65
         225          75
         225          81
         225          91
         225         104
         225         110
         225         124
         225         134
         225         148
         225         165
         225         175
         225         193
         225         207
         225         225
         226           3
         226           6
         226          10
         226          15
         226          21
         226          28
         226          36
         226          45
         226          51
         226          55
         226          61
         226          66
         226          70
         226          76
         226          82
         226          86
         226          92
         226         100
         226         107
         226         111
         226         117
         226         125
         226         131
         226         135
         226         141
         226         149
         226         159
         226         166
         226         170
         226         176
         226         184
         226         194
         226         202
         226         208
         226         216
         226         226
         227          11
         227          16
         227          22
         227          29
         227          37
         227          46
         227          56
