         208          92
         208         100
         208         107
         208         111
         208         117
         208         125
         208         131
         208         135
         208         141
         208         149
         208         159
         208         166
         208         170
         208         176
         208         184
         208         194
         208         202
         208         208
         209          11
         209          16
         209          22
         209          29
         209          37
         209          46
         209          56
         209          62
         209          71
         209          77
         209          87
         209          93
         209         101
         209         112
         209         118
         209         126
         209         136
         209         142
         209         150
         209         160
         209         171
         209         177
         209         185
         209         195
         209         203
         209         209
         210          23
         210          30
         210          38
         210          47
         210          63
         210          78
         210          94
         210         102
         210         119
         210         127
         210         143
         210         151
         210         161
         210         178
         210         186
         210         196
         210         210
         211          31
         211          40
         211          95
         211         120
         211         144
         211         154
         211         179
         211         189
         211         211
         212          17
         212          24
         212          32
         212          41
         212          57
         212          72
         212          88
         212          96
         212         113
         212         121
         212         137
         212         145
         212         155
         212         172
         212         180
         212         190
         212         204
         212         212
         213           7
         213          12
         213          18
         213          25
         213          33
         213          42
         213          52
         213          58
         213          67
         213          73
         213          83
         213          89
         213          97
         213         108
         213         114
         213         122
         213         132
         213         138
         213         146
         213         156
         213         167
         213         173
         213         181
         213         191
         213         199
         213         205
         213         213
         214           1
         214           4
         214           8
         214          13
         214          19
         214          26
         214          34
         214          43
         214          49
         214          53
         214          59
         214          64
         214          68
         214          74
         214          80
         214          84
         214          90
         214          98
         214         105
         214         109
         214         115
         214         123
         214         129
         214         133
         214         139
         214         147
         214         157
         214         164
         214         168
         214         174
         214         182
         214         192
         214         200
         214         206
         214         214
         215           2
