         259          53
         259          59
         259          64
         259          68
         259          74
         259          80
         259          84
         259          90
         259          98
         259         105
         259         109
         259         115
         259         123
         259         129
         259         133
         259         139
         259         147
         259         157
         259         164
         259         168
         259         174
         259         182
         259         192
         259         200
         259         206
         259         214
         259         224
         259         236
         259         245
         259         251
         259         259
         260           5
         260          14
         260          27
