         271         208
         271         216
         271         226
         271         238
         271         247
         271         253
         271         261
         271         271
         272          11
         272          16
         272          22
         272          29
         272          37
         272          46
         272          56
         272          62
         272          71
         272          77
         272          87
         272          93
         272         101
         272         112
         272         118
         272         126
         272         136
         272         142
         272         150
         272         160
         272         171
         272         177
         272         185
         272         195
         272         203
         272         209
         272         217
         272         227
         272         239
