         118          71
         118          77
         118          87
         118          93
         118         101
         118         112
         118         118
         119          23
         119          30
         119          38
         119          47
         119          63
         119          78
         119          94
         119         102
         119         119
         120          31
         120          40
         120          95
         120         120
         121          17
         121          24
         121          32
         121          41
         121          57
         121          72
         121          88
         121          96
         121         113
         121         121
         122           7
         122          12
         122          18
         122          25
         122          33
         122          42
         122          52
         122          58
         122          67
         122          73
         122          83
         122          89
         122          97
         122         108
         122         114
         122         122
         123           1
         123           4
         123           8
         123          13
         123          19
         123          26
         123          34
         123          43
         123          49
         123          53
         123          59
         123          64
         123          68
         123          74
         123          80
         123          84
         123          90
         123          98
         123         105
         123         109
         123         115
         123         123
         124           5
         124          14
         124          27
         124          44
         124          54
         124          65
         124          75
         124          81
         124          91
         124         104
         124         110
         124         124
         125           3
         125           6
         125          10
         125          15
         125          21
         125          28
         125          36
         125          45
         125          51
         125          55
         125          61
         125          66
         125          70
         125          76
         125          82
         125          86
         125          92
         125         100
         125         107
         125         111
         125         117
         125         125
         126          11
         126          16
         126          22
         126          29
         126          37
         126          46
         126          56
         126          62
         126          71
         126          77
         126          87
         126          93
         126         101
         126         112
         126         118
         126         126
         127          23
         127          30
         127          38
         127          47
         127          63
         127          78
         127          94
         127         102
         127         119
         127         127
         128          39
         128          48
         128         103
         128         128
         129           1
         129           4
         129           8
         129          13
         129          19
         129          26
         129          34
         129          43
