         164         147
         164         157
         164         164
         165           5
         165          14
         165          27
         165          44
         165          54
         165          65
         165          75
         165          81
         165          91
         165         104
         165         110
         165         124
         165         134
         165         148
         165         165
         166           3
         166           6
         166          10
         166          15
         166          21
