         269         214
         269         224
         269         236
         269         245
         269         251
         269         259
         269         269
         270           2
         270           9
         270          20
         270          35
         270          50
         270          60
         270          69
         270          79
         270          85
         270          99
         270         106
         270         116
         270         130
         270         140
         270         158
         270         169
         270         183
         270         201
         270         215
         270         237
         270         252
         270         270
         271           3
         271           6
         271          10
         271          15
         271          21
         271          28
         271          36
         271          45
         271          51
         271          55
         271          61
         271          66
         271          70
         271          76
         271          82
         271          86
         271          92
         271         100
         271         107
         271         111
         271         117
         271         125
         271         131
         271         135
         271         141
         271         149
         271         159
         271         166
         271         170
         271         176
         271         184
         271         194
         271         202
         271         208
         271         216
         271         226
         271         238
         271         247
         271         253
         271         261
         271         271
         272          11
         272          16
         272          22
         272          29
         272          37
         272          46
         272          56
         272          62
         272          71
         272          77
         272          87
         272          93
         272         101
         272         112
         272         118
         272         126
         272         136
         272         142
         272         150
         272         160
         272         171
         272         177
         272         185
         272         195
         272         203
         272         209
         272         217
         272         227
         272         239
         272         248
         272         254
         272         262
         272         272
         273          23
         273          30
         273          38
         273          47
         273          63
         273          78
         273          94
         273         102
         273         119
         273         127
         273         143
         273         151
         273         161
         273         178
         273         186
         273         196
         273         210
         273         218
         273         228
         273         240
         273         255
         273         263
         273         273
         274          39
         274          48
         274         103
         274         128
