         225          81
         225          91
         225         104
         225         110
         225         124
         225         134
         225         148
         225         165
         225         175
         225         193
         225         207
         225         225
         226           3
         226           6
         226          10
         226          15
         226          21
         226          28
         226          36
         226          45
         226          51
         226          55
         226          61
         226          66
         226          70
         226          76
         226          82
