         201           9
         201          20
         201          35
         201          50
         201          60
         201          69
         201          79
         201          85
         201          99
         201         106
         201         116
         201         130
         201         140
         201         158
         201         169
         201         183
         201         201
         202           3
         202           6
         202          10
         202          15
