Total #files =         32
            #Mij        #Mij_begin          #Mij_end
               1                 1               152
               2               153               304
               3               305               456
               4               457               608
               5               609               760
               6               761               912
               7               913              1064
               8              1065              1216
               9              1217              1368
              10              1369              1520
              11              1521              1672
              12              1673              1824
              13              1825              1975
              14              1976              2126
              15              2127              2277
              16              2278              2428
              17              2429              2579
              18              2580              2730
              19              2731              2881
              20              2882              3032
              21              3033              3183
              22              3184              3334
              23              3335              3485
              24              3486              3636
              25              3637              3787
              26              3788              3938
              27              3939              4089
              28              4090              4240
              29              4241              4391
              30              4392              4542
              31              4543              4693
              32              4694              4844
