            2662        1 -0.333584954491E-03
            2662        2 -0.202274490591E-03
            2662        3 -0.130470195950E-03
            2662        4 -0.879962990583E-04
            2662        5 -0.603636636585E-04
            2662        6 -0.412872294974E-04
            2662        7 -0.278168061078E-04
            2662        8 -0.183938413332E-04
            2662        9 -0.119605247138E-04
            2662       10 -0.769621460997E-05
            2662       11 -0.493991756497E-05
            2662       12 -0.318946339919E-05
            2662       13 -0.209065069293E-05
            2662       14 -0.140201012171E-05
            2662       15 -0.969831811811E-06
            2662       16 -0.698715496348E-06
            2662       17 -0.528710565358E-06
            2662       18 -0.420630985211E-06
            2662       19 -0.352931502686E-06
            2662       20 -0.307580505099E-06
            2662       21 -0.275640160379E-06
            2662       22 -0.250461913597E-06
            2662       23 -0.228845921686E-06
            2662       24 -0.208738764703E-06
            2662       25 -0.189468126126E-06
            2662       26 -0.171031136997E-06
            2662       27 -0.153756602684E-06
            2662       28 -0.137796506565E-06
            2662       29 -0.123117049313E-06
            2662       30 -0.109814738980E-06
            2662       31 -0.979871803758E-07
            2662       32 -0.875820190022E-07
            2662       33 -0.784020163858E-07
            2662       34 -0.703281971824E-07
            2662       35 -0.632423515344E-07
            2662       36 -0.570015912479E-07
            2662       37 -0.514892794517E-07
            2662       38 -0.466285962904E-07
            2662       39 -0.423427346505E-07
            2662       40 -0.385444237902E-07
            2662       41 -0.351607398106E-07
            2662       42 -0.321354711916E-07
            2662       43 -0.294088805230E-07
            2662       44 -0.268203087849E-07
            2662       45 -0.244663920170E-07
            2662       46 -0.225090995286E-07
            2662       47 -0.206997360896E-07
            2662       48 -0.190544155267E-07
            2662       49 -0.175636005089E-07
            2662       50 -0.162106220126E-07
            2662       51 -0.149808354159E-07
            2662       52 -0.138613479980E-07
            2662       53 -0.128407866019E-07
            2662       54 -0.119090990421E-07
            2662       55 -0.110573839422E-07
            2662       56 -0.102777445882E-07
            2662       57 -0.956316311957E-08
            2662       58 -0.890739198781E-08
            2662       59 -0.830486011004E-08
            2662       60 -0.775059155835E-08
            2662       61 -0.724013496646E-08
            2662       62 -0.676950212056E-08
            2662       63 -0.633511443601E-08
            2662       64 -0.593375622036E-08
            2662       65 -0.556253378777E-08
            2662       66 -0.521883962904E-08
            2662       67 -0.490032095757E-08
            2662       68 -0.460485205083E-08
            2662       69 -0.433050988923E-08
            2662       70 -0.407555266498E-08
            2662       71 -0.383840079350E-08
            2662       72 -0.361762011054E-08
            2662       73 -0.341190698091E-08
            2662       74 -0.322007508304E-08
            2662       75 -0.304104366334E-08
            2662       76 -0.287382708329E-08
            2662       77 -0.271752550394E-08
            2662       78 -0.257131657325E-08
            2662       79 -0.243444799900E-08
            2662       80 -0.230623090417E-08
            2662       81 -0.218603387546E-08
            2662       82 -0.207327762596E-08
            2662       83 -0.196743020307E-08
            2662       84 -0.186800268098E-08
            2662       85 -0.177454528437E-08
            2662       86 -0.168664389634E-08
            2664        1  0.261481935133E-03
            2664        2  0.171543104072E-03
            2664        3  0.118938997461E-03
            2664        4  0.855258073548E-04
            2664        5  0.629854713645E-04
            2664        6  0.469904410575E-04
            2664        7  0.355324421447E-04
            2664        8  0.272712916005E-04
            2664        9  0.212524913784E-04
            2664       10  0.168191014037E-04
            2664       11  0.135225666113E-04
            2664       12  0.110458158983E-04
            2664       13  0.915943539671E-05
            2664       14  0.770112545998E-05
            2664       15  0.655511328359E-05
            2664       16  0.563681160178E-05
            2664       17  0.488560950490E-05
            2664       18  0.426603988578E-05
            2664       19  0.374898031949E-05
            2664       20  0.331443375825E-05
            2664       21  0.294632187198E-05
            2664       22  0.263103003418E-05
            2664       23  0.235795153429E-05
            2664       24  0.211910350230E-05
            2664       25  0.190940368893E-05
            2664       26  0.172468348685E-05
            2664       27  0.156129582204E-05
            2664       28  0.141601601420E-05
            2664       29  0.128666811398E-05
            2664       30  0.117162557396E-05
            2664       31  0.106923039143E-05
            2664       32  0.977547452299E-06
            2664       33  0.895263949747E-06
            2664       34  0.821427844851E-06
            2664       35  0.755076146335E-06
            2664       36  0.695171860646E-06
            2664       37  0.641017406916E-06
            2664       38  0.592057850835E-06
            2664       39  0.547735907994E-06
            2664       40  0.507470781210E-06
            2664       41  0.470845302342E-06
            2664       42  0.437504104363E-06
            2664       43  0.407098659401E-06
            2664       44  0.379840735050E-06
            2664       45  0.355994585252E-06
            2664       46  0.333192809209E-06
            2664       47  0.311548104219E-06
            2664       48  0.291613024485E-06
            2664       49  0.273249583460E-06
            2664       50  0.256311163759E-06
            2664       51  0.240666891224E-06
            2664       52  0.226199727955E-06
            2664       53  0.212804821985E-06
            2664       54  0.200388075671E-06
            2664       55  0.188864900953E-06
            2664       56  0.178159134747E-06
            2664       57  0.168202091810E-06
            2664       58  0.158931735962E-06
            2664       59  0.150291953413E-06
            2664       60  0.142231914387E-06
            2664       61  0.134705511251E-06
            2664       62  0.127670863082E-06
            2664       63  0.121089878035E-06
            2664       64  0.114927866109E-06
            2664       65  0.109153195934E-06
            2664       66  0.103736990069E-06
            2664       67  0.986528540824E-07
            2664       68  0.938766352721E-07
            2664       69  0.893862074849E-07
            2664       70  0.851612789161E-07
            2664       71  0.811832201977E-07
            2664       72  0.774349104200E-07
            2664       73  0.739005990273E-07
            2664       74  0.705657817909E-07
            2664       75  0.674170892791E-07
            2664       76  0.644421864402E-07
            2664       77  0.616296820805E-07
            2664       78  0.589690471647E-07
            2664       79  0.564505409927E-07
            2664       80  0.540651444165E-07
            2664       81  0.518044993607E-07
            2664       82  0.496608539885E-07
            2664       83  0.476270129374E-07
            2664       84  0.456962921050E-07
            2664       85  0.438624775286E-07
            2664       86  0.421197879514E-07
            2666        1  0.303432265399E-02
            2666        2  0.186388899498E-02
            2666        3  0.114951282973E-02
            2666        4  0.703915755206E-03
            2666        5  0.422657961232E-03
            2666        6  0.245021924790E-03
            2666        7  0.133822831020E-03
            2666        8  0.654997259322E-04
            2666        9  0.247294740806E-04
            2666       10  0.143906064072E-05
            2666       11 -0.109548187205E-04
            2666       12 -0.167335754026E-04
            2666       13 -0.186446973192E-04
            2666       14 -0.184124573844E-04
            2666       15 -0.170922634499E-04
            2666       16 -0.153067458170E-04
            2666       17 -0.134123996471E-04
            2666       18 -0.115946917429E-04
            2666       19 -0.993640723174E-05
            2666       20 -0.847914060452E-05
            2666       21 -0.721976669715E-05
            2666       22 -0.614447952308E-05
            2666       23 -0.523310117598E-05
            2666       24 -0.446417036835E-05
            2666       25 -0.381739237276E-05
            2666       26 -0.327393617840E-05
            2666       27 -0.281720146589E-05
            2666       28 -0.243208996817E-05
            2666       29 -0.210779615961E-05
            2666       30 -0.183491287100E-05
            2666       31 -0.160400580732E-05
            2666       32 -0.140645439603E-05
            2666       33 -0.123729129703E-05
            2666       34 -0.109246162890E-05
            2666       35 -0.967890076123E-06
            2666       36 -0.859822267228E-06
            2666       37 -0.766014659693E-06
            2666       38 -0.684556562203E-06
            2666       39 -0.613519910553E-06
            2666       40 -0.551090889021E-06
            2666       41 -0.496178476453E-06
            2666       42 -0.447838223531E-06
            2666       43 -0.405123635395E-06
            2666       44 -0.367423707953E-06
            2666       45 -0.334734246633E-06
            2666       46 -0.305119027908E-06
            2666       47 -0.278036942822E-06
            2666       48 -0.253767261772E-06
            2666       49 -0.232000895719E-06
            2666       50 -0.212441577294E-06
            2666       51 -0.194832421442E-06
            2666       52 -0.178950139494E-06
            2666       53 -0.164600181051E-06
            2666       54 -0.151612642887E-06
            2666       55 -0.139838813985E-06
            2666       56 -0.129148249727E-06
            2666       57 -0.119426287592E-06
            2666       58 -0.110571932254E-06
            2666       59 -0.102496050652E-06
            2666       60 -0.951198278229E-07
            2666       61 -0.883734427151E-07
            2666       62 -0.821949300239E-07
            2666       63 -0.765291997392E-07
            2666       64 -0.713271907130E-07
            2666       65 -0.665451383908E-07
            2666       66 -0.621439400075E-07
            2666       67 -0.580886031743E-07
            2666       68 -0.543477659758E-07
            2666       69 -0.508932785100E-07
            2666       70 -0.476998373334E-07
            2666       71 -0.447446655495E-07
            2666       72 -0.420072323545E-07
            2666       73 -0.394690067472E-07
            2666       74 -0.371132408931E-07
            2666       75 -0.349247792504E-07
            2666       76 -0.328898901398E-07
            2666       77 -0.309961168818E-07
            2666       78 -0.292321460336E-07
            2666       79 -0.275876905888E-07
            2666       80 -0.260533862919E-07
            2666       81 -0.246206994661E-07
            2666       82 -0.232818449633E-07
            2666       83 -0.220297130262E-07
            2666       84 -0.208578040103E-07
            2666       85 -0.197601700452E-07
            2666       86 -0.187313628327E-07
            2668        1  0.477647788196E-02
            2668        2  0.303114175319E-02
            2668        3  0.195188724132E-02
            2668        4  0.126375263575E-02
            2668        5  0.817107989828E-03
            2668        6  0.524553025902E-03
            2668        7  0.332831405665E-03
            2668        8  0.207834435637E-03
            2668        9  0.127070896056E-03
            2668       10  0.755224821262E-04
            2668       11  0.431348638551E-04
            2668       12  0.231802535854E-04
            2668       13  0.111829585538E-04
            2668       14  0.420240176124E-05
            2668       15  0.326932808797E-06
            2668       16 -0.166863533244E-05
            2668       17 -0.256396697537E-05
            2668       18 -0.283608163836E-05
            2668       19 -0.275985319597E-05
            2668       20 -0.252830656753E-05
            2668       21 -0.222887926024E-05
            2668       22 -0.191983161023E-05
            2668       23 -0.162748953632E-05
            2668       24 -0.136779679179E-05
            2668       25 -0.114279199817E-05
            2668       26 -0.952055614542E-06
            2668       27 -0.791680856279E-06
            2668       28 -0.658578678416E-06
            2668       29 -0.549022100230E-06
            2668       30 -0.458973945122E-06
            2668       31 -0.384423257775E-06
            2668       32 -0.322785452739E-06
            2668       33 -0.272105126290E-06
            2668       34 -0.230471422703E-06
            2668       35 -0.195969529025E-06
            2668       36 -0.167183475915E-06
            2668       37 -0.143198028388E-06
            2668       38 -0.123186396581E-06
            2668       39 -0.106320759114E-06
            2668       40 -0.920038956175E-07
            2668       41 -0.798612103158E-07
            2668       42 -0.695570335018E-07
            2668       43 -0.607812991434E-07
            2668       44 -0.530226255577E-07
            2668       45 -0.459885514251E-07
            2668       46 -0.404773983288E-07
            2668       47 -0.357003394323E-07
            2668       48 -0.315253097972E-07
            2668       49 -0.278951911036E-07
            2668       50 -0.247316949922E-07
            2668       51 -0.219687798272E-07
            2668       52 -0.195505833061E-07
            2668       53 -0.174297289147E-07
            2668       54 -0.155659342666E-07
            2668       55 -0.139248640243E-07
            2668       56 -0.124771816271E-07
            2668       57 -0.111977631197E-07
            2668       58 -0.100650435624E-07
            2668       59 -0.906047219541E-08
            2668       60 -0.816805707087E-08
            2668       61 -0.737398349256E-08
            2668       62 -0.666629350796E-08
            2668       63 -0.603461603632E-08
            2668       64 -0.546993910072E-08
            2668       65 -0.496441715734E-08
            2668       66 -0.451120775202E-08
            2668       67 -0.410433274142E-08
            2668       68 -0.373856013597E-08
            2668       69 -0.340930329450E-08
            2668       70 -0.311253475024E-08
            2668       71 -0.284471240100E-08
            2668       72 -0.260271616941E-08
            2668       73 -0.238379354721E-08
            2668       74 -0.218551269245E-08
            2668       75 -0.200572196114E-08
            2668       76 -0.184251492979E-08
            2668       77 -0.169420011325E-08
            2668       78 -0.155927470420E-08
            2668       79 -0.143640176346E-08
            2668       80 -0.132439037660E-08
            2668       81 -0.122217836444E-08
            2668       82 -0.112881719601E-08
            2668       83 -0.104345880417E-08
            2668       84 -0.965344047127E-09
            2668       85 -0.893792596313E-09
            2668       86 -0.828194061907E-09
            2670        1 -0.144036316155E-02
            2670        2 -0.798782571952E-03
            2670        3 -0.464120177156E-03
            2670        4 -0.279472563714E-03
            2670        5 -0.172007960711E-03
            2670        6 -0.106804137550E-03
            2670        7 -0.662864143316E-04
            2670        8 -0.407945894285E-04
            2670        9 -0.247058344746E-04
            2670       10 -0.146328477420E-04
            2670       11 -0.842839415255E-05
            2670       12 -0.468536506122E-05
            2670       13 -0.247438952453E-05
            2670       14 -0.119757493439E-05
            2670       15 -0.479063822333E-06
            2670       16 -0.880385709473E-07
            2670       17  0.114948308863E-06
            2670       18  0.209567650170E-06
            2670       19  0.237476404647E-06
            2670       20  0.230968658352E-06
            2670       21  0.204666621536E-06
            2670       22  0.171060581191E-06
            2670       23  0.137171562396E-06
            2670       24  0.107846172998E-06
            2670       25  0.835601293212E-07
            2670       26  0.642764430951E-07
            2670       27  0.491735635205E-07
            2670       28  0.375700297253E-07
            2670       29  0.287892554672E-07
            2670       30  0.221668312119E-07
            2670       31  0.170359359798E-07
            2670       32  0.129594431808E-07
            2670       33  0.975128872886E-08
            2670       34  0.726008178928E-08
            2670       35  0.532905343609E-08
            2670       36  0.382428224401E-08
            2670       37  0.266615922430E-08
            2670       38  0.178460273542E-08
            2670       39  0.110569923241E-08
            2670       40  0.564920030984E-09
            2670       41  0.144528836142E-09
            2670       42 -0.164172325430E-09
            2670       43 -0.387857941155E-09
            2670       44 -0.868888798049E-09
            2670       45 -0.148607754939E-08
            2670       46 -0.157158701269E-08
            2670       47 -0.151792346300E-08
            2670       48 -0.145739532732E-08
            2670       49 -0.139423030849E-08
            2670       50 -0.132990087541E-08
            2670       51 -0.126552112730E-08
            2670       52 -0.120192392418E-08
            2670       53 -0.113972170220E-08
            2670       54 -0.107935447946E-08
            2670       55 -0.102112778403E-08
            2670       56 -0.965242636352E-09
            2670       57 -0.911819256598E-09
            2670       58 -0.860915807632E-09
            2670       59 -0.812543205297E-09
            2670       60 -0.766676809450E-09
            2670       61 -0.723265638117E-09
            2670       62 -0.682239613956E-09
            2670       63 -0.643515246066E-09
            2670       64 -0.607000067850E-09
            2670       65 -0.572596085633E-09
            2670       66 -0.540202441098E-09
            2670       67 -0.509717449313E-09
            2670       68 -0.481040141448E-09
            2670       69 -0.454071415311E-09
            2670       70 -0.428714876049E-09
            2670       71 -0.404877432817E-09
            2670       72 -0.382469704051E-09
            2670       73 -0.361406273271E-09
            2670       74 -0.341605829064E-09
            2670       75 -0.322991215887E-09
            2670       76 -0.305489417078E-09
            2670       77 -0.289031486989E-09
            2670       78 -0.273552445645E-09
            2670       79 -0.258991146611E-09
            2670       80 -0.245290126359E-09
            2670       81 -0.232395441767E-09
            2670       82 -0.220256500776E-09
            2670       83 -0.208825890215E-09
            2670       84 -0.198059203762E-09
            2670       85 -0.187914872320E-09
            2670       86 -0.178353998536E-09
            2672        1 -0.104758230904E-02
            2672        2 -0.597520843837E-03
            2672        3 -0.343210344436E-03
            2672        4 -0.195570507809E-03
            2672        5 -0.108856078192E-03
            2672        6 -0.580117171139E-04
            2672        7 -0.286985266572E-04
            2672        8 -0.123121248975E-04
            2672        9 -0.360437386564E-05
            2672       10  0.682392806567E-06
            2672       11  0.251868011199E-05
            2672       12  0.305723915708E-05
            2672       13  0.295065045417E-05
            2672       14  0.256422046964E-05
            2672       15  0.209489689485E-05
            2672       16  0.164317007960E-05
            2672       17  0.124864600037E-05
            2672       18  0.932653226192E-06
            2672       19  0.683900220233E-06
            2672       20  0.496691366631E-06
            2672       21  0.360213307174E-06
            2672       22  0.261951550534E-06
            2672       23  0.191536214287E-06
            2672       24  0.140419644491E-06
            2672       25  0.103550521152E-06
            2672       26  0.765868467682E-07
            2672       27  0.567887508306E-07
            2672       28  0.419330516285E-07
            2672       29  0.310960980548E-07
            2672       30  0.233789792931E-07
            2672       31  0.178539582281E-07
            2672       32  0.136729586282E-07
            2672       33  0.105651699578E-07
            2672       34  0.833208831366E-08
            2672       35  0.676446744367E-08
            2672       36  0.558731571021E-08
            2672       37  0.469582821345E-08
            2672       38  0.403663966622E-08
            2672       39  0.355035514064E-08
            2672       40  0.314707776573E-08
            2672       41  0.280454603220E-08
            2672       42  0.251920411691E-08
            2672       43  0.227483086468E-08
            2672       44  0.196954121178E-08
            2672       45  0.160960426008E-08
            2672       46  0.141310712394E-08
            2672       47  0.123791742013E-08
            2672       48  0.107543888926E-08
            2672       49  0.936435496030E-09
            2672       50  0.817214397903E-09
            2672       51  0.714709619325E-09
            2672       52  0.626368069366E-09
            2672       53  0.550057621294E-09
            2672       54  0.483992732408E-09
            2672       55  0.426674059545E-09
            2672       56  0.376839280489E-09
            2672       57  0.333422918222E-09
            2672       58  0.295523421393E-09
            2672       59  0.262376112107E-09
            2672       60  0.233330892392E-09
            2672       61  0.207833821854E-09
            2672       62  0.185411853705E-09
            2672       63  0.165660154813E-09
            2672       64  0.148231545823E-09
            2672       65  0.132827685190E-09
            2672       66  0.119191691600E-09
            2672       67  0.107101955677E-09
            2672       68  0.963669374994E-10
            2672       69  0.868207832212E-10
            2672       70  0.783196238693E-10
            2672       71  0.707384435814E-10
            2672       72  0.639684242571E-10
            2672       73  0.579146896270E-10
            2672       74  0.524943849329E-10
            2672       75  0.476350391708E-10
            2672       76  0.432731657172E-10
            2672       77  0.393530644676E-10
            2672       78  0.358257946547E-10
            2672       79  0.326482924832E-10
            2672       80  0.297826118942E-10
            2672       81  0.271952701756E-10
            2672       82  0.248566830392E-10
            2672       83  0.227406761469E-10
            2672       84  0.208240620895E-10
            2672       85  0.190862734911E-10
            2672       86  0.175090443113E-10
            2674        1 -0.652865047621E-02
            2674        2 -0.378446978678E-02
            2674        3 -0.216530452764E-02
            2674        4 -0.120312728930E-02
            2674        5 -0.635310764531E-03
            2674        6 -0.306952539601E-03
            2674        7 -0.123912076829E-03
            2674        8 -0.277427265729E-04
            2674        9  0.179437926253E-04
            2674       10  0.355699591557E-04
            2674       11  0.385976245447E-04
            2674       12  0.348288613556E-04
            2674       13  0.285628816053E-04
            2674       14  0.220022390687E-04
            2674       15  0.161504488116E-04
            2674       16  0.113618438176E-04
            2674       17  0.765863156148E-05
            2674       18  0.492692079074E-05
            2674       19  0.296459331913E-05
            2674       20  0.161706957351E-05
            2674       21  0.716354213155E-06
            2674       22  0.136972554987E-06
            2674       23 -0.218053776970E-06
            2674       24 -0.421313123050E-06
            2674       25 -0.522656325522E-06
            2674       26 -0.559792067885E-06
            2674       27 -0.557849604662E-06
            2674       28 -0.534274791886E-06
            2674       29 -0.495939429945E-06
            2674       30 -0.449709597115E-06
            2674       31 -0.402698555603E-06
            2674       32 -0.359120356188E-06
            2674       33 -0.318707479621E-06
            2674       34 -0.281651564396E-06
            2674       35 -0.248308945702E-06
            2674       36 -0.218692154908E-06
            2674       37 -0.192292269677E-06
            2674       38 -0.168904730757E-06
            2674       39 -0.148415313398E-06
            2674       40 -0.130555728981E-06
            2674       41 -0.114903809010E-06
            2674       42 -0.101176959664E-06
            2674       43 -0.890308195733E-07
            2674       44 -0.774940357422E-07
            2674       45 -0.688300892468E-07
            2674       46 -0.619806291015E-07
            2674       47 -0.549210879784E-07
            2674       48 -0.486924726282E-07
            2674       49 -0.432553203448E-07
            2674       50 -0.384985803171E-07
            2674       51 -0.343282096791E-07
            2674       52 -0.306643566880E-07
            2674       53 -0.274390445021E-07
            2674       54 -0.245942607094E-07
            2674       55 -0.220803768102E-07
            2674       56 -0.198548368794E-07
            2674       57 -0.178810664989E-07
            2674       58 -0.161275624861E-07
            2674       59 -0.145671314452E-07
            2674       60 -0.131762511720E-07
            2674       61 -0.119345337512E-07
            2674       62 -0.108242730561E-07
            2674       63 -0.983006248068E-08
            2674       64 -0.893847126224E-08
            2674       65 -0.813776980019E-08
            2674       66 -0.741769604790E-08
            2674       67 -0.676925641434E-08
            2674       68 -0.618455572715E-08
            2674       69 -0.565665172313E-08
            2674       70 -0.517943028367E-08
            2674       71 -0.474749825319E-08
            2674       72 -0.435609119068E-08
            2674       73 -0.400099382929E-08
            2674       74 -0.367847137146E-08
            2674       75 -0.338521004062E-08
            2674       76 -0.311826555519E-08
            2674       77 -0.287501839513E-08
            2674       78 -0.265313490299E-08
            2674       79 -0.245053340480E-08
            2674       80 -0.226535465752E-08
            2674       81 -0.209593603185E-08
            2674       82 -0.194078892429E-08
            2674       83 -0.179857896668E-08
            2674       84 -0.166810866174E-08
            2674       85 -0.154830212634E-08
            2674       86 -0.143819166844E-08
            2676        1  0.257415203845E-02
            2676        2  0.151577172285E-02
            2676        3  0.895608278800E-03
            2676        4  0.525846445697E-03
            2676        5  0.303808138676E-03
            2676        6  0.171120022586E-03
            2676        7  0.931259761733E-04
            2676        8  0.485349902275E-04
            2676        9  0.240461046953E-04
            2676       10  0.113419954240E-04
            2676       11  0.528230032070E-05
            2676       12  0.277766927475E-05
            2676       13  0.203481046846E-05
            2676       14  0.206027055626E-05
            2676       15  0.233824118220E-05
            2676       16  0.262417117844E-05
            2676       17  0.281940612740E-05
            2676       18  0.289683457049E-05
            2676       19  0.287652522933E-05
            2676       20  0.277158918619E-05
            2676       21  0.261380660037E-05
            2676       22  0.242446115599E-05
            2676       23  0.222072140296E-05
            2676       24  0.201464486576E-05
            2676       25  0.181489933112E-05
            2676       26  0.162728224655E-05
            2676       27  0.145472784709E-05
            2676       28  0.129839013785E-05
            2676       29  0.115738372264E-05
            2676       30  0.103117749733E-05
            2676       31  0.919335117516E-06
            2676       32  0.820762689378E-06
            2676       33  0.733786744626E-06
            2676       34  0.657114594048E-06
            2676       35  0.589515581277E-06
            2676       36  0.529788551751E-06
            2676       37  0.476952925259E-06
            2676       38  0.430219223534E-06
            2676       39  0.388831383419E-06
            2676       40  0.352063187046E-06
            2676       41  0.319341407144E-06
            2676       42  0.290179507919E-06
            2676       43  0.264079253326E-06
            2676       44  0.240570412321E-06
            2676       45  0.220364290558E-06
            2676       46  0.202152131093E-06
            2676       47  0.185124820900E-06
            2676       48  0.169763846424E-06
            2676       49  0.155917174902E-06
            2676       50  0.143412491413E-06
            2676       51  0.132099637892E-06
            2676       52  0.121847446033E-06
            2676       53  0.112541066955E-06
            2676       54  0.104079713027E-06
            2676       55  0.963747427465E-07
            2676       56  0.893480320673E-07
            2676       57  0.829305855985E-07
            2676       58  0.770613492896E-07
            2676       59  0.716861928112E-07
            2676       60  0.667570352605E-07
            2676       61  0.622310922322E-07
            2676       62  0.580702259286E-07
            2676       63  0.542403829637E-07
            2676       64  0.507111069822E-07
            2676       65  0.474551152564E-07
            2676       66  0.444479301197E-07
            2676       67  0.416675574978E-07
            2676       68  0.390942059890E-07
            2676       69  0.367100409188E-07
            2676       70  0.344989686250E-07
            2676       71  0.324464469268E-07
            2676       72  0.305393183140E-07
            2676       73  0.287656628848E-07
            2676       74  0.271146684903E-07
            2676       75  0.255765158825E-07
            2676       76  0.241422769838E-07
            2676       77  0.228038246389E-07
            2676       78  0.215537524359E-07
            2676       79  0.203853033738E-07
            2676       80  0.192923063092E-07
            2676       81  0.182691192583E-07
            2676       82  0.173105787470E-07
            2676       83  0.164119545049E-07
            2676       84  0.155689088889E-07
            2676       85  0.147774604962E-07
            2676       86  0.140339514966E-07
            2678        1 -0.380495004732E-03
            2678        2 -0.215401787308E-03
            2678        3 -0.128487686740E-03
            2678        4 -0.809568736508E-04
            2678        5 -0.534360485031E-04
            2678        6 -0.365514514725E-04
            2678        7 -0.257138369920E-04
            2678        8 -0.185352330889E-04
            2678        9 -0.136814325318E-04
            2678       10 -0.103416058486E-04
            2678       11 -0.799595194742E-05
            2678       12 -0.630710032675E-05
            2678       13 -0.505979723368E-05
            2678       14 -0.411955028002E-05
            2678       15 -0.339916475202E-05
            2678       16 -0.283794839567E-05
            2678       17 -0.239284514260E-05
            2678       18 -0.203353063259E-05
            2678       19 -0.173970108752E-05
            2678       20 -0.149620208496E-05
            2678       21 -0.129396817395E-05
            2678       22 -0.112513903649E-05
            2678       23 -0.982772847919E-06
            2678       24 -0.861409079184E-06
            2678       25 -0.757560302647E-06
            2678       26 -0.668220689427E-06
            2678       27 -0.591011088264E-06
            2678       28 -0.523888395409E-06
            2678       29 -0.465517638896E-06
            2678       30 -0.414736440552E-06
            2678       31 -0.370389592755E-06
            2678       32 -0.331420941717E-06
            2678       33 -0.297168736877E-06
            2678       34 -0.267073766346E-06
            2678       35 -0.240582890131E-06
            2678       36 -0.217185672070E-06
            2678       37 -0.196492556779E-06
            2678       38 -0.178144146946E-06
            2678       39 -0.161785948116E-06
            2678       40 -0.147125376018E-06
            2678       41 -0.133988990432E-06
            2678       42 -0.122224190698E-06
            2678       43 -0.111710793100E-06
            2678       44 -0.102607081579E-06
            2678       45 -0.944927404913E-07
            2678       46 -0.867247734199E-07
            2678       47 -0.796790821265E-07
            2678       48 -0.733238870543E-07
            2678       49 -0.675679392262E-07
            2678       50 -0.623462798994E-07
            2678       51 -0.576018820264E-07
            2678       52 -0.532845761487E-07
            2678       53 -0.493501356492E-07
            2678       54 -0.457594957161E-07
            2678       55 -0.424780848091E-07
            2678       56 -0.394752510415E-07
            2678       57 -0.367237688516E-07
            2678       58 -0.341994137612E-07
            2678       59 -0.318805950189E-07
            2678       60 -0.297480375714E-07
            2678       61 -0.277845061667E-07
            2678       62 -0.259745655272E-07
            2678       63 -0.243043714693E-07
            2678       64 -0.227614886276E-07
            2678       65 -0.213347311047E-07
            2678       66 -0.200140229095E-07
            2678       67 -0.187902755132E-07
            2678       68 -0.176552802412E-07
            2678       69 -0.166016135444E-07
            2678       70 -0.156225534754E-07
            2678       71 -0.147120059257E-07
            2678       72 -0.138644393862E-07
            2678       73 -0.130748271550E-07
            2678       74 -0.123385960731E-07
            2678       75 -0.116515809792E-07
            2678       76 -0.110099841954E-07
            2678       77 -0.104103394348E-07
            2678       78 -0.984947960635E-08
            2678       79 -0.932450806065E-08
            2678       80 -0.883277287400E-08
            2678       81 -0.837184382246E-08
            2678       82 -0.793949173908E-08
            2678       83 -0.753366998557E-08
            2678       84 -0.715249780276E-08
            2678       85 -0.679424533206E-08
            2678       86 -0.645732012534E-08
            2680        1 -0.340187179332E-02
            2680        2 -0.218306523965E-02
            2680        3 -0.141590099526E-02
            2680        4 -0.919308811559E-03
            2680        5 -0.594275432236E-03
            2680        6 -0.380708245154E-03
            2680        7 -0.240796478737E-03
            2680        8 -0.149812780930E-03
            2680        9 -0.912606097895E-04
            2680       10 -0.540559542688E-04
            2680       11 -0.307607403470E-04
            2680       12 -0.164356556695E-04
            2680       13 -0.783346766298E-05
            2680       14 -0.283706142432E-05
            2680       15 -0.759086746164E-07
            2680       16  0.132896311852E-05
            2680       17  0.193969302271E-05
            2680       18  0.210462607386E-05
            2680       19  0.202551625890E-05
            2680       20  0.184369373968E-05
            2680       21  0.162069279092E-05
            2680       22  0.139593166275E-05
            2680       23  0.118532480807E-05
            2680       24  0.998316117888E-06
            2680       25  0.835918766747E-06
            2680       26  0.697652544799E-06
            2680       27  0.580896324888E-06
            2680       28  0.483629360291E-06
            2680       29  0.403297238957E-06
            2680       30  0.337066182188E-06
            2680       31  0.282123996868E-06
            2680       32  0.236670845141E-06
            2680       33  0.199295675029E-06
            2680       34  0.168589251931E-06
            2680       35  0.143141596344E-06
            2680       36  0.121923361103E-06
            2680       37  0.104262922590E-06
            2680       38  0.895414303679E-07
            2680       39  0.771402665816E-07
            2680       40  0.666210520318E-07
            2680       41  0.577078968972E-07
            2680       42  0.501483014632E-07
            2680       43  0.437201051074E-07
            2680       44  0.384172293994E-07
            2680       45  0.340526080829E-07
            2680       46  0.301726493825E-07
            2680       47  0.266101200290E-07
            2680       48  0.234981778213E-07
            2680       49  0.207923941525E-07
            2680       50  0.184344156803E-07
            2680       51  0.163750173052E-07
            2680       52  0.145725612204E-07
            2680       53  0.129917346104E-07
            2680       54  0.116025123610E-07
            2680       55  0.103793020723E-07
            2680       56  0.930023725135E-08
            2680       57  0.834659133166E-08
            2680       58  0.750229051083E-08
            2680       59  0.675350765063E-08
            2680       60  0.608832286275E-08
            2680       61  0.549643910755E-08
            2680       62  0.496894329915E-08
            2680       63  0.449810515260E-08
            2680       64  0.407720741377E-08
            2680       65  0.370040224939E-08
            2680       66  0.336258949658E-08
            2680       67  0.305931322192E-08
            2680       68  0.278667365123E-08
            2680       69  0.254125203270E-08
            2680       70  0.232004640567E-08
            2680       71  0.212041658528E-08
            2680       72  0.194003695110E-08
            2680       73  0.177685585763E-08
            2680       74  0.162906067448E-08
            2680       75  0.149504762254E-08
            2680       76  0.137339570296E-08
            2680       77  0.126284412569E-08
            2680       78  0.116227273580E-08
            2680       79  0.107068501179E-08
            2680       80  0.987193274951E-09
            2680       81  0.911005802307E-09
            2680       82  0.841415581178E-09
            2680       83  0.777790481920E-09
            2680       84  0.719564657512E-09
            2680       85  0.666231006242E-09
            2680       86  0.617334556948E-09
            2682        1  0.271577560205E-03
            2682        2  0.282010204868E-03
            2682        3  0.230439932662E-03
            2682        4  0.171770108505E-03
            2682        5  0.122079192892E-03
            2682        6  0.842250572217E-04
            2682        7  0.568365486053E-04
            2682        8  0.376684531760E-04
            2682        9  0.245654183422E-04
            2682       10  0.157529763728E-04
            2682       11  0.990903681498E-05
            2682       12  0.608886249414E-05
            2682       13  0.363313920272E-05
            2682       14  0.208485313623E-05
            2682       15  0.113022215319E-05
            2682       16  0.557445189947E-06
            2682       17  0.224294129041E-06
            2682       18  0.399003253461E-07
            2682       19 -0.549198280388E-07
            2682       20 -0.984594253518E-07
            2682       21 -0.112239040537E-06
            2682       22 -0.109739906845E-06
            2682       23 -0.993302444157E-07
            2682       24 -0.859086758338E-07
            2682       25 -0.717944423040E-07
            2682       26 -0.584290354544E-07
            2682       27 -0.465421241695E-07
            2682       28 -0.364265163489E-07
            2682       29 -0.279370767868E-07
            2682       30 -0.209820751934E-07
            2682       31 -0.154652848518E-07
            2682       32 -0.111768988261E-07
            2682       33 -0.786191716124E-08
            2682       34 -0.535383407103E-08
            2682       35 -0.348095389778E-08
            2682       36 -0.204459081986E-08
            2682       37 -0.938525297513E-09
            2682       38 -0.115822402142E-09
            2682       39  0.473594078482E-09
            2682       40  0.903445451119E-09
            2682       41  0.122011451234E-08
            2682       42  0.144697698122E-08
            2682       43  0.161226167438E-08
            2682       44  0.173659251385E-08
            2682       45  0.153396933640E-08
            2682       46  0.139781871328E-08
            2682       47  0.150020796100E-08
            2682       48  0.158252159172E-08
            2682       49  0.163080054224E-08
            2682       50  0.165236260273E-08
            2682       51  0.165309499560E-08
            2682       52  0.163773326972E-08
            2682       53  0.161008439296E-08
            2682       54  0.157320562113E-08
            2682       55  0.152954822345E-08
            2682       56  0.148107320372E-08
            2682       57  0.142934464994E-08
            2682       58  0.137560516863E-08
            2682       59  0.132083693915E-08
            2682       60  0.126581120083E-08
            2682       61  0.121112841547E-08
            2682       62  0.115725089943E-08
            2682       63  0.110452936191E-08
            2682       64  0.105322450445E-08
            2682       65  0.100352461078E-08
            2682       66  0.955559876692E-09
            2682       67  0.909414086119E-09
            2682       68  0.865134123641E-09
            2682       69  0.822737721760E-09
            2682       70  0.782219766216E-09
            2682       71  0.743557422482E-09
            2682       72  0.706714298040E-09
            2682       73  0.671643815428E-09
            2682       74  0.638291939222E-09
            2682       75  0.606599373870E-09
            2682       76  0.576503328410E-09
            2682       77  0.547938926567E-09
            2682       78  0.520840326723E-09
            2682       79  0.495141604773E-09
            2682       80  0.470777443328E-09
            2682       81  0.447683663039E-09
            2682       82  0.425797625445E-09
            2682       83  0.405058531520E-09
            2682       84  0.385407635818E-09
            2682       85  0.366788392549E-09
            2682       86  0.349146547015E-09
            2684        1  0.305258006240E-02
            2684        2  0.194309073077E-02
            2684        3  0.127448636217E-02
            2684        4  0.849457672466E-03
            2684        5  0.571047287267E-03
            2684        6  0.385541615979E-03
            2684        7  0.261234144151E-03
            2684        8  0.177848595828E-03
            2684        9  0.121926610002E-03
            2684       10  0.843865082560E-04
            2684       11  0.591375654446E-04
            2684       12  0.420915866638E-04
            2684       13  0.305176735492E-04
            2684       14  0.226000930951E-04
            2684       15  0.171279254695E-04
            2684       16  0.133039861933E-04
            2684       17  0.105481613362E-04
            2684       18  0.858207312987E-05
            2684       19  0.710654891893E-05
            2684       20  0.596723280764E-05
            2684       21  0.508274365866E-05
            2684       22  0.437733118603E-05
            2684       23  0.380380264809E-05
            2684       24  0.332726895164E-05
            2684       25  0.292892195427E-05
            2684       26  0.259121637065E-05
            2684       27  0.230443107510E-05
            2684       28  0.205330996966E-05
            2684       29  0.183278206532E-05
            2684       30  0.164226489532E-05
            2684       31  0.148013801086E-05
            2684       32  0.133600898086E-05
            2684       33  0.120675412905E-05
            2684       34  0.109260582665E-05
            2684       35  0.993198659999E-06
            2684       36  0.904001037356E-06
            2684       37  0.823661663124E-06
            2684       38  0.752105177974E-06
            2684       39  0.688908926066E-06
            2684       40  0.631698822317E-06
            2684       41  0.579765181247E-06
            2684       42  0.532930518514E-06
            2684       43  0.491035763788E-06
            2684       44  0.456684470447E-06
            2684       45  0.430540480871E-06
            2684       46  0.401536992423E-06
            2684       47  0.371648907404E-06
            2684       48  0.344449259866E-06
            2684       49  0.319773977329E-06
            2684       50  0.297340291161E-06
            2684       51  0.276902278304E-06
            2684       52  0.258245429709E-06
            2684       53  0.241182105818E-06
            2684       54  0.225547721106E-06
            2684       55  0.211197530027E-06
            2684       56  0.198003910828E-06
            2684       57  0.185854062894E-06
            2684       58  0.174648048746E-06
            2684       59  0.164297124186E-06
            2684       60  0.154722310123E-06
            2684       61  0.145853167709E-06
            2684       62  0.137626745021E-06
            2684       63  0.129986668885E-06
            2684       64  0.122882359876E-06
            2684       65  0.116268352108E-06
            2684       66  0.110103702411E-06
            2684       67  0.104351475972E-06
            2684       68  0.989782975284E-07
            2684       69  0.939539588938E-07
            2684       70  0.892510750318E-07
            2684       71  0.848447820344E-07
            2684       72  0.807124713752E-07
            2684       73  0.768335556190E-07
            2684       74  0.731892614742E-07
            2684       75  0.697624466580E-07
            2684       76  0.665374375430E-07
            2684       77  0.634998849756E-07
            2684       78  0.606366360147E-07
            2684       79  0.579356196428E-07
            2684       80  0.553857447629E-07
            2684       81  0.529768090202E-07
            2684       82  0.506994171709E-07
            2684       83  0.485449078937E-07
            2684       84  0.465052880731E-07
            2684       85  0.445731737088E-07
            2684       86  0.427417367099E-07
            2686        1  0.571131673439E-03
            2686        2  0.354523692858E-03
            2686        3  0.210978793075E-03
            2686        4  0.116485830053E-03
            2686        5  0.557736556330E-04
            2686        6  0.180694896361E-04
            2686        7 -0.438668680059E-05
            2686        8 -0.169306772103E-04
            2686        9 -0.231594685026E-04
            2686       10 -0.254854095026E-04
            2686       11 -0.255026055198E-04
            2686       12 -0.242432479017E-04
            2686       13 -0.223502281957E-04
            2686       14 -0.202162582559E-04
            2686       15 -0.180713411178E-04
            2686       16 -0.160402853974E-04
            2686       17 -0.141783993638E-04
            2686       18 -0.125179595728E-04
            2686       19 -0.110487181539E-04
            2686       20 -0.976369765231E-05
            2686       21 -0.864553707279E-05
            2686       22 -0.767384951861E-05
            2686       23 -0.682905127850E-05
            2686       24 -0.609353473723E-05
            2686       25 -0.545260318647E-05
            2686       26 -0.489271543691E-05
            2686       27 -0.440241077916E-05
            2686       28 -0.397085072592E-05
            2686       29 -0.359074784810E-05
            2686       30 -0.325601296528E-05
            2686       31 -0.296040406571E-05
            2686       32 -0.269722658633E-05
            2686       33 -0.246253480347E-05
            2686       34 -0.225326518841E-05
            2686       35 -0.206626964225E-05
            2686       36 -0.189819415623E-05
            2686       37 -0.174694655438E-05
            2686       38 -0.161078113583E-05
            2686       39 -0.148790749223E-05
            2686       40 -0.137648852900E-05
            2686       41 -0.127534900592E-05
            2686       42 -0.118346531940E-05
            2686       43 -0.109981232746E-05
            2686       44 -0.102410843318E-05
            2686       45 -0.956394363093E-06
            2686       46 -0.893256013236E-06
            2686       47 -0.834365414748E-06
            2686       48 -0.780249863955E-06
            2686       49 -0.730485457706E-06
            2686       50 -0.684655356006E-06
            2686       51 -0.642389016450E-06
            2686       52 -0.603356351336E-06
            2686       53 -0.567262709675E-06
            2686       54 -0.533844555396E-06
            2686       55 -0.502865735054E-06
            2686       56 -0.474114246312E-06
            2686       57 -0.447399432886E-06
            2686       58 -0.422549543843E-06
            2686       59 -0.399409604972E-06
            2686       60 -0.377839558132E-06
            2686       61 -0.357712631352E-06
            2686       62 -0.338913908035E-06
            2686       63 -0.321339068441E-06
            2686       64 -0.304893280511E-06
            2686       65 -0.289490220477E-06
            2686       66 -0.275051206481E-06
            2686       67 -0.261504430803E-06
            2686       68 -0.248784278301E-06
            2686       69 -0.236830720386E-06
            2686       70 -0.225588775270E-06
            2686       71 -0.215008026499E-06
            2686       72 -0.205042192812E-06
            2686       73 -0.195648743296E-06
            2686       74 -0.186788552554E-06
            2686       75 -0.178425591313E-06
            2686       76 -0.170526648433E-06
            2686       77 -0.163061080805E-06
            2686       78 -0.156000588059E-06
            2686       79 -0.149319009346E-06
            2686       80 -0.142992139819E-06
            2686       81 -0.136997564709E-06
            2686       82 -0.131314509113E-06
            2686       83 -0.125923701884E-06
            2686       84 -0.120807252126E-06
            2686       85 -0.115948537032E-06
            2686       86 -0.111332099905E-06
            2688        1  0.248011419897E-03
            2688        2  0.103959906666E-03
            2688        3  0.462618231229E-04
            2688        4  0.229994556495E-04
            2688        5  0.135255250825E-04
            2688        6  0.950749860631E-05
            2688        7  0.773233002145E-05
            2688        8  0.682296148751E-05
            2688        9  0.617975969510E-05
            2688       10  0.556253549222E-05
            2688       11  0.494970823547E-05
            2688       12  0.437694795409E-05
            2688       13  0.386495195061E-05
            2688       14  0.341916213177E-05
            2688       15  0.303611492937E-05
            2688       16  0.270277488440E-05
            2688       17  0.240771842953E-05
            2688       18  0.214435818158E-05
            2688       19  0.191070634172E-05
            2688       20  0.170419373667E-05
            2688       21  0.152267303175E-05
            2688       22  0.136376735486E-05
            2688       23  0.122488502864E-05
            2688       24  0.110308663250E-05
            2688       25  0.996060459710E-06
            2688       26  0.901695755009E-06
            2688       27  0.818226521382E-06
            2688       28  0.743955315169E-06
            2688       29  0.677757342256E-06
            2688       30  0.618725947689E-06
            2688       31  0.565943818723E-06
            2688       32  0.518469745325E-06
            2688       33  0.475726267589E-06
            2688       34  0.437253653360E-06
            2688       35  0.402584793686E-06
            2688       36  0.371239953355E-06
            2688       37  0.342880309179E-06
            2688       38  0.317204441707E-06
            2688       39  0.293905755358E-06
            2688       40  0.272674530822E-06
            2688       41  0.253310106433E-06
            2688       42  0.235637231259E-06
            2688       43  0.219411205359E-06
            2688       44  0.204127717504E-06
            2688       45  0.190047912233E-06
            2688       46  0.177229193584E-06
            2688       47  0.165822906151E-06
            2688       48  0.155372036367E-06
            2688       49  0.145731026261E-06
            2688       50  0.136825749163E-06
            2688       51  0.128589875485E-06
            2688       52  0.120963948731E-06
            2688       53  0.113894583046E-06
            2688       54  0.107333764751E-06
            2688       55  0.101238243084E-06
            2688       56  0.955689976573E-07
            2688       57  0.902907720159E-07
            2688       58  0.853716643063E-07
            2688       59  0.807827673760E-07
            2688       60  0.764978517548E-07
            2688       61  0.724930859113E-07
            2688       62  0.687467889717E-07
            2688       63  0.652392117686E-07
            2688       64  0.619523426542E-07
            2688       65  0.588697350053E-07
            2688       66  0.559763537572E-07
            2688       67  0.532584386643E-07
            2688       68  0.507033822820E-07
            2688       69  0.482996209329E-07
            2688       70  0.460365371367E-07
            2688       71  0.439043721812E-07
            2688       72  0.418941476776E-07
            2688       73  0.399975950830E-07
            2688       74  0.382070923038E-07
            2688       75  0.365156065963E-07
            2688       76  0.349166430786E-07
            2688       77  0.334041982459E-07
            2688       78  0.319727179576E-07
            2688       79  0.306170594199E-07
            2688       80  0.293324567489E-07
            2688       81  0.281144897422E-07
            2688       82  0.269590555304E-07
            2688       83  0.258623428168E-07
            2688       84  0.248208084452E-07
            2688       85  0.238311560643E-07
            2688       86  0.228903166825E-07
            2690        1 -0.196005857519E-02
            2690        2 -0.115308042361E-02
            2690        3 -0.670604693693E-03
            2690        4 -0.380908995128E-03
            2690        5 -0.208635522544E-03
            2690        6 -0.108275321279E-03
            2690        7 -0.517205710501E-04
            2690        8 -0.213510785088E-04
            2690        9 -0.618867260161E-05
            2690       10  0.492808754946E-06
            2690       11  0.269969319903E-05
            2690       12  0.274757352272E-05
            2690       13  0.192069728941E-05
            2690       14  0.881284386735E-06
            2690       15 -0.628044247787E-07
            2690       16 -0.796856032218E-06
            2690       17 -0.130231914117E-05
            2690       18 -0.160638285635E-05
            2690       19 -0.175598330628E-05
            2690       20 -0.178707294906E-05
            2690       21 -0.174197777109E-05
            2690       22 -0.164897417466E-05
            2690       23 -0.152973197988E-05
            2690       24 -0.139906141686E-05
            2690       25 -0.126674678476E-05
            2690       26 -0.113912889990E-05
            2690       27 -0.101981983425E-05
            2690       28 -0.910659242080E-06
            2690       29 -0.811468444381E-06
            2690       30 -0.722195979084E-06
            2690       31 -0.642873973341E-06
            2690       32 -0.572927296009E-06
            2690       33 -0.511191895193E-06
            2690       34 -0.456770303672E-06
            2690       35 -0.408822806109E-06
            2690       36 -0.366498280856E-06
            2690       37 -0.329083940937E-06
            2690       38 -0.296018243987E-06
            2690       39 -0.266771800638E-06
            2690       40 -0.240828676915E-06
            2690       41 -0.217779238659E-06
            2690       42 -0.197281670466E-06
            2690       43 -0.178966090184E-06
            2690       44 -0.162311984728E-06
            2690       45 -0.148037754119E-06
            2690       46 -0.135466156754E-06
            2690       47 -0.123759795537E-06
            2690       48 -0.113226138582E-06
            2690       49 -0.103759415960E-06
            2690       50 -0.952347925363E-07
            2690       51 -0.875439378929E-07
            2690       52 -0.805926019980E-07
            2690       53 -0.742985812430E-07
            2690       54 -0.685900066813E-07
            2690       55 -0.634038990976E-07
            2690       56 -0.586849457695E-07
            2690       57 -0.543844619948E-07
            2690       58 -0.504595070791E-07
            2690       59 -0.468721298251E-07
            2690       60 -0.435887229126E-07
            2690       61 -0.405794690836E-07
            2690       62 -0.378178649443E-07
            2690       63 -0.352803105504E-07
            2690       64 -0.329457548919E-07
            2690       65 -0.307953889934E-07
            2690       66 -0.288123796707E-07
            2690       67 -0.269816380777E-07
            2690       68 -0.252896180985E-07
            2690       69 -0.237241403900E-07
            2690       70 -0.222742385218E-07
            2690       71 -0.209300241899E-07
            2690       72 -0.196825689288E-07
            2690       73 -0.185238001188E-07
            2690       74 -0.174464094081E-07
            2690       75 -0.164437719314E-07
            2690       76 -0.155098749396E-07
            2690       77 -0.146392546432E-07
            2690       78 -0.138269402386E-07
            2690       79 -0.130684042275E-07
            2690       80 -0.123595182555E-07
            2690       81 -0.116965138031E-07
            2690       82 -0.110759471450E-07
            2690       83 -0.104946680738E-07
            2690       84 -0.994979194571E-08
            2690       85 -0.943867466295E-08
            2690       86 -0.895889025689E-08
            2692        1  0.162064484953E-03
            2692        2  0.134918333942E-03
            2692        3  0.105681161282E-03
            2692        4  0.810461314023E-04
            2692        5  0.615980756633E-04
            2692        6  0.468714303587E-04
            2692        7  0.359325015916E-04
            2692        8  0.278844836478E-04
            2692        9  0.219557968821E-04
            2692       10  0.175613576008E-04
            2692       11  0.142612118686E-04
            2692       12  0.117398068257E-04
            2692       13  0.977422198758E-05
            2692       14  0.821012037180E-05
            2692       15  0.694270961039E-05
            2692       16  0.590226443856E-05
            2692       17  0.503874902001E-05
            2692       18  0.431883185482E-05
            2692       19  0.371572803187E-05
            2692       20  0.320734531607E-05
            2692       21  0.277844759597E-05
            2692       22  0.241487324415E-05
            2692       23  0.210543583244E-05
            2692       24  0.184071666589E-05
            2692       25  0.161383374709E-05
            2692       26  0.141876445848E-05
            2692       27  0.125051958444E-05
            2692       28  0.110494635048E-05
            2692       29  0.979034324635E-06
            2692       30  0.870055431043E-06
            2692       31  0.775317448270E-06
            2692       32  0.692514867102E-06
            2692       33  0.620086519220E-06
            2692       34  0.556671040982E-06
            2692       35  0.500925009266E-06
            2692       36  0.451685235738E-06
            2692       37  0.408161165474E-06
            2692       38  0.369654282497E-06
            2692       39  0.335475374294E-06
            2692       40  0.305017378222E-06
            2692       41  0.277836787478E-06
            2692       42  0.253527158000E-06
            2692       43  0.231713818541E-06
            2692       44  0.212584860811E-06
            2692       45  0.195895319246E-06
            2692       46  0.180151739379E-06
            2692       47  0.165541382792E-06
            2692       48  0.152312453950E-06
            2692       49  0.140334011480E-06
            2692       50  0.129470082872E-06
            2692       51  0.119601360399E-06
            2692       52  0.110622934425E-06
            2692       53  0.102442364723E-06
            2692       54  0.949780350921E-07
            2692       55  0.881577460823E-07
            2692       56  0.819175084152E-07
            2692       57  0.762005060073E-07
            2692       58  0.709562027013E-07
            2692       59  0.661395710671E-07
            2692       60  0.617104251472E-07
            2692       61  0.576328419187E-07
            2692       62  0.538746586541E-07
            2692       63  0.504070353551E-07
            2692       64  0.472040730993E-07
            2692       65  0.442424805335E-07
            2692       66  0.415012819077E-07
            2692       67  0.389615610203E-07
            2692       68  0.366062362731E-07
            2692       69  0.344198627223E-07
            2692       70  0.323884576000E-07
            2692       71  0.304993462798E-07
            2692       72  0.287410260800E-07
            2692       73  0.271030456523E-07
            2692       74  0.255758980215E-07
            2692       75  0.241509255862E-07
            2692       76  0.228202356314E-07
            2692       77  0.215766250824E-07
            2692       78  0.204135134005E-07
            2692       79  0.193248826614E-07
            2692       80  0.183052239783E-07
            2692       81  0.173494895384E-07
            2692       82  0.164530496123E-07
            2692       83  0.156116539740E-07
            2692       84  0.148213972386E-07
            2692       85  0.140786876852E-07
            2692       86  0.133802191816E-07
            2694        1  0.648383160680E-01
            2694        2  0.421929673809E-01
            2694        3  0.271045707284E-01
            2694        4  0.171321958294E-01
            2694        5  0.106087349436E-01
            2694        6  0.639340364922E-02
            2694        7  0.370937307412E-02
            2694        8  0.203051500307E-02
            2694        9  0.100349890217E-02
            2694       10  0.393384097071E-03
            2694       11  0.456852863682E-04
            2694       12 -0.139946933477E-03
            2694       13 -0.227859132808E-03
            2694       14 -0.258718677208E-03
            2694       15 -0.257802154505E-03
            2694       16 -0.240490415076E-03
            2694       17 -0.215968538168E-03
            2694       18 -0.189432950756E-03
            2694       19 -0.163539775066E-03
            2694       20 -0.139915436847E-03
            2694       21 -0.119005225005E-03
            2694       22 -0.100903564754E-03
            2694       23 -0.854402398737E-04
            2694       24 -0.723634194406E-04
            2694       25 -0.613663968162E-04
            2694       26 -0.521428384209E-04
            2694       27 -0.444068715696E-04
            2694       28 -0.379133185555E-04
            2694       29 -0.324803942938E-04
            2694       30 -0.279349958978E-04
            2694       31 -0.241055095891E-04
            2694       32 -0.208564259136E-04
            2694       33 -0.181043221806E-04
            2694       34 -0.157718975894E-04
            2694       35 -0.137827015184E-04
            2694       36 -0.120766923914E-04
            2694       37 -0.106147356291E-04
            2694       38 -0.935985717247E-05
            2694       39 -0.827559211600E-05
            2694       40 -0.733381264563E-05
            2694       41 -0.651594675935E-05
            2694       42 -0.580428424091E-05
            2694       43 -0.518115321745E-05
            2694       44 -0.463164468513E-05
            2694       45 -0.415363617225E-05
            2694       46 -0.373407185265E-05
            2694       47 -0.336054414402E-05
            2694       48 -0.302955628439E-05
            2694       49 -0.273582485406E-05
            2694       50 -0.247464912242E-05
            2694       51 -0.224198343392E-05
            2694       52 -0.203433754706E-05
            2694       53 -0.184869337114E-05
            2694       54 -0.168243520548E-05
            2694       55 -0.153329113065E-05
            2694       56 -0.139928363795E-05
            2694       57 -0.127868793322E-05
            2694       58 -0.116999663393E-05
            2694       59 -0.107188980645E-05
            2694       60 -0.983209475523E-06
            2694       61 -0.902937888679E-06
            2694       62 -0.830178941048E-06
            2694       63 -0.764142266563E-06
            2694       64 -0.704129584076E-06
            2694       65 -0.649522954623E-06
            2694       66 -0.599774662171E-06
            2694       67 -0.554398476414E-06
            2694       68 -0.512962094478E-06
            2694       69 -0.475080590464E-06
            2694       70 -0.440410728116E-06
            2694       71 -0.408646014252E-06
            2694       72 -0.379512389097E-06
            2694       73 -0.352764465204E-06
            2694       74 -0.328182239777E-06
            2694       75 -0.305568216241E-06
            2694       76 -0.284744880183E-06
            2694       77 -0.265552482654E-06
            2694       78 -0.247847090538E-06
            2694       79 -0.231498869294E-06
            2694       80 -0.216390568242E-06
            2694       81 -0.202416182642E-06
            2694       82 -0.189479770326E-06
            2694       83 -0.177494403634E-06
            2694       84 -0.166381239986E-06
            2694       85 -0.156068696600E-06
            2694       86 -0.146491716778E-06
            2695        1 -0.192045960230E-04
            2695        2 -0.337348951351E-05
            2695        3  0.103547506111E-05
            2695        4  0.101740885286E-05
            2695        5 -0.941715158089E-07
            2695        6 -0.100865719953E-05
            2695        7 -0.139238169489E-05
            2695        8 -0.139085136693E-05
            2695        9 -0.121427000783E-05
            2695       10 -0.998498210635E-06
            2695       11 -0.784241008657E-06
            2695       12 -0.589154865723E-06
            2695       13 -0.418132960180E-06
            2695       14 -0.277140091816E-06
            2695       15 -0.170057117581E-06
            2695       16 -0.960708288452E-07
            2695       17 -0.478883666540E-07
            2695       18 -0.173290222363E-07
            2695       19  0.207994604862E-08
            2695       20  0.147386238972E-07
            2695       21  0.224583162698E-07
            2695       22  0.264508037478E-07
            2695       23  0.275478387262E-07
            2695       24  0.264891628707E-07
            2695       25  0.241639847433E-07
            2695       26  0.212692789338E-07
            2695       27  0.181999117118E-07
            2695       28  0.152884235206E-07
            2695       29  0.126487128891E-07
            2695       30  0.103533174814E-07
            2695       31  0.847671198547E-08
            2695       32  0.708882385378E-08
            2695       33  0.609698861626E-08
            2695       34  0.537443118677E-08
            2695       35  0.479859471380E-08
            2695       36  0.430437496488E-08
            2695       37  0.387113111872E-08
            2695       38  0.348452545974E-08
            2695       39  0.313104306555E-08
            2695       40  0.280706955983E-08
            2695       41  0.251131901589E-08
            2695       42  0.224325496431E-08
            2695       43  0.200575146428E-08
            2695       44  0.156878267696E-08
            2695       45  0.501753095064E-09
            2695       46  0.152426647630E-10
            2695       47  0.166981322556E-12
            2695       48  0.149231489720E-12
            2695       49  0.133696148270E-12
            2695       50  0.120059107164E-12
            2695       51  0.108054790651E-12
            2695       52  0.974592864443E-13
            2695       53  0.880831467014E-13
            2695       54  0.797655513100E-13
            2695       55  0.723694971886E-13
            2695       56  0.657779276533E-13
            2695       57  0.598905040479E-13
            2695       58  0.546209698453E-13
            2695       59  0.498949576564E-13
            2695       60  0.456481808088E-13
            2695       61  0.418249170642E-13
            2695       62  0.383767365697E-13
            2695       63  0.352614457602E-13
            2695       64  0.324422066253E-13
            2695       65  0.298867691607E-13
            2695       66  0.275668405401E-13
            2695       67  0.254575492429E-13
            2695       68  0.235369823989E-13
            2695       69  0.217857979138E-13
            2695       70  0.201868860577E-13
            2695       71  0.187250817912E-13
            2695       72  0.173869257678E-13
            2695       73  0.161604458173E-13
            2695       74  0.150349732613E-13
            2695       75  0.140009918416E-13
            2695       76  0.130499901986E-13
            2695       77  0.121743529618E-13
            2695       78  0.113672482582E-13
            2695       79  0.106225436835E-13
            2695       80  0.993472387479E-14
            2695       81  0.929882268390E-14
            2695       82  0.871036139715E-14
            2695       83  0.816529438172E-14
            2695       84  0.765996751687E-14
            2695       85  0.719107146461E-14
            2695       86  0.675560536907E-14
            2696        1  0.141819832874E-04
            2696        2  0.767092425124E-05
            2696        3  0.419235285858E-05
            2696        4  0.242026547238E-05
            2696        5  0.131191884255E-05
            2696        6  0.694378828578E-06
            2696        7  0.385262448476E-06
            2696        8  0.238520747761E-06
            2696        9  0.168814873901E-06
            2696       10  0.146546626845E-06
            2696       11  0.135306819556E-06
            2696       12  0.124933007025E-06
            2696       13  0.113282724999E-06
            2696       14  0.102297392023E-06
            2696       15  0.942702801085E-07
            2696       16  0.893436802848E-07
            2696       17  0.867632239363E-07
            2696       18  0.844027237402E-07
            2696       19  0.813073689797E-07
            2696       20  0.757077056390E-07
            2696       21  0.671078236413E-07
            2696       22  0.561239358174E-07
            2696       23  0.445977109923E-07
            2696       24  0.339958602310E-07
            2696       25  0.249779139363E-07
            2696       26  0.177603377798E-07
            2696       27  0.122571879040E-07
            2696       28  0.819850181415E-08
            2696       29  0.527454652710E-08
            2696       30  0.320173198232E-08
            2696       31  0.169633470030E-08
            2696       32  0.518714518882E-09
            2696       33 -0.408415380406E-09
            2696       34 -0.112951233534E-08
            2696       35 -0.168522147913E-08
            2696       36 -0.208615387461E-08
            2696       37 -0.234535718411E-08
            2696       38 -0.248212465395E-08
            2696       39 -0.251524555705E-08
            2696       40 -0.246161163766E-08
            2696       41 -0.234051524693E-08
            2696       42 -0.217245880969E-08
            2696       43 -0.197766948136E-08
            2696       44 -0.156417694685E-08
            2696       45 -0.525920663002E-09
            2696       46 -0.185047895880E-10
            2696       47  0.410825395923E-15
            2696       48  0.392728407531E-15
            2696       49  0.372582617254E-15
            2696       50  0.351403257396E-15
            2696       51  0.329910851040E-15
            2696       52  0.308629029308E-15
            2696       53  0.287905832470E-15
            2696       54  0.267981664241E-15
            2696       55  0.249004684113E-15
            2696       56  0.231062912856E-15
            2696       57  0.214193726234E-15
            2696       58  0.198405075045E-15
            2696       59  0.183680568089E-15
            2696       60  0.169986294835E-15
            2696       61  0.157279407889E-15
            2696       62  0.145508565073E-15
            2696       63  0.134620790305E-15
            2696       64  0.124559867753E-15
            2696       65  0.115271786586E-15
            2696       66  0.106702397704E-15
            2696       67  0.987988616420E-16
            2696       68  0.915118361221E-16
            2696       69  0.847948026981E-16
            2696       70  0.786030036056E-16
            2696       71  0.728952529788E-16
            2696       72  0.676333439073E-16
            2696       73  0.627812183259E-16
            2696       74  0.583062893415E-16
            2696       75  0.541779589720E-16
            2696       76  0.503678065360E-16
            2696       77  0.468505201378E-16
            2696       78  0.436021749543E-16
            2696       79  0.406006913032E-16
            2696       80  0.378262565916E-16
            2696       81  0.352606227928E-16
            2696       82  0.328871000515E-16
            2696       83  0.306897505360E-16
            2696       84  0.286549952108E-16
            2696       85  0.267695297661E-16
            2696       86  0.250216536199E-16
            2697        1 -0.239349924214E-03
            2697        2 -0.142789813795E-03
            2697        3 -0.907213791777E-04
            2697        4 -0.603016266288E-04
            2697        5 -0.406103647721E-04
            2697        6 -0.269895929053E-04
            2697        7 -0.173871759457E-04
            2697        8 -0.107269069683E-04
            2697        9 -0.625298335641E-05
            2697       10 -0.336215075175E-05
            2697       11 -0.157138917658E-05
            2697       12 -0.516769044100E-06
            2697       13  0.648630924478E-07
            2697       14  0.358149708608E-06
            2697       15  0.483234697021E-06
            2697       16  0.513736558580E-06
            2697       17  0.493627103106E-06
            2697       18  0.449187872735E-06
            2697       19  0.392877915623E-06
            2697       20  0.335402654689E-06
            2697       21  0.281390915326E-06
            2697       22  0.234261193891E-06
            2697       23  0.194374757911E-06
            2697       24  0.161697448107E-06
            2697       25  0.135662568809E-06
            2697       26  0.115197000398E-06
            2697       27  0.990050337916E-07
            2697       28  0.859760658655E-07
            2697       29  0.755159954168E-07
            2697       30  0.670362073868E-07
            2697       31  0.599466884286E-07
            2697       32  0.537952090603E-07
            2697       33  0.484482882737E-07
            2697       34  0.437661419104E-07
            2697       35  0.396114035434E-07
            2697       36  0.359038558555E-07
            2697       37  0.326061778711E-07
            2697       38  0.296595369738E-07
            2697       39  0.270053288702E-07
            2697       40  0.246040825292E-07
            2697       41  0.224410832826E-07
            2697       42  0.204947230769E-07
            2697       43  0.187566430134E-07
            2697       44  0.174277328782E-07
            2697       45  0.163116748274E-07
            2697       46  0.150104537669E-07
            2697       47  0.137971373528E-07
            2697       48  0.127011318002E-07
            2697       49  0.117079606032E-07
            2697       50  0.108065419681E-07
            2697       51  0.998713796728E-08
            2697       52  0.924117397972E-08
            2697       53  0.856108468341E-08
            2697       54  0.794018236770E-08
            2697       55  0.737254405936E-08
            2697       56  0.685291454807E-08
            2697       57  0.637662288269E-08
            2697       58  0.593951030858E-08
            2697       59  0.553786794532E-08
            2697       60  0.516838277648E-08
            2697       61  0.482809074780E-08
            2697       62  0.451433595876E-08
            2697       63  0.422473508772E-08
            2697       64  0.395714632188E-08
            2697       65  0.370964217255E-08
            2697       66  0.348048564807E-08
            2697       67  0.326810933348E-08
            2697       68  0.307109699215E-08
            2697       69  0.288816735852E-08
            2697       70  0.271815983851E-08
            2697       71  0.256002187350E-08
            2697       72  0.241279775762E-08
            2697       73  0.227561872607E-08
            2697       74  0.214769415821E-08
            2697       75  0.202830375809E-08
            2697       76  0.191679059510E-08
            2697       77  0.181255490130E-08
            2697       78  0.171504853609E-08
            2697       79  0.162377004014E-08
            2697       80  0.153826021017E-08
            2697       81  0.145809813498E-08
            2697       82  0.138289764039E-08
            2697       83  0.131230409712E-08
            2697       84  0.124599155129E-08
            2697       85  0.118366014203E-08
            2697       86  0.112503377498E-08
            2698        1 -0.644787853764E-04
            2698        2 -0.318494481476E-04
            2698        3 -0.171656274370E-04
            2698        4 -0.103128538023E-04
            2698        5 -0.704745857053E-05
            2698        6 -0.524255783789E-05
            2698        7 -0.393410177332E-05
            2698        8 -0.289830212203E-05
            2698        9 -0.212146007785E-05
            2698       10 -0.157342890212E-05
            2698       11 -0.117337039728E-05
            2698       12 -0.862522484947E-06
            2698       13 -0.609813624681E-06
            2698       14 -0.408214772387E-06
            2698       15 -0.258412578423E-06
            2698       16 -0.157308306972E-06
            2698       17 -0.942848819031E-07
            2698       18 -0.559020010999E-07
            2698       19 -0.312170430377E-07
            2698       20 -0.132062916635E-07
            2698       21 -0.427563275935E-09
            2698       22  0.798156105569E-08
            2698       23  0.129993145921E-07
            2698       24  0.152878354697E-07
            2698       25  0.154767524423E-07
            2698       26  0.142582372721E-07
            2698       27  0.123689871869E-07
            2698       28  0.103357204060E-07
            2698       29  0.834297434427E-08
            2698       30  0.655617799715E-08
            2698       31  0.513443478081E-08
            2698       32  0.414779094677E-08
            2698       33  0.349921117388E-08
            2698       34  0.307969484881E-08
            2698       35  0.278166248545E-08
            2698       36  0.252827069063E-08
            2698       37  0.229678982062E-08
            2698       38  0.208028200588E-08
            2698       39  0.187143863152E-08
            2698       40  0.166361551702E-08
            2698       41  0.146048651340E-08
            2698       42  0.127062519947E-08
            2698       43  0.110007864655E-08
            2698       44  0.834800351160E-09
            2698       45  0.276846502311E-09
            2698       46  0.962090169462E-11
            2698       47 -0.516843011531E-12
            2698       48 -0.470373876954E-12
            2698       49 -0.428605387553E-12
            2698       50 -0.391017364886E-12
            2698       51 -0.357150870289E-12
            2698       52 -0.326600795603E-12
            2698       53 -0.299009327251E-12
            2698       54 -0.274060177427E-12
            2698       55 -0.251473554903E-12
            2698       56 -0.231001700078E-12
            2698       57 -0.212425028862E-12
            2698       58 -0.195548721718E-12
            2698       59 -0.180199751385E-12
            2698       60 -0.166224281799E-12
            2698       61 -0.153485385644E-12
            2698       62 -0.141861064462E-12
            2698       63 -0.131242482452E-12
            2698       64 -0.121532452693E-12
            2698       65 -0.112644078655E-12
            2698       66 -0.104499599194E-12
            2698       67 -0.970293281261E-13
            2698       68 -0.901707627266E-13
            2698       69 -0.838677733319E-13
            2698       70 -0.780699036757E-13
            2698       71 -0.727317457097E-13
            2698       72 -0.678123921173E-13
            2698       73 -0.632749508410E-13
            2698       74 -0.590861195921E-13
            2698       75 -0.552157980211E-13
            2698       76 -0.516367626764E-13
            2698       77 -0.483243594512E-13
            2698       78 -0.452562415726E-13
            2698       79 -0.424121358689E-13
            2698       80 -0.397736308524E-13
            2698       81 -0.373239888326E-13
            2698       82 -0.350479830164E-13
            2698       83 -0.329317472181E-13
            2698       84 -0.309626415112E-13
            2698       85 -0.291291336818E-13
            2698       86 -0.274206954267E-13
