            3498        1  0.192130079351E-02
            3498        2  0.990084858635E-03
            3498        3  0.538862886927E-03
            3498        4  0.308226713161E-03
            3498        5  0.183657559756E-03
            3498        6  0.112782389319E-03
            3498        7  0.707907669305E-04
            3498        8  0.451283352149E-04
            3498        9  0.290968165482E-04
            3498       10  0.189447922281E-04
            3498       11  0.124778094990E-04
            3498       12  0.835014576469E-05
            3498       13  0.570480039450E-05
            3498       14  0.399842919711E-05
            3498       15  0.288405014685E-05
            3498       16  0.214020383072E-05
            3498       17  0.162863605119E-05
            3498       18  0.126745449240E-05
            3498       19  0.100951678497E-05
            3498       20  0.817866949878E-06
            3498       21  0.674992826621E-06
            3498       22  0.565979448294E-06
            3498       23  0.480924772179E-06
            3498       24  0.412164775756E-06
            3498       25  0.355752800214E-06
            3498       26  0.308578044073E-06
            3498       27  0.268542220109E-06
            3498       28  0.234346889770E-06
            3498       29  0.205225673667E-06
            3498       30  0.180242421688E-06
            3498       31  0.158486498617E-06
            3498       32  0.139598584481E-06
            3498       33  0.123291064651E-06
            3498       34  0.109161104252E-06
            3498       35  0.968193841931E-07
            3498       36  0.860798269229E-07
            3498       37  0.767387495496E-07
            3498       38  0.685535063522E-07
            3498       39  0.612933535960E-07
            3498       40  0.548713566029E-07
            3498       41  0.492036165649E-07
            3498       42  0.441857176526E-07
            3498       43  0.396585979057E-07
            3498       44  0.342087695761E-07
            3498       45  0.294048487619E-07
            3498       46  0.270726292813E-07
            3498       47  0.246152311847E-07
            3498       48  0.223454923879E-07
            3498       49  0.203170590337E-07
            3498       50  0.185009761826E-07
            3498       51  0.168721475660E-07
            3498       52  0.154087716485E-07
            3498       53  0.140918671643E-07
            3498       54  0.129048728452E-07
            3498       55  0.118333088472E-07
            3498       56  0.108644896319E-07
            3498       57  0.998727987931E-08
            3498       58  0.919188648286E-08
            3498       59  0.846968087870E-08
            3498       60  0.781304694138E-08
            3498       61  0.721525047913E-08
            3498       62  0.667032702280E-08
            3498       63  0.617298514208E-08
            3498       64  0.571852297231E-08
            3498       65  0.530275600440E-08
            3498       66  0.492195449821E-08
            3498       67  0.457278913601E-08
            3498       68  0.425228374447E-08
            3498       69  0.395777409349E-08
            3498       70  0.368687192846E-08
            3498       71  0.343743351817E-08
            3498       72  0.320753210644E-08
            3498       73  0.299543374407E-08
            3498       74  0.279957605315E-08
            3498       75  0.261854953947E-08
            3498       76  0.245108112268E-08
            3498       77  0.229601959987E-08
            3498       78  0.215232279722E-08
            3498       79  0.201904619808E-08
            3498       80  0.189533286386E-08
            3498       81  0.178040448907E-08
            3498       82  0.167355345241E-08
            3498       83  0.157413574408E-08
            3498       84  0.148156466488E-08
            3498       85  0.139530520590E-08
            3498       86  0.131486902949E-08
            3500        1 -0.726631285787E-02
            3500        2 -0.438899523285E-02
            3500        3 -0.273626792632E-02
            3500        4 -0.173652605048E-02
            3500        5 -0.111088193531E-02
            3500        6 -0.710722182590E-03
            3500        7 -0.452352102675E-03
            3500        8 -0.285252610376E-03
            3500        9 -0.177624656377E-03
            3500       10 -0.108843860973E-03
            3500       11 -0.653449820301E-04
            3500       12 -0.381811636771E-04
            3500       13 -0.214699728174E-04
            3500       14 -0.113826456890E-04
            3500       15 -0.544285074738E-05
            3500       16 -0.206273227151E-05
            3500       17 -0.224651908016E-06
            3500       18  0.699252193843E-06
            3500       19  0.107942421178E-05
            3500       20  0.117961440601E-05
            3500       21  0.112523658783E-05
            3500       22  0.100261196421E-05
            3500       23  0.854705400010E-06
            3500       24  0.709855578703E-06
            3500       25  0.577725145751E-06
            3500       26  0.463647993889E-06
            3500       27  0.367569473562E-06
            3500       28  0.288769400624E-06
            3500       29  0.224951826760E-06
            3500       30  0.173792091014E-06
            3500       31  0.132956836065E-06
            3500       32  0.100564426800E-06
            3500       33  0.751301219135E-07
            3500       34  0.554209589277E-07
            3500       35  0.401770472220E-07
            3500       36  0.282540854907E-07
            3500       37  0.190024712450E-07
            3500       38  0.119429805724E-07
            3500       39  0.657830619204E-08
            3500       40  0.242933635353E-08
            3500       41 -0.744485185888E-09
            3500       42 -0.310341382271E-08
            3500       43 -0.477582482618E-08
            3500       44 -0.524864301859E-08
            3500       45 -0.494310025188E-08
            3500       46 -0.538484055304E-08
            3500       47 -0.602044923389E-08
            3500       48 -0.647718177996E-08
            3500       49 -0.676954602061E-08
            3500       50 -0.693205847393E-08
            3500       51 -0.699255565196E-08
            3500       52 -0.697348879985E-08
            3500       53 -0.689296060123E-08
            3500       54 -0.676555722983E-08
            3500       55 -0.660301763703E-08
            3500       56 -0.641477303479E-08
            3500       57 -0.620838259496E-08
            3500       58 -0.598988596554E-08
            3500       59 -0.576408895923E-08
            3500       60 -0.553479543580E-08
            3500       61 -0.530499576798E-08
            3500       62 -0.507702020934E-08
            3500       63 -0.485266383048E-08
            3500       64 -0.463328838660E-08
            3500       65 -0.441990543494E-08
            3500       66 -0.421324418941E-08
            3500       67 -0.401380693383E-08
            3500       68 -0.382191427909E-08
            3500       69 -0.363774212153E-08
            3500       70 -0.346135181219E-08
            3500       71 -0.329271476686E-08
            3500       72 -0.313173252076E-08
            3500       73 -0.297825304786E-08
            3500       74 -0.283208401600E-08
            3500       75 -0.269300352714E-08
            3500       76 -0.256076879384E-08
            3500       77 -0.243512312210E-08
            3500       78 -0.231580150431E-08
            3500       79 -0.220253507286E-08
            3500       80 -0.209505462010E-08
            3500       81 -0.199309335408E-08
            3500       82 -0.189638902978E-08
            3500       83 -0.180468557097E-08
            3500       84 -0.171773427748E-08
            3500       85 -0.163529469602E-08
            3500       86 -0.155713521909E-08
            3502        1  0.882391359546E-03
            3502        2  0.522192899370E-03
            3502        3  0.305609858587E-03
            3502        4  0.175662931091E-03
            3502        5  0.976339590858E-04
            3502        6  0.513043776021E-04
            3502        7  0.243986598213E-04
            3502        8  0.938586315791E-05
            3502        9  0.153512106678E-05
            3502       10 -0.215215480818E-05
            3502       11 -0.354080656596E-05
            3502       12 -0.374879441301E-05
            3502       13 -0.340699378301E-05
            3502       14 -0.285929822540E-05
            3502       15 -0.228382271978E-05
            3502       16 -0.176540543539E-05
            3502       17 -0.133133902220E-05
            3502       18 -0.992414014747E-06
            3502       19 -0.730119410789E-06
            3502       20 -0.533147262050E-06
            3502       21 -0.388270179611E-06
            3502       22 -0.282294983108E-06
            3502       23 -0.205540608954E-06
            3502       24 -0.149872703659E-06
            3502       25 -0.109902783808E-06
            3502       26 -0.808726221799E-07
            3502       27 -0.597697381388E-07
            3502       28 -0.440933520499E-07
            3502       29 -0.327877687675E-07
            3502       30 -0.248474499770E-07
            3502       31 -0.192341609582E-07
            3502       32 -0.149967719917E-07
            3502       33 -0.118432690409E-07
            3502       34 -0.956351821980E-08
            3502       35 -0.793748576023E-08
            3502       36 -0.669467316021E-08
            3502       37 -0.573399328220E-08
            3502       38 -0.500160676370E-08
            3502       39 -0.443635209174E-08
            3502       40 -0.394330065133E-08
            3502       41 -0.350639845829E-08
            3502       42 -0.312978015333E-08
            3502       43 -0.285102907710E-08
            3502       44 -0.262846722670E-08
            3502       45 -0.175496959355E-08
            3502       46 -0.140031653269E-08
            3502       47 -0.124912052106E-08
            3502       48 -0.108517156628E-08
            3502       49 -0.944910198142E-09
            3502       50 -0.824610154061E-09
            3502       51 -0.721177711518E-09
            3502       52 -0.632036674225E-09
            3502       53 -0.555035619781E-09
            3502       54 -0.488372846415E-09
            3502       55 -0.430535441956E-09
            3502       56 -0.380249660237E-09
            3502       57 -0.336440381703E-09
            3502       58 -0.298197896012E-09
            3502       59 -0.264750604959E-09
            3502       60 -0.235442527220E-09
            3502       61 -0.209714709259E-09
            3502       62 -0.187089823233E-09
            3502       63 -0.167159372294E-09
            3502       64 -0.149573035119E-09
            3502       65 -0.134029770191E-09
            3502       66 -0.120270371430E-09
            3502       67 -0.108071223901E-09
            3502       68 -0.972390542571E-10
            3502       69 -0.876065076818E-10
            3502       70 -0.790284131933E-10
            3502       71 -0.713786235408E-10
            3502       72 -0.645473358247E-10
            3502       73 -0.584388151488E-10
            3502       74 -0.529694569234E-10
            3502       75 -0.480661342853E-10
            3502       76 -0.436647860593E-10
            3502       77 -0.397092080573E-10
            3502       78 -0.361500165997E-10
            3502       79 -0.329437581662E-10
            3502       80 -0.300521432877E-10
            3502       81 -0.274413862341E-10
            3502       82 -0.250816349821E-10
            3502       83 -0.229464783157E-10
            3502       84 -0.210125189814E-10
            3502       85 -0.192590034689E-10
            3502       86 -0.176675004305E-10
            3504        1 -0.408677145898E-03
            3504        2 -0.216056499926E-03
            3504        3 -0.121326604393E-03
            3504        4 -0.721914134199E-04
            3504        5 -0.452166525238E-04
            3504        6 -0.294388358250E-04
            3504        7 -0.197690238527E-04
            3504        8 -0.136330900440E-04
            3504        9 -0.960195713618E-05
            3504       10 -0.686790248241E-05
            3504       11 -0.498241305057E-05
            3504       12 -0.366537609332E-05
            3504       13 -0.272973393572E-05
            3504       14 -0.205854652275E-05
            3504       15 -0.157337448185E-05
            3504       16 -0.121744589766E-05
            3504       17 -0.950743473606E-06
            3504       18 -0.748046099257E-06
            3504       19 -0.593070652579E-06
            3504       20 -0.474022170279E-06
            3504       21 -0.382541893859E-06
            3504       22 -0.311904873010E-06
            3504       23 -0.256887556459E-06
            3504       24 -0.213508764078E-06
            3504       25 -0.178977802780E-06
            3504       26 -0.151079701833E-06
            3504       27 -0.128278475314E-06
            3504       28 -0.109411918822E-06
            3504       29 -0.937781187381E-07
            3504       30 -0.807614996337E-07
            3504       31 -0.697564495310E-07
            3504       32 -0.602934923491E-07
            3504       33 -0.521545276056E-07
            3504       34 -0.451701160538E-07
            3504       35 -0.391758222553E-07
            3504       36 -0.340293781660E-07
            3504       37 -0.296061190754E-07
            3504       38 -0.257874349017E-07
            3504       39 -0.224582887786E-07
            3504       40 -0.195369809907E-07
            3504       41 -0.169976378560E-07
            3504       42 -0.148242031820E-07
            3504       43 -0.130198339807E-07
            3504       44 -0.101973200744E-07
            3504       45 -0.322264315662E-08
            3504       46  0.321216885759E-09
            3504       47  0.422372051448E-09
            3504       48  0.376972304542E-09
            3504       49  0.337077190765E-09
            3504       50  0.301945831932E-09
            3504       51  0.270946657284E-09
            3504       52  0.243539902959E-09
            3504       53  0.219263126920E-09
            3504       54  0.197719183995E-09
            3504       55  0.178566214433E-09
            3504       56  0.161509285381E-09
            3504       57  0.146293393523E-09
            3504       58  0.132697591722E-09
            3504       59  0.120530046533E-09
            3504       60  0.109623868717E-09
            3504       61  0.998335873681E-10
            3504       62  0.910321613182E-10
            3504       63  0.831084401667E-10
            3504       64  0.759650025048E-10
            3504       65  0.695163113280E-10
            3504       66  0.636871367948E-10
            3504       67  0.584112048127E-10
            3504       68  0.536300368199E-10
            3504       69  0.492919517750E-10
            3504       70  0.453512060503E-10
            3504       71  0.417672508056E-10
            3504       72  0.385040896429E-10
            3504       73  0.355297220238E-10
            3504       74  0.328156601684E-10
            3504       75  0.303365090394E-10
            3504       76  0.280696005688E-10
            3504       77  0.259946746209E-10
            3504       78  0.240936002777E-10
            3504       79  0.223501319862E-10
            3504       80  0.207496958843E-10
            3504       81  0.192792022997E-10
            3504       82  0.179268809795E-10
            3504       83  0.166821360954E-10
            3504       84  0.155354184728E-10
            3504       85  0.144781128518E-10
            3504       86  0.135024382784E-10
            3506        1  0.189241358795E-02
            3506        2  0.117226586793E-02
            3506        3  0.766367110660E-03
            3506        4  0.522582518773E-03
            3506        5  0.368402287783E-03
            3506        6  0.266465638655E-03
            3506        7  0.196929835243E-03
            3506        8  0.148343799709E-03
            3506        9  0.113688014655E-03
            3506       10  0.885095511072E-04
            3506       11  0.699073642275E-04
            3506       12  0.559412460230E-04
            3506       13  0.452887734474E-04
            3506       14  0.370472379871E-04
            3506       15  0.305880152802E-04
            3506       16  0.254642294088E-04
            3506       17  0.213526060426E-04
            3506       18  0.180214546277E-04
            3506       19  0.153050918525E-04
            3506       20  0.130687373934E-04
            3506       21  0.112183706113E-04
            3506       22  0.967606860732E-05
            3506       23  0.838394026922E-05
            3506       24  0.729390588326E-05
            3506       25  0.637065776689E-05
            3506       26  0.558420805522E-05
            3506       27  0.491101619714E-05
            3506       28  0.433174500897E-05
            3506       29  0.383332123360E-05
            3506       30  0.340368576829E-05
            3506       31  0.303086707946E-05
            3506       32  0.270498958547E-05
            3506       33  0.242008291112E-05
            3506       34  0.217076568132E-05
            3506       35  0.195169519998E-05
            3506       36  0.175835107838E-05
            3506       37  0.158765019815E-05
            3506       38  0.143670983042E-05
            3506       39  0.130266987951E-05
            3506       40  0.118315174942E-05
            3506       41  0.107655581543E-05
            3506       42  0.981378452874E-06
            3506       43  0.896087810778E-06
            3506       44  0.817595523721E-06
            3506       45  0.743340097043E-06
            3506       46  0.679599099777E-06
            3506       47  0.624597234496E-06
            3506       48  0.574947143753E-06
            3506       49  0.529959743903E-06
            3506       50  0.489131987323E-06
            3506       51  0.452021917756E-06
            3506       52  0.418240447761E-06
            3506       53  0.387444347830E-06
            3506       54  0.359330253634E-06
            3506       55  0.333629531054E-06
            3506       56  0.310103865825E-06
            3506       57  0.288541466885E-06
            3506       58  0.268753790758E-06
            3506       59  0.250572709375E-06
            3506       60  0.233848056191E-06
            3506       61  0.218445495717E-06
            3506       62  0.204244670216E-06
            3506       63  0.191137584381E-06
            3506       64  0.179027194814E-06
            3506       65  0.167826176100E-06
            3506       66  0.157455839455E-06
            3506       67  0.147845183435E-06
            3506       68  0.138930059203E-06
            3506       69  0.130652435306E-06
            3506       70  0.122959749063E-06
            3506       71  0.115804333498E-06
            3506       72  0.109142910222E-06
            3506       73  0.102936140017E-06
            3506       74  0.971482239976E-07
            3506       75  0.917465491289E-07
            3506       76  0.867013727625E-07
            3506       77  0.819855414977E-07
            3506       78  0.775742403127E-07
            3506       79  0.734447684171E-07
            3506       80  0.695763387266E-07
            3506       81  0.659498982508E-07
            3506       82  0.625479670197E-07
            3506       83  0.593544934638E-07
            3506       84  0.563547244214E-07
            3506       85  0.535350881566E-07
            3506       86  0.508830889751E-07
            3508        1 -0.903004608573E-02
            3508        2 -0.533149168674E-02
            3508        3 -0.315459637668E-02
            3508        4 -0.185310811387E-02
            3508        5 -0.107266231248E-02
            3508        6 -0.607847849188E-03
            3508        7 -0.335781537858E-03
            3508        8 -0.180702967924E-03
            3508        9 -0.954477844460E-04
            3508       10 -0.507519406066E-04
            3508       11 -0.287952724276E-04
            3508       12 -0.189832649718E-04
            3508       13 -0.152297087025E-04
            3508       14 -0.141905351301E-04
            3508       15 -0.141285871970E-04
            3508       16 -0.142118566959E-04
            3508       17 -0.140995345238E-04
            3508       18 -0.136909626141E-04
            3508       19 -0.130468947622E-04
            3508       20 -0.122054715830E-04
            3508       21 -0.112602928737E-04
            3508       22 -0.102739059609E-04
            3508       23 -0.929629991730E-05
            3508       24 -0.836008329325E-05
            3508       25 -0.748510892796E-05
            3508       26 -0.668291957258E-05
            3508       27 -0.595714222642E-05
            3508       28 -0.530716665831E-05
            3508       29 -0.472686460275E-05
            3508       30 -0.421118656003E-05
            3508       31 -0.375546929712E-05
            3508       32 -0.335403748128E-05
            3508       33 -0.300018743536E-05
            3508       34 -0.268836709290E-05
            3508       35 -0.241325878830E-05
            3508       36 -0.217006153025E-05
            3508       37 -0.195489904480E-05
            3508       38 -0.176445703582E-05
            3508       39 -0.159555128594E-05
            3508       40 -0.144533483034E-05
            3508       41 -0.131157975576E-05
            3508       42 -0.119231715463E-05
            3508       43 -0.108554674704E-05
            3508       44 -0.988975940425E-06
            3508       45 -0.903951455340E-06
            3508       46 -0.828295627163E-06
            3508       47 -0.759100029218E-06
            3508       48 -0.696691006142E-06
            3508       49 -0.640372207668E-06
            3508       50 -0.589458061596E-06
            3508       51 -0.543350167953E-06
            3508       52 -0.501524979324E-06
            3508       53 -0.463523391747E-06
            3508       54 -0.428941924402E-06
            3508       55 -0.397425224663E-06
            3508       56 -0.368659682111E-06
            3508       57 -0.342367973192E-06
            3508       58 -0.318304389097E-06
            3508       59 -0.296250824585E-06
            3508       60 -0.276013326096E-06
            3508       61 -0.257419114302E-06
            3508       62 -0.240314010192E-06
            3508       63 -0.224560205151E-06
            3508       64 -0.210034325024E-06
            3508       65 -0.196625745961E-06
            3508       66 -0.184235126425E-06
            3508       67 -0.172773125112E-06
            3508       68 -0.162159279193E-06
            3508       69 -0.152321021005E-06
            3508       70 -0.143192814597E-06
            3508       71 -0.134715396217E-06
            3508       72 -0.126835105107E-06
            3508       73 -0.119503292890E-06
            3508       74 -0.112675801522E-06
            3508       75 -0.106312501097E-06
            3508       76 -0.100376880061E-06
            3508       77 -0.948356813252E-07
            3508       78 -0.896585786941E-07
            3508       79 -0.848178887319E-07
            3508       80 -0.802883138330E-07
            3508       81 -0.760467128141E-07
            3508       82 -0.720718958115E-07
            3508       83 -0.683444406743E-07
            3508       84 -0.648465283976E-07
            3508       85 -0.615617954401E-07
            3508       86 -0.584752010365E-07
            3510        1  0.228391296756E-03
            3510        2  0.129670713181E-03
            3510        3  0.805759761802E-04
            3510        4  0.540076627665E-04
            3510        5  0.386812509451E-04
            3510        6  0.289886868229E-04
            3510        7  0.223073700130E-04
            3510        8  0.174209001818E-04
            3510        9  0.137682383120E-04
            3510       10  0.110057330444E-04
            3510       11  0.887748531638E-05
            3510       12  0.719710531824E-05
            3510       13  0.584193096186E-05
            3510       14  0.473818849185E-05
            3510       15  0.384014872779E-05
            3510       16  0.311584112866E-05
            3510       17  0.253527171054E-05
            3510       18  0.207267737873E-05
            3510       19  0.170220885687E-05
            3510       20  0.140530748841E-05
            3510       21  0.116578354522E-05
            3510       22  0.971828565069E-06
            3510       23  0.814289067977E-06
            3510       24  0.686124839021E-06
            3510       25  0.581139913539E-06
            3510       26  0.494448205146E-06
            3510       27  0.422176069489E-06
            3510       28  0.361840039016E-06
            3510       29  0.311702222070E-06
            3510       30  0.269773557991E-06
            3510       31  0.234089372610E-06
            3510       32  0.203658345258E-06
            3510       33  0.177834829413E-06
            3510       34  0.155816635804E-06
            3510       35  0.136815352898E-06
            3510       36  0.120421229081E-06
            3510       37  0.106324155115E-06
            3510       38  0.941523590424E-07
            3510       39  0.835440289678E-07
            3510       40  0.743188561881E-07
            3510       41  0.663148495401E-07
            3510       42  0.593407770180E-07
            3510       43  0.532006307631E-07
            3510       44  0.473612465702E-07
            3510       45  0.411773045692E-07
            3510       46  0.364304945582E-07
            3510       47  0.329787434798E-07
            3510       48  0.299399729426E-07
            3510       49  0.272239688720E-07
            3510       50  0.247920466951E-07
            3510       51  0.226106697219E-07
            3510       52  0.206506980976E-07
            3510       53  0.188867566706E-07
            3510       54  0.172967015129E-07
            3510       55  0.158611685192E-07
            3510       56  0.145631904878E-07
            3510       57  0.133878714945E-07
            3510       58  0.123221093259E-07
            3510       59  0.113543583300E-07
            3510       60  0.104744263433E-07
            3510       61  0.967330041596E-08
            3510       62  0.894299693346E-08
            3510       63  0.827643245280E-08
            3510       64  0.766731216576E-08
            3510       65  0.711003339491E-08
            3510       66  0.659960193687E-08
            3510       67  0.613155940813E-08
            3510       68  0.570192003126E-08
            3510       69  0.530711553845E-08
            3510       70  0.494394706710E-08
            3510       71  0.460954308957E-08
            3510       72  0.430132256006E-08
            3510       73  0.401696257993E-08
            3510       74  0.375436998325E-08
            3510       75  0.351165632928E-08
            3510       76  0.328711586057E-08
            3510       77  0.307920604684E-08
            3510       78  0.288653038680E-08
            3510       79  0.270782318486E-08
            3510       80  0.254193605751E-08
            3510       81  0.238782595720E-08
            3510       82  0.224454452895E-08
            3510       83  0.211122863963E-08
            3510       84  0.198709194008E-08
            3510       85  0.187141733830E-08
            3510       86  0.176355027736E-08
            3512        1 -0.151825856800E-02
            3512        2 -0.111112446901E-02
            3512        3 -0.780660698810E-03
            3512        4 -0.532223874783E-03
            3512        5 -0.353758661175E-03
            3512        6 -0.229493084848E-03
            3512        7 -0.145125066185E-03
            3512        8 -0.891133164248E-04
            3512        9 -0.527083948643E-04
            3512       10 -0.295520744436E-04
            3512       11 -0.151560534825E-04
            3512       12 -0.645522995672E-05
            3512       13 -0.140126759204E-05
            3512       14  0.136284922814E-05
            3512       15  0.272317492754E-05
            3512       16  0.324932377261E-05
            3512       17  0.330555206835E-05
            3512       18  0.311520180098E-05
            3512       19  0.280583039192E-05
            3512       20  0.246346026379E-05
            3512       21  0.212568246177E-05
            3512       22  0.181499190627E-05
            3512       23  0.153937198171E-05
            3512       24  0.130198237775E-05
            3512       25  0.109975305136E-05
            3512       26  0.928945667557E-06
            3512       27  0.784920226501E-06
            3512       28  0.664360503638E-06
            3512       29  0.564078355479E-06
            3512       30  0.480540139380E-06
            3512       31  0.410251075419E-06
            3512       32  0.351162709247E-06
            3512       33  0.301726824149E-06
            3512       34  0.260317671756E-06
            3512       35  0.225319172028E-06
            3512       36  0.195639719722E-06
            3512       37  0.170496632307E-06
            3512       38  0.149123554306E-06
            3512       39  0.130764247282E-06
            3512       40  0.114940965980E-06
            3512       41  0.101317101500E-06
            3512       42  0.895615044168E-07
            3512       43  0.793068484417E-07
            3512       44  0.692314385672E-07
            3512       45  0.600350428883E-07
            3512       46  0.536574878791E-07
            3512       47  0.480499083067E-07
            3512       48  0.430661717964E-07
            3512       49  0.386755571377E-07
            3512       50  0.347988142000E-07
            3512       51  0.313683896877E-07
            3512       52  0.283265438989E-07
            3512       53  0.256237949717E-07
            3512       54  0.232176296069E-07
            3512       55  0.210714313461E-07
            3512       56  0.191535870504E-07
            3512       57  0.174367398032E-07
            3512       58  0.158971624986E-07
            3512       59  0.145142311957E-07
            3512       60  0.132699811852E-07
            3512       61  0.121487318219E-07
            3512       62  0.111367686832E-07
            3512       63  0.102220736463E-07
            3512       64  0.939409511977E-08
            3512       65  0.864355201158E-08
            3512       66  0.796226610758E-08
            3512       67  0.734301843429E-08
            3512       68  0.677942591395E-08
            3512       69  0.626583522915E-08
            3512       70  0.579723131269E-08
            3512       71  0.536915829417E-08
            3512       72  0.497765107798E-08
            3512       73  0.461917601340E-08
            3512       74  0.429057935546E-08
            3512       75  0.398904241521E-08
            3512       76  0.371204246352E-08
            3512       77  0.345731859338E-08
            3512       78  0.322284186300E-08
            3512       79  0.300678914085E-08
            3512       80  0.280752015806E-08
            3512       81  0.262355734387E-08
            3512       82  0.245356808018E-08
            3512       83  0.229634906216E-08
            3512       84  0.215081249536E-08
            3512       85  0.201597389635E-08
            3512       86  0.189094129617E-08
            3514        1  0.257460307715E-03
            3514        2  0.116959525776E-03
            3514        3  0.540092125068E-04
            3514        4  0.256609819442E-04
            3514        5  0.125864883357E-04
            3514        6  0.634456325661E-05
            3514        7  0.333763210170E-05
            3514        8  0.189826458448E-05
            3514        9  0.118745800291E-05
            3514       10  0.782880460606E-06
            3514       11  0.521361074717E-06
            3514       12  0.347702984674E-06
            3514       13  0.236398256385E-06
            3514       14  0.168289600590E-06
            3514       15  0.128129108870E-06
            3514       16  0.103236773463E-06
            3514       17  0.853709593656E-07
            3514       18  0.705078919601E-07
            3514       19  0.580458681666E-07
            3514       20  0.467727081139E-07
            3514       21  0.377127801689E-07
            3514       22  0.312321365576E-07
            3514       23  0.268872047687E-07
            3514       24  0.238006175932E-07
            3514       25  0.217501268515E-07
            3514       26  0.204510062404E-07
            3514       27  0.196740184311E-07
            3514       28  0.189648528853E-07
            3514       29  0.181605779808E-07
            3514       30  0.173054985682E-07
            3514       31  0.164295929489E-07
            3514       32  0.153556269981E-07
            3514       33  0.141153089946E-07
            3514       34  0.128504585704E-07
            3514       35  0.116931108089E-07
            3514       36  0.106253829617E-07
            3514       37  0.960828003487E-08
            3514       38  0.862809283071E-08
            3514       39  0.766610419305E-08
            3514       40  0.669032125855E-08
            3514       41  0.577124863713E-08
            3514       42  0.500383250423E-08
            3514       43  0.437403503816E-08
            3514       44  0.932629588833E-10
            3514       45 -0.108364663451E-07
            3514       46 -0.146187502982E-07
            3514       47 -0.134264085796E-07
            3514       48 -0.121885862099E-07
            3514       49 -0.110823261078E-07
            3514       50 -0.100918479848E-07
            3514       51 -0.920347337203E-08
            3514       52 -0.840531865950E-08
            3514       53 -0.768703679417E-08
            3514       54 -0.703959933522E-08
            3514       55 -0.645511207728E-08
            3514       56 -0.592665867440E-08
            3514       57 -0.544816768423E-08
            3514       58 -0.501429925400E-08
            3514       59 -0.462034832155E-08
            3514       60 -0.426216173770E-08
            3514       61 -0.393606715141E-08
            3514       62 -0.363881185857E-08
            3514       63 -0.336751010865E-08
            3514       64 -0.311959760806E-08
            3514       65 -0.289279215984E-08
            3514       66 -0.268505954689E-08
            3514       67 -0.249458390530E-08
            3514       68 -0.231974194966E-08
            3514       69 -0.215908051036E-08
            3514       70 -0.201129692303E-08
            3514       71 -0.187522187955E-08
            3514       72 -0.174980440679E-08
            3514       73 -0.163409868810E-08
            3514       74 -0.152725248341E-08
            3514       75 -0.142849693846E-08
            3514       76 -0.133713760319E-08
            3514       77 -0.125254650424E-08
            3514       78 -0.117415513795E-08
            3514       79 -0.110144826825E-08
            3514       80 -0.103395842969E-08
            3514       81 -0.971261048784E-09
            3514       82 -0.912970108586E-09
            3514       83 -0.858734291074E-09
            3514       84 -0.808233540426E-09
            3514       85 -0.761175997504E-09
            3514       86 -0.717295262198E-09
            3516        1 -0.662395434690E-03
            3516        2 -0.372166365538E-03
            3516        3 -0.243881423081E-03
            3516        4 -0.182284811093E-03
            3516        5 -0.148322257977E-03
            3516        6 -0.126091859102E-03
            3516        7 -0.109356009801E-03
            3516        8 -0.955354089879E-04
            3516        9 -0.835568410232E-04
            3516       10 -0.729894543007E-04
            3516       11 -0.636431583258E-04
            3516       12 -0.554193751913E-04
            3516       13 -0.482305491462E-04
            3516       14 -0.419852887579E-04
            3516       15 -0.365867567742E-04
            3516       16 -0.319362677874E-04
            3516       17 -0.279375981779E-04
            3516       18 -0.245024873249E-04
            3516       19 -0.215533109244E-04
            3516       20 -0.190169368257E-04
            3516       21 -0.168327780967E-04
            3516       22 -0.149462328921E-04
            3516       23 -0.133134148927E-04
            3516       24 -0.118950720294E-04
            3516       25 -0.106599321600E-04
            3516       26 -0.958024710438E-05
            3516       27 -0.863325782564E-05
            3516       28 -0.779927853417E-05
            3516       29 -0.706441493130E-05
            3516       30 -0.641582796778E-05
            3516       31 -0.584062139022E-05
            3516       32 -0.532759496608E-05
            3516       33 -0.486968645653E-05
            3516       34 -0.446051265242E-05
            3516       35 -0.409367013205E-05
            3516       36 -0.376354620882E-05
            3516       37 -0.346624361484E-05
            3516       38 -0.319811065046E-05
            3516       39 -0.295549203545E-05
            3516       40 -0.273525683939E-05
            3516       41 -0.253523357154E-05
            3516       42 -0.235336723574E-05
            3516       43 -0.218760227072E-05
            3516       44 -0.203440906796E-05
            3516       45 -0.188998860331E-05
            3516       46 -0.176099229927E-05
            3516       47 -0.164549701114E-05
            3516       48 -0.153944769774E-05
            3516       49 -0.144182959447E-05
            3516       50 -0.135184862539E-05
            3516       51 -0.126879688418E-05
            3516       52 -0.119204207629E-05
            3516       53 -0.112101839949E-05
            3516       54 -0.105521864730E-05
            3516       55 -0.994187355286E-06
            3516       56 -0.937514838901E-06
            3516       57 -0.884831995458E-06
            3516       58 -0.835805762580E-06
            3516       59 -0.790135142066E-06
            3516       60 -0.747547711778E-06
            3516       61 -0.707796559743E-06
            3516       62 -0.670657584264E-06
            3516       63 -0.635927112029E-06
            3516       64 -0.603419793033E-06
            3516       65 -0.572966736945E-06
            3516       66 -0.544413860465E-06
            3516       67 -0.517620419414E-06
            3516       68 -0.492457702829E-06
            3516       69 -0.468807869421E-06
            3516       70 -0.446562909314E-06
            3516       71 -0.425623716214E-06
            3516       72 -0.405899257119E-06
            3516       73 -0.387305828251E-06
            3516       74 -0.369766387388E-06
            3516       75 -0.353209953946E-06
            3516       76 -0.337571069259E-06
            3516       77 -0.322789310387E-06
            3516       78 -0.308808851647E-06
            3516       79 -0.295578068665E-06
            3516       80 -0.283049180448E-06
            3516       81 -0.271177925437E-06
            3516       82 -0.259923267992E-06
            3516       83 -0.249247132169E-06
            3516       84 -0.239114159981E-06
            3516       85 -0.229491491684E-06
            3516       86 -0.220348565850E-06
            3518        1  0.314469188417E-02
            3518        2  0.197096017756E-02
            3518        3  0.130283320928E-02
            3518        4  0.890483214148E-03
            3518        5  0.622790320432E-03
            3518        6  0.442992911982E-03
            3518        7  0.320098715117E-03
            3518        8  0.235105909237E-03
            3518        9  0.175717490286E-03
            3518       10  0.133744376714E-03
            3518       11  0.103704667225E-03
            3518       12  0.819011711039E-04
            3518       13  0.658305899047E-04
            3518       14  0.537944777738E-04
            3518       15  0.446289523483E-04
            3518       16  0.375389010160E-04
            3518       17  0.319181929331E-04
            3518       18  0.274528015684E-04
            3518       19  0.238036698768E-04
            3518       20  0.207764176340E-04
            3518       21  0.182531269044E-04
            3518       22  0.161226256596E-04
            3518       23  0.143080734897E-04
            3518       24  0.127473587254E-04
            3518       25  0.114001380111E-04
            3518       26  0.102292745759E-04
            3518       27  0.920902762811E-05
            3518       28  0.830925092824E-05
            3518       29  0.751459173850E-05
            3518       30  0.681551535934E-05
            3518       31  0.620133204806E-05
            3518       32  0.565272861641E-05
            3518       33  0.516114768697E-05
            3518       34  0.472225177457E-05
            3518       35  0.433104948900E-05
            3518       36  0.397853268426E-05
            3518       37  0.366037436819E-05
            3518       38  0.337383772817E-05
            3518       39  0.311580881419E-05
            3518       40  0.288137816245E-05
            3518       41  0.266812485670E-05
            3518       42  0.247430399772E-05
            3518       43  0.229813051460E-05
            3518       44  0.214009842992E-05
            3518       45  0.200026109857E-05
            3518       46  0.186788773339E-05
            3518       47  0.174326016863E-05
            3518       48  0.162886343539E-05
            3518       49  0.152381878386E-05
            3518       50  0.142721085540E-05
            3518       51  0.133822861002E-05
            3518       52  0.125615177263E-05
            3518       53  0.118033925341E-05
            3518       54  0.111021922437E-05
            3518       55  0.104528059002E-05
            3518       56  0.985065635941E-06
            3518       57  0.929163674977E-06
            3518       58  0.877205541438E-06
            3518       59  0.828858808100E-06
            3518       60  0.783823620959E-06
            3518       61  0.741829063471E-06
            3518       62  0.702629975783E-06
            3518       63  0.666004165939E-06
            3518       64  0.631749959597E-06
            3518       65  0.599684042788E-06
            3518       66  0.569639558907E-06
            3518       67  0.541464426803E-06
            3518       68  0.515019851501E-06
            3518       69  0.490179003166E-06
            3518       70  0.466825843267E-06
            3518       71  0.444854079764E-06
            3518       72  0.424166235663E-06
            3518       73  0.404672817289E-06
            3518       74  0.386291570487E-06
            3518       75  0.368946814448E-06
            3518       76  0.352568844207E-06
            3518       77  0.337093393971E-06
            3518       78  0.322461154438E-06
            3518       79  0.308617338080E-06
            3518       80  0.295511287122E-06
            3518       81  0.283096119595E-06
            3518       82  0.271328409340E-06
            3518       83  0.260167896392E-06
            3518       84  0.249577224532E-06
            3518       85  0.239521703199E-06
            3518       86  0.229969091253E-06
            3520        1  0.365327278491E-03
            3520        2  0.255950115866E-03
            3520        3  0.186243572609E-03
            3520        4  0.138722471126E-03
            3520        5  0.105082233321E-03
            3520        6  0.806464452567E-04
            3520        7  0.626431838059E-04
            3520        8  0.492147466654E-04
            3520        9  0.390802794305E-04
            3520       10  0.313447809947E-04
            3520       11  0.253650840690E-04
            3520       12  0.206917557160E-04
            3520       13  0.170064481737E-04
            3520       14  0.140758358030E-04
            3520       15  0.117267002411E-04
            3520       16  0.983023285406E-05
            3520       17  0.828778463011E-05
            3520       18  0.702607377882E-05
            3520       19  0.598880356466E-05
            3520       20  0.512978943428E-05
            3520       21  0.441499053197E-05
            3520       22  0.381627339716E-05
            3520       23  0.331295140300E-05
            3520       24  0.288743368887E-05
            3520       25  0.252615957452E-05
            3520       26  0.221769490245E-05
            3520       27  0.195310268435E-05
            3520       28  0.172508455931E-05
            3520       29  0.152861693561E-05
            3520       30  0.135904042273E-05
            3520       31  0.121173378977E-05
            3520       32  0.108291227599E-05
            3520       33  0.970222407563E-06
            3520       34  0.871532226056E-06
            3520       35  0.784726651329E-06
            3520       36  0.708025782412E-06
            3520       37  0.640224130907E-06
            3520       38  0.580204020019E-06
            3520       39  0.526856881662E-06
            3520       40  0.479250411198E-06
            3520       41  0.436731208884E-06
            3520       42  0.398683303314E-06
            3520       43  0.364482461375E-06
            3520       44  0.334056139373E-06
            3520       45  0.308299913277E-06
            3520       46  0.284198114830E-06
            3520       47  0.261293662575E-06
            3520       48  0.240519577356E-06
            3520       49  0.221696943696E-06
            3520       50  0.204615138982E-06
            3520       51  0.189089133225E-06
            3520       52  0.174956041960E-06
            3520       53  0.162072187574E-06
            3520       54  0.150310587753E-06
            3520       55  0.139558803709E-06
            3520       56  0.129717092282E-06
            3520       57  0.120696815358E-06
            3520       58  0.112419067725E-06
            3520       59  0.104813490785E-06
            3520       60  0.978172448324E-07
            3520       61  0.913741168416E-07
            3520       62  0.854337443996E-07
            3520       63  0.799509393396E-07
            3520       64  0.748850971687E-07
            3520       65  0.701996804680E-07
            3520       66  0.658617661967E-07
            3520       67  0.618416483054E-07
            3520       68  0.581124883206E-07
            3520       69  0.546500075991E-07
            3520       70  0.514322158527E-07
            3520       71  0.484391712936E-07
            3520       72  0.456527683988E-07
            3520       73  0.430565498262E-07
            3520       74  0.406355395053E-07
            3520       75  0.383760942942E-07
            3520       76  0.362657719696E-07
            3520       77  0.342932135846E-07
            3520       78  0.324480384940E-07
            3520       79  0.307207505651E-07
            3520       80  0.291026542739E-07
            3520       81  0.275857795529E-07
            3520       82  0.261628143983E-07
            3520       83  0.248270443618E-07
            3520       84  0.235722981631E-07
            3520       85  0.223928987478E-07
            3520       86  0.212836191970E-07
            3522        1 -0.268499785492E-03
            3522        2 -0.107156738592E-03
            3522        3 -0.690836594354E-05
            3522        4  0.490654548452E-04
            3522        5  0.757500447118E-04
            3522        6  0.840557814669E-04
            3522        7  0.817598189591E-04
            3522        8  0.740324111777E-04
            3522        9  0.641125076522E-04
            3522       10  0.539180943690E-04
            3522       11  0.444651911749E-04
            3522       12  0.362056218752E-04
            3522       13  0.292595371659E-04
            3522       14  0.235692844314E-04
            3522       15  0.189900033863E-04
            3522       16  0.153455592816E-04
            3522       17  0.124639061225E-04
            3522       18  0.101914476590E-04
            3522       19  0.839934536479E-05
            3522       20  0.698361714714E-05
            3522       21  0.585754979588E-05
            3522       22  0.495474097036E-05
            3522       23  0.422564860784E-05
            3522       24  0.363119257288E-05
            3522       25  0.314251815097E-05
            3522       26  0.273650681065E-05
            3522       27  0.239584836903E-05
            3522       28  0.210724735033E-05
            3522       29  0.186258803072E-05
            3522       30  0.165420159080E-05
            3522       31  0.147442781860E-05
            3522       32  0.131753339249E-05
            3522       33  0.118063987142E-05
            3522       34  0.106098145161E-05
            3522       35  0.955779514147E-06
            3522       36  0.862846028693E-06
            3522       37  0.780767118363E-06
            3522       38  0.708113969881E-06
            3522       39  0.643452752440E-06
            3522       40  0.585678198255E-06
            3522       41  0.534071051482E-06
            3522       42  0.487907527557E-06
            3522       43  0.446448499239E-06
            3522       44  0.408559718050E-06
            3522       45  0.373146376746E-06
            3522       46  0.342069152813E-06
            3522       47  0.314988110555E-06
            3522       48  0.290488147305E-06
            3522       49  0.268228612210E-06
            3522       50  0.247975375180E-06
            3522       51  0.229521687283E-06
            3522       52  0.212684654751E-06
            3522       53  0.197302206463E-06
            3522       54  0.183230480689E-06
            3522       55  0.170341568715E-06
            3522       56  0.158521562888E-06
            3522       57  0.147668864831E-06
            3522       58  0.137692716455E-06
            3522       59  0.128511922122E-06
            3522       60  0.120053735127E-06
            3522       61  0.112252885672E-06
            3522       62  0.105050730940E-06
            3522       63  0.983945106720E-07
            3522       64  0.922366941077E-07
            3522       65  0.865344061585E-07
            3522       66  0.812489224175E-07
            3522       67  0.763452240650E-07
            3522       68  0.717916049894E-07
            3522       69  0.675593244826E-07
            3522       70  0.636222997873E-07
            3522       71  0.599568335416E-07
            3522       72  0.565413718325E-07
            3522       73  0.533562891204E-07
            3522       74  0.503836968169E-07
            3522       75  0.476072726740E-07
            3522       76  0.450121085494E-07
            3522       77  0.425845743876E-07
            3522       78  0.403121965470E-07
            3522       79  0.381835488317E-07
            3522       80  0.361881547848E-07
            3522       81  0.343163999817E-07
            3522       82  0.325594532109E-07
            3522       83  0.309091955636E-07
            3522       84  0.293581565714E-07
            3522       85  0.278994566288E-07
            3522       86  0.265267550298E-07
            3524        1  0.175267779008E-03
            3524        2  0.437914600339E-04
            3524        3 -0.702543084195E-05
            3524        4 -0.243795741015E-04
            3524        5 -0.281966357536E-04
            3524        6 -0.268415172369E-04
            3524        7 -0.237115252493E-04
            3524        8 -0.202119515121E-04
            3524        9 -0.169353411818E-04
            3524       10 -0.140845478693E-04
            3524       11 -0.117029758108E-04
            3524       12 -0.974085716786E-05
            3524       13 -0.812722379043E-05
            3524       14 -0.679670533990E-05
            3524       15 -0.569537847298E-05
            3524       16 -0.478603335574E-05
            3524       17 -0.403710134133E-05
            3524       18 -0.342106398654E-05
            3524       19 -0.291323923372E-05
            3524       20 -0.249215390398E-05
            3524       21 -0.214140204791E-05
            3524       22 -0.184767957451E-05
            3524       23 -0.160072378696E-05
            3524       24 -0.139188185874E-05
            3524       25 -0.121468998926E-05
            3524       26 -0.106363862059E-05
            3524       27 -0.934210881641E-06
            3524       28 -0.822726294813E-06
            3524       29 -0.726729268510E-06
            3524       30 -0.644013839588E-06
            3524       31 -0.572392344771E-06
            3524       32 -0.510011722402E-06
            3524       33 -0.455665731885E-06
            3524       34 -0.408273812315E-06
            3524       35 -0.366767014586E-06
            3524       36 -0.330255207579E-06
            3524       37 -0.298108487321E-06
            3524       38 -0.269735233121E-06
            3524       39 -0.244549840901E-06
            3524       40 -0.222071622288E-06
            3524       41 -0.202003385361E-06
            3524       42 -0.184075947304E-06
            3524       43 -0.168143403492E-06
            3524       44 -0.155258612546E-06
            3524       45 -0.141800207048E-06
            3524       46 -0.128373969620E-06
            3524       47 -0.117882094360E-06
            3524       48 -0.108521209603E-06
            3524       49 -0.100038385564E-06
            3524       50 -0.923390132098E-07
            3524       51 -0.853399567340E-07
            3524       52 -0.789680117052E-07
            3524       53 -0.731585900431E-07
            3524       54 -0.678545956572E-07
            3524       55 -0.630054607730E-07
            3524       56 -0.585663180417E-07
            3524       57 -0.544972876796E-07
            3524       58 -0.507628622993E-07
            3524       59 -0.473313749042E-07
            3524       60 -0.441745378460E-07
            3524       61 -0.412670424684E-07
            3524       62 -0.385862107664E-07
            3524       63 -0.361116917222E-07
            3524       64 -0.338251960941E-07
            3524       65 -0.317102643695E-07
            3524       66 -0.297520633783E-07
            3524       67 -0.279372077170E-07
            3524       68 -0.262536026984E-07
            3524       69 -0.246903060034E-07
            3524       70 -0.232374056159E-07
            3524       71 -0.218859119564E-07
            3524       72 -0.206276624200E-07
            3524       73 -0.194552367644E-07
            3524       74 -0.183618820109E-07
            3524       75 -0.173414456900E-07
            3524       76 -0.163883164283E-07
            3524       77 -0.154973709941E-07
            3524       78 -0.146639270391E-07
            3524       79 -0.138837008701E-07
            3524       80 -0.131527696674E-07
            3524       81 -0.124675376396E-07
            3524       82 -0.118247056694E-07
            3524       83 -0.112212440579E-07
            3524       84 -0.106543680226E-07
            3524       85 -0.101215156469E-07
            3524       86 -0.962032801336E-08
            3526        1 -0.191643608971E-02
            3526        2 -0.116224090347E-02
            3526        3 -0.728506001106E-03
            3526        4 -0.465218425295E-03
            3526        5 -0.299323148610E-03
            3526        6 -0.192224328912E-03
            3526        7 -0.122372871374E-03
            3526        8 -0.767758145566E-04
            3526        9 -0.471777842227E-04
            3526       10 -0.281541986228E-04
            3526       11 -0.160974312036E-04
            3526       12 -0.860178665564E-05
            3526       13 -0.405886154062E-05
            3526       14 -0.139973157707E-05
            3526       15  0.780564170118E-07
            3526       16  0.832416627733E-06
            3526       17  0.115898177700E-05
            3526       18  0.124026124516E-05
            3526       19  0.118476744646E-05
            3526       20  0.106529706737E-05
            3526       21  0.920321663544E-06
            3526       22  0.772717787670E-06
            3526       23  0.633709342804E-06
            3526       24  0.509336468602E-06
            3526       25  0.401826042995E-06
            3526       26  0.311414586635E-06
            3526       27  0.236838829137E-06
            3526       28  0.175921993141E-06
            3526       29  0.126615889034E-06
            3526       30  0.874256301566E-07
            3526       31  0.568257247487E-07
            3526       32  0.328200463117E-07
            3526       33  0.141174732895E-07
            3526       34 -0.144961094438E-09
            3526       35 -0.108411463565E-07
            3526       36 -0.189454176122E-07
            3526       37 -0.249708340293E-07
            3526       38 -0.292563252892E-07
            3526       39 -0.321509999354E-07
            3526       40 -0.340854881893E-07
            3526       41 -0.352471583066E-07
            3526       42 -0.357418261373E-07
            3526       43 -0.356871480881E-07
            3526       44 -0.356049061555E-07
            3526       45 -0.371525314506E-07
            3526       46 -0.375819365121E-07
            3526       47 -0.363125585414E-07
            3526       48 -0.349023941868E-07
            3526       49 -0.334701756709E-07
            3526       50 -0.320365443950E-07
            3526       51 -0.306172358867E-07
            3526       52 -0.292240859022E-07
            3526       53 -0.278658341444E-07
            3526       54 -0.265487670497E-07
            3526       55 -0.252772323361E-07
            3526       56 -0.240540511559E-07
            3526       57 -0.228808483431E-07
            3526       58 -0.217583170367E-07
            3526       59 -0.206864306466E-07
            3526       60 -0.196646125152E-07
            3526       61 -0.186918715496E-07
            3526       62 -0.177669104646E-07
            3526       63 -0.168882119570E-07
            3526       64 -0.160541070962E-07
            3526       65 -0.152628293800E-07
            3526       66 -0.145125572360E-07
            3526       67 -0.138014472125E-07
            3526       68 -0.131276596753E-07
            3526       69 -0.124893784769E-07
            3526       70 -0.118848257855E-07
            3526       71 -0.113122730372E-07
            3526       72 -0.107700487905E-07
            3526       73 -0.102565441129E-07
            3526       74 -0.977021601494E-08
            3526       75 -0.930958934030E-08
            3526       76 -0.887325745322E-08
            3526       77 -0.845988198959E-08
            3526       78 -0.806819189246E-08
            3526       79 -0.769698190794E-08
            3526       80 -0.734511068263E-08
            3526       81 -0.701149857640E-08
            3526       82 -0.669512528090E-08
            3526       83 -0.639502731558E-08
            3526       84 -0.611029545837E-08
            3526       85 -0.584007215502E-08
            3526       86 -0.558354894200E-08
            3528        1  0.648948673394E-01
            3528        2  0.421359433654E-01
            3528        3  0.270149208326E-01
            3528        4  0.170359248518E-01
            3528        5  0.105147181221E-01
            3528        6  0.630469898215E-02
            3528        7  0.362732490858E-02
            3528        8  0.195580112838E-02
            3528        9  0.936390168805E-03
            3528       10  0.333804621773E-03
            3528       11 -0.669475659273E-05
            3528       12 -0.185634497205E-03
            3528       13 -0.267458414611E-03
            3528       14 -0.292879109732E-03
            3528       15 -0.287174943344E-03
            3528       16 -0.265698246084E-03
            3528       17 -0.237587472533E-03
            3528       18 -0.207979999770E-03
            3528       19 -0.179469669577E-03
            3528       20 -0.153619438945E-03
            3528       21 -0.130818528289E-03
            3528       22 -0.111109778305E-03
            3528       23 -0.942809535991E-04
            3528       24 -0.800425473051E-04
            3528       25 -0.680567759552E-04
            3528       26 -0.579895336967E-04
            3528       27 -0.495317078412E-04
            3528       28 -0.424182630020E-04
            3528       29 -0.364532028283E-04
            3528       30 -0.314505343831E-04
            3528       31 -0.272258510658E-04
            3528       32 -0.236327183008E-04
            3528       33 -0.205809342316E-04
            3528       34 -0.179872672838E-04
            3528       35 -0.157693822626E-04
            3528       36 -0.138621676814E-04
            3528       37 -0.122230988944E-04
            3528       38 -0.108121169813E-04
            3528       39 -0.958969695707E-05
            3528       40 -0.852508569164E-05
            3528       41 -0.759794656199E-05
            3528       42 -0.678894379059E-05
            3528       43 -0.607886304075E-05
            3528       44 -0.545224041233E-05
            3528       45 -0.490525832396E-05
            3528       46 -0.442277818911E-05
            3528       47 -0.399245119335E-05
            3528       48 -0.361020962977E-05
            3528       49 -0.327014454195E-05
            3528       50 -0.296701179486E-05
            3528       51 -0.269628997114E-05
            3528       52 -0.245407136854E-05
            3528       53 -0.223697080867E-05
            3528       54 -0.204204912983E-05
            3528       55 -0.186674882236E-05
            3528       56 -0.170883973484E-05
            3528       57 -0.156637315657E-05
            3528       58 -0.143764288658E-05
            3528       59 -0.132115214551E-05
            3528       60 -0.121558538678E-05
            3528       61 -0.111978422633E-05
            3528       62 -0.103272684318E-05
            3528       63 -0.953510311968E-06
            3528       64 -0.881335418054E-06
            3528       65 -0.815493579431E-06
            3528       66 -0.755355560604E-06
            3528       67 -0.700361713843E-06
            3528       68 -0.650013525028E-06
            3528       69 -0.603866276176E-06
            3528       70 -0.561522665544E-06
            3528       71 -0.522627250627E-06
            3528       72 -0.486861599593E-06
            3528       73 -0.453940053704E-06
            3528       74 -0.423606017683E-06
            3528       75 -0.395628707074E-06
            3528       76 -0.369800291830E-06
            3528       77 -0.345933384042E-06
            3528       78 -0.323858825049E-06
            3528       79 -0.303423733423E-06
            3528       80 -0.284489780616E-06
            3528       81 -0.266931665595E-06
            3528       82 -0.250635763673E-06
            3528       83 -0.235498928036E-06
            3528       84 -0.221427425333E-06
            3528       85 -0.208335989125E-06
            3528       86 -0.196146977087E-06
            3529        1 -0.737143508134E-03
            3529        2 -0.454888106627E-03
            3529        3 -0.292563697552E-03
            3529        4 -0.194873385347E-03
            3529        5 -0.133134248377E-03
            3529        6 -0.926168042786E-04
            3529        7 -0.653196243885E-04
            3529        8 -0.466558612129E-04
            3529        9 -0.337879488422E-04
            3529       10 -0.248606620654E-04
            3529       11 -0.186078174981E-04
            3529       12 -0.141726444359E-04
            3529       13 -0.109748383919E-04
            3529       14 -0.862844547672E-05
            3529       15 -0.687595690201E-05
            3529       16 -0.554710712372E-05
            3529       17 -0.452402158379E-05
            3529       18 -0.372876369729E-05
            3529       19 -0.310266652667E-05
            3529       20 -0.260285247257E-05
            3529       21 -0.220068747824E-05
            3529       22 -0.187351782768E-05
            3529       23 -0.160444562745E-05
            3529       24 -0.138072280202E-05
            3529       25 -0.119320928666E-05
            3529       26 -0.103466053558E-05
            3529       27 -0.899374025524E-06
            3529       28 -0.783996148998E-06
            3529       29 -0.685991523971E-06
            3529       30 -0.602131834642E-06
            3529       31 -0.529277225181E-06
            3529       32 -0.466159814467E-06
            3529       33 -0.411770306244E-06
            3529       34 -0.364676838663E-06
            3529       35 -0.323494871283E-06
            3529       36 -0.287590750251E-06
            3529       37 -0.256355773017E-06
            3529       38 -0.229021565301E-06
            3529       39 -0.204854819392E-06
            3529       40 -0.183540018114E-06
            3529       41 -0.164769996362E-06
            3529       42 -0.148165244484E-06
            3529       43 -0.133633812040E-06
            3529       44 -0.123745669420E-06
            3529       45 -0.114274825939E-06
            3529       46 -0.102791594671E-06
            3529       47 -0.930954848094E-07
            3529       48 -0.845114942623E-07
            3529       49 -0.768400036931E-07
            3529       50 -0.699715430336E-07
            3529       51 -0.638112257591E-07
            3529       52 -0.582766185617E-07
            3529       53 -0.532959488044E-07
            3529       54 -0.488065921031E-07
            3529       55 -0.447537929064E-07
            3529       56 -0.410895794180E-07
            3529       57 -0.377718410634E-07
            3529       58 -0.347635422717E-07
            3529       59 -0.320320508681E-07
            3529       60 -0.295485630733E-07
            3529       61 -0.272876101271E-07
            3529       62 -0.252266340497E-07
            3529       63 -0.233456220907E-07
            3529       64 -0.216267911111E-07
            3529       65 -0.200543145418E-07
            3529       66 -0.186140857224E-07
            3529       67 -0.172935123912E-07
            3529       68 -0.160813379000E-07
            3529       69 -0.149674854042E-07
            3529       70 -0.139429218411E-07
            3529       71 -0.129995389830E-07
            3529       72 -0.121300492515E-07
            3529       73 -0.113278943135E-07
            3529       74 -0.105871647673E-07
            3529       75 -0.990252946367E-08
            3529       76 -0.926917321493E-08
            3529       77 -0.868274181488E-08
            3529       78 -0.813929344367E-08
            3529       79 -0.763525565585E-08
            3529       80 -0.716738725838E-08
            3529       81 -0.673274447787E-08
            3529       82 -0.632865089501E-08
            3529       83 -0.595267069316E-08
            3529       84 -0.560258482575E-08
            3529       85 -0.527636975836E-08
            3529       86 -0.497217848447E-08
            3530        1  0.995952038136E-03
            3530        2  0.544952085808E-03
            3530        3  0.317848332719E-03
            3530        4  0.194807089966E-03
            3530        5  0.124257013913E-03
            3530        6  0.816335805933E-04
            3530        7  0.549084979980E-04
            3530        8  0.376834703014E-04
            3530        9  0.263507757453E-04
            3530       10  0.187730406132E-04
            3530       11  0.136130531839E-04
            3530       12  0.100369989149E-04
            3530       13  0.751976504379E-05
            3530       14  0.572094090510E-05
            3530       15  0.441508706939E-05
            3530       16  0.345028722622E-05
            3530       17  0.272572425109E-05
            3530       18  0.217001838361E-05
            3530       19  0.174307983315E-05
            3530       20  0.140875769670E-05
            3530       21  0.114739781406E-05
            3530       22  0.940562594805E-06
            3530       23  0.776319893770E-06
            3530       24  0.643570649280E-06
            3530       25  0.536305681782E-06
            3530       26  0.448819157723E-06
            3530       27  0.377239496934E-06
            3530       28  0.317860057440E-06
            3530       29  0.268910439996E-06
            3530       30  0.228667872817E-06
            3530       31  0.195321819444E-06
            3530       32  0.167120565541E-06
            3530       33  0.143413974454E-06
            3530       34  0.123535345183E-06
            3530       35  0.106775952984E-06
            3530       36  0.924588312307E-07
            3530       37  0.802867101364E-07
            3530       38  0.699444942842E-07
            3530       39  0.610898958173E-07
            3530       40  0.534193492912E-07
            3530       41  0.468479012060E-07
            3530       42  0.412835835507E-07
            3530       43  0.362810639380E-07
            3530       44  0.257461892165E-07
            3530       45  0.110733164665E-07
            3530       46  0.632515442772E-08
            3530       47  0.555141957340E-08
            3530       48  0.495486061509E-08
            3530       49  0.443060997427E-08
            3530       50  0.396893947092E-08
            3530       51  0.356155549114E-08
            3530       52  0.320136944321E-08
            3530       53  0.288230773815E-08
            3530       54  0.259915402162E-08
            3530       55  0.234741780640E-08
            3530       56  0.212322478181E-08
            3530       57  0.192322497549E-08
            3530       58  0.174451565980E-08
            3530       59  0.158457647057E-08
            3530       60  0.144121466837E-08
            3530       61  0.131251884560E-08
            3530       62  0.119681968459E-08
            3530       63  0.109265661726E-08
            3530       64  0.998749435784E-09
            3530       65  0.913974067269E-09
            3530       66  0.837341858171E-09
            3530       67  0.767981823821E-09
            3530       68  0.705125408393E-09
            3530       69  0.648093374899E-09
            3530       70  0.596284506168E-09
            3530       71  0.549165848714E-09
            3530       72  0.506264273647E-09
            3530       73  0.467159164019E-09
            3530       74  0.431476067436E-09
            3530       75  0.398881177246E-09
            3530       76  0.369076526355E-09
            3530       77  0.341795794969E-09
            3530       78  0.316800648104E-09
            3530       79  0.293877531095E-09
            3530       80  0.272834861611E-09
            3530       81  0.253500565551E-09
            3530       82  0.235719911624E-09
            3530       83  0.219353605750E-09
            3530       84  0.204276111822E-09
            3530       85  0.190374169961E-09
            3530       86  0.177545487333E-09
            3531        1 -0.397502497784E-02
            3531        2 -0.256987228557E-02
            3531        3 -0.172701291803E-02
            3531        4 -0.119779597832E-02
            3531        5 -0.852802791979E-03
            3531        6 -0.620652692249E-03
            3531        7 -0.460540191650E-03
            3531        8 -0.347886697767E-03
            3531        9 -0.267270132279E-03
            3531       10 -0.208662185064E-03
            3531       11 -0.165374918151E-03
            3531       12 -0.132877428286E-03
            3531       13 -0.108070532436E-03
            3531       14 -0.888284385502E-04
            3531       15 -0.736854086162E-04
            3531       16 -0.616186200786E-04
            3531       17 -0.518972623726E-04
            3531       18 -0.439887585599E-04
            3531       19 -0.375130135182E-04
            3531       20 -0.321552232126E-04
            3531       21 -0.276983522141E-04
            3531       22 -0.239636709512E-04
            3531       23 -0.208187678336E-04
            3531       24 -0.181536221225E-04
            3531       25 -0.158873078367E-04
            3531       26 -0.139507092221E-04
            3531       27 -0.122885178918E-04
            3531       28 -0.108549959025E-04
            3531       29 -0.961874006711E-05
            3531       30 -0.855083605591E-05
            3531       31 -0.762260323124E-05
            3531       32 -0.681029996621E-05
            3531       33 -0.609926319272E-05
            3531       34 -0.547625086590E-05
            3531       35 -0.492812314940E-05
            3531       36 -0.444379000178E-05
            3531       37 -0.401568564739E-05
            3531       38 -0.363674239535E-05
            3531       39 -0.329995182870E-05
            3531       40 -0.299946259785E-05
            3531       41 -0.273123535133E-05
            3531       42 -0.249145366976E-05
            3531       43 -0.227649589752E-05
            3531       44 -0.208381783457E-05
            3531       45 -0.190984761613E-05
            3531       46 -0.175311742752E-05
            3531       47 -0.161160103296E-05
            3531       48 -0.148354312347E-05
            3531       49 -0.136750545019E-05
            3531       50 -0.126219192904E-05
            3531       51 -0.116646376769E-05
            3531       52 -0.107931831185E-05
            3531       53 -0.999871005989E-06
            3531       54 -0.927339971328E-06
            3531       55 -0.861032789521E-06
            3531       56 -0.800335149797E-06
            3531       57 -0.744701074637E-06
            3531       58 -0.693644485850E-06
            3531       59 -0.646731911584E-06
            3531       60 -0.603576166788E-06
            3531       61 -0.563830866037E-06
            3531       62 -0.527185649749E-06
            3531       63 -0.493362023037E-06
            3531       64 -0.462109721827E-06
            3531       65 -0.433203533671E-06
            3531       66 -0.406440511452E-06
            3531       67 -0.381637527197E-06
            3531       68 -0.358629120923E-06
            3531       69 -0.337265605801E-06
            3531       70 -0.317411396462E-06
            3531       71 -0.298943531865E-06
            3531       72 -0.281750368128E-06
            3531       73 -0.265730420003E-06
            3531       74 -0.250791332687E-06
            3531       75 -0.236848967930E-06
            3531       76 -0.223826590705E-06
            3531       77 -0.211654144333E-06
            3531       78 -0.200267603633E-06
            3531       79 -0.189608396940E-06
            3531       80 -0.179622889019E-06
            3531       81 -0.170261917886E-06
            3531       82 -0.161480379422E-06
            3531       83 -0.153236854401E-06
            3531       84 -0.145493273236E-06
            3531       85 -0.138214614263E-06
            3531       86 -0.131368631934E-06
            3532        1  0.194263894136E-03
            3532        2  0.231834419167E-04
            3532        3 -0.309520657955E-04
            3532        4 -0.431546861421E-04
            3532        5 -0.404793384599E-04
            3532        6 -0.336451214249E-04
            3532        7 -0.265364548990E-04
            3532        8 -0.204994968112E-04
            3532        9 -0.157756181185E-04
            3532       10 -0.122177423286E-04
            3532       11 -0.956251065234E-05
            3532       12 -0.757451494296E-05
            3532       13 -0.607109048724E-05
            3532       14 -0.491898125827E-05
            3532       15 -0.402373757968E-05
            3532       16 -0.332140881207E-05
            3532       17 -0.276491535635E-05
            3532       18 -0.232151996551E-05
            3532       19 -0.196361666387E-05
            3532       20 -0.167183858735E-05
            3532       21 -0.143197450075E-05
            3532       22 -0.123290011529E-05
            3532       23 -0.106634611350E-05
            3532       24 -0.926028450945E-06
            3532       25 -0.806925599650E-06
            3532       26 -0.705041220352E-06
            3532       27 -0.617196261119E-06
            3532       28 -0.541654857116E-06
            3532       29 -0.476946733245E-06
            3532       30 -0.421067806145E-06
            3532       31 -0.372088852096E-06
            3532       32 -0.329349963371E-06
            3532       33 -0.292269900690E-06
            3532       34 -0.259946999126E-06
            3532       35 -0.231517931275E-06
            3532       36 -0.206623133048E-06
            3532       37 -0.184867258586E-06
            3532       38 -0.165730921592E-06
            3532       39 -0.148722689726E-06
            3532       40 -0.133642519554E-06
            3532       41 -0.120289165641E-06
            3532       42 -0.108407649020E-06
            3532       43 -0.980876922147E-07
            3532       44 -0.929666197179E-07
            3532       45 -0.883085584187E-07
            3532       46 -0.796879911497E-07
            3532       47 -0.721549914167E-07
            3532       48 -0.655005394333E-07
            3532       49 -0.595536286708E-07
            3532       50 -0.542293566955E-07
            3532       51 -0.494541347378E-07
            3532       52 -0.451640345469E-07
            3532       53 -0.413033974448E-07
            3532       54 -0.378236608154E-07
            3532       55 -0.346823654310E-07
            3532       56 -0.318423136079E-07
            3532       57 -0.292708535046E-07
            3532       58 -0.269392692009E-07
            3532       59 -0.248222597110E-07
            3532       60 -0.228974929563E-07
            3532       61 -0.211452230695E-07
            3532       62 -0.195479613395E-07
            3532       63 -0.180901926858E-07
            3532       64 -0.167581308723E-07
            3532       65 -0.155395067477E-07
            3532       66 -0.144233847083E-07
            3532       67 -0.134000033236E-07
            3532       68 -0.124606366916E-07
            3532       69 -0.115974736150E-07
            3532       70 -0.108035121244E-07
            3532       71 -0.100724672453E-07
            3532       72 -0.939869021237E-08
            3532       73 -0.877709759727E-08
            3532       74 -0.820310903648E-08
            3532       75 -0.767259243123E-08
            3532       76 -0.718181565153E-08
            3532       77 -0.672740391011E-08
            3532       78 -0.630630208701E-08
            3532       79 -0.591574138350E-08
            3532       80 -0.555320976769E-08
            3532       81 -0.521642574584E-08
            3532       82 -0.490331505464E-08
            3532       83 -0.461198992308E-08
            3532       84 -0.434073059733E-08
            3532       85 -0.408796886180E-08
            3532       86 -0.385227332297E-08
            3533        1  0.140113855942E-02
            3533        2  0.108700517436E-02
            3533        3  0.830891194080E-03
            3533        4  0.639668566336E-03
            3533        5  0.498331235699E-03
            3533        6  0.393367423663E-03
            3533        7  0.314475381020E-03
            3533        8  0.254481595475E-03
            3533        9  0.208337381126E-03
            3533       10  0.172462828909E-03
            3533       11  0.144253596616E-03
            3533       12  0.121798534086E-03
            3533       13  0.103690362850E-03
            3533       14  0.889067931478E-04
            3533       15  0.767115735986E-04
            3533       16  0.665708358559E-04
            3533       17  0.580811163520E-04
            3533       18  0.509264136774E-04
            3533       19  0.448646510057E-04
            3533       20  0.396868429326E-04
            3533       21  0.352429413736E-04
            3533       22  0.314047334012E-04
            3533       23  0.280769912407E-04
            3533       24  0.251769759660E-04
            3533       25  0.226423080662E-04
            3533       26  0.204178349102E-04
            3533       27  0.184591194642E-04
            3533       28  0.167267138199E-04
            3533       29  0.151933319594E-04
            3533       30  0.138344312691E-04
            3533       31  0.126252946555E-04
            3533       32  0.115432018273E-04
            3533       33  0.105739309355E-04
            3533       34  0.970493502568E-05
            3533       35  0.892360540686E-05
            3533       36  0.821848535698E-05
            3533       37  0.758170968613E-05
            3533       38  0.700600516504E-05
            3533       39  0.648407436920E-05
            3533       40  0.600940675246E-05
            3533       41  0.557741829200E-05
            3533       42  0.518379048603E-05
            3533       43  0.482412545961E-05
            3533       44  0.449458491016E-05
            3533       45  0.419369594591E-05
            3533       46  0.391773491511E-05
            3533       47  0.366367365042E-05
            3533       48  0.342985384249E-05
            3533       49  0.321439849904E-05
            3533       50  0.301560328220E-05
            3533       51  0.283194560834E-05
            3533       52  0.266206282430E-05
            3533       53  0.250473328899E-05
            3533       54  0.235885993647E-05
            3533       55  0.222345596385E-05
            3533       56  0.209763234343E-05
            3533       57  0.198058690389E-05
            3533       58  0.187159476457E-05
            3533       59  0.176999993911E-05
            3533       60  0.167520795159E-05
            3533       61  0.158667933130E-05
            3533       62  0.150392387156E-05
            3533       63  0.142649555400E-05
            3533       64  0.135398805379E-05
            3533       65  0.128603075283E-05
            3533       66  0.122228519785E-05
            3533       67  0.116244194897E-05
            3533       68  0.110621777148E-05
            3533       69  0.105335312973E-05
            3533       70  0.100360994751E-05
            3533       71  0.956769603766E-06
            3533       72  0.912631136514E-06
            3533       73  0.871009631132E-06
            3533       74  0.831734772327E-06
            3533       75  0.794649541444E-06
            3533       76  0.759609043110E-06
            3533       77  0.726479447097E-06
            3533       78  0.695137032978E-06
            3533       79  0.665467326579E-06
            3533       80  0.637364318544E-06
            3533       81  0.610729756424E-06
            3533       82  0.585472502678E-06
            3533       83  0.561507951853E-06
            3533       84  0.538757500918E-06
            3533       85  0.517148067438E-06
            3533       86  0.496611650831E-06
            3534        1 -0.644012533518E-03
            3534        2 -0.479083812896E-03
            3534        3 -0.351190261891E-03
            3534        4 -0.258547745215E-03
            3534        5 -0.192322649445E-03
            3534        6 -0.144940794539E-03
            3534        7 -0.110670665184E-03
            3534        8 -0.856005076644E-04
            3534        9 -0.670690942831E-04
            3534       10 -0.532248337698E-04
            3534       11 -0.427690702717E-04
            3534       12 -0.347724581503E-04
            3534       13 -0.285679829305E-04
            3534       14 -0.236838949676E-04
            3534       15 -0.197896853597E-04
            3534       16 -0.166529382916E-04
            3534       17 -0.141044474518E-04
            3534       18 -0.120184379880E-04
            3534       19 -0.102996914850E-04
            3534       20 -0.886983465102E-05
            3534       21 -0.767299139603E-05
            3534       22 -0.666417010830E-05
            3534       23 -0.580964473911E-05
            3534       24 -0.508199050349E-05
            3534       25 -0.446033012779E-05
            3534       26 -0.392702695564E-05
            3534       27 -0.346760793526E-05
            3534       28 -0.307025222680E-05
            3534       29 -0.272649278112E-05
            3534       30 -0.242858622879E-05
            3534       31 -0.216889640757E-05
            3534       32 -0.194118042234E-05
            3534       33 -0.174139312470E-05
            3534       34 -0.156592149286E-05
            3534       35 -0.141119988768E-05
            3534       36 -0.127423826194E-05
            3534       37 -0.115293695712E-05
            3534       38 -0.104535690800E-05
            3534       39 -0.949587851597E-06
            3534       40 -0.864035422381E-06
            3534       41 -0.787542407355E-06
            3534       42 -0.719020775895E-06
            3534       43 -0.657668429781E-06
            3534       44 -0.605687336918E-06
            3534       45 -0.560352732016E-06
            3534       46 -0.515766274062E-06
            3534       47 -0.474247365227E-06
            3534       48 -0.436632842756E-06
            3534       49 -0.402541768192E-06
            3534       50 -0.371595085309E-06
            3534       51 -0.343459626726E-06
            3534       52 -0.317841958772E-06
            3534       53 -0.294483129983E-06
            3534       54 -0.273154179475E-06
            3534       55 -0.253652285971E-06
            3534       56 -0.235797458432E-06
            3534       57 -0.219429685651E-06
            3534       58 -0.204406475792E-06
            3534       59 -0.190600727976E-06
            3534       60 -0.177898887306E-06
            3534       61 -0.166199342347E-06
            3534       62 -0.155411030492E-06
            3534       63 -0.145452221919E-06
            3534       64 -0.136249457312E-06
            3534       65 -0.127736618229E-06
            3534       66 -0.119854112125E-06
            3534       67 -0.112548156663E-06
            3534       68 -0.105770150177E-06
            3534       69 -0.994761170077E-07
            3534       70 -0.936262180386E-07
            3534       71 -0.881843180966E-07
            3534       72 -0.831176030426E-07
            3534       73 -0.783962403301E-07
            3534       74 -0.739930776883E-07
            3534       75 -0.698833752454E-07
            3534       76 -0.660445670811E-07
            3534       77 -0.624560486729E-07
            3534       78 -0.590989871836E-07
            3534       79 -0.559561519200E-07
            3534       80 -0.530117626254E-07
            3534       81 -0.502513535665E-07
            3534       82 -0.476616516240E-07
            3534       83 -0.452304668150E-07
            3534       84 -0.429465938694E-07
            3534       85 -0.407997236426E-07
            3534       86 -0.387803632946E-07
