            4401        1  0.378247175264E-04
            4401        2  0.533229352574E-04
            4401        3  0.492354590451E-04
            4401        4  0.400566912856E-04
            4401        5  0.306431877978E-04
            4401        6  0.228435989208E-04
            4401        7  0.169889243035E-04
            4401        8  0.127685762262E-04
            4401        9  0.972904007749E-05
            4401       10  0.751810612308E-05
            4401       11  0.588199025515E-05
            4401       12  0.466203013306E-05
            4401       13  0.374967719394E-05
            4401       14  0.306046877360E-05
            4401       15  0.252857682946E-05
            4401       16  0.210804491769E-05
            4401       17  0.176848439707E-05
            4401       18  0.149272335043E-05
            4401       19  0.126718481285E-05
            4401       20  0.108177593185E-05
            4401       21  0.928380102298E-06
            4401       22  0.800319880856E-06
            4401       23  0.692236292761E-06
            4401       24  0.600147377655E-06
            4401       25  0.521312323525E-06
            4401       26  0.453627054471E-06
            4401       27  0.395254431789E-06
            4401       28  0.345136621339E-06
            4401       29  0.302315598824E-06
            4401       30  0.265544537000E-06
            4401       31  0.233605939726E-06
            4401       32  0.205987670586E-06
            4401       33  0.182214847607E-06
            4401       34  0.161650195875E-06
            4401       35  0.143674740044E-06
            4401       36  0.127977691681E-06
            4401       37  0.114283744917E-06
            4401       38  0.102265020964E-06
            4401       39  0.916082718040E-07
            4401       40  0.821737361064E-07
            4401       41  0.738330710905E-07
            4401       42  0.664327001230E-07
            4401       43  0.599693034365E-07
            4401       44  0.559511235703E-07
            4401       45  0.522174030655E-07
            4401       46  0.470640038439E-07
            4401       47  0.426247527616E-07
            4401       48  0.386941068155E-07
            4401       49  0.351813434379E-07
            4401       50  0.320363244538E-07
            4401       51  0.292155919396E-07
            4401       52  0.266813922505E-07
            4401       53  0.244008548215E-07
            4401       54  0.223452993178E-07
            4401       55  0.204896495396E-07
            4401       56  0.188119363649E-07
            4401       57  0.172928751627E-07
            4401       58  0.159155056558E-07
            4401       59  0.146648842888E-07
            4401       60  0.135278208534E-07
            4401       61  0.124926525052E-07
            4401       62  0.115490494512E-07
            4401       63  0.106878475212E-07
            4401       64  0.990090361202E-08
            4401       65  0.918097063411E-08
            4401       66  0.852158912172E-08
            4401       67  0.791699311222E-08
            4401       68  0.736202826577E-08
            4401       69  0.685208050864E-08
            4401       70  0.638301373957E-08
            4401       71  0.595111535664E-08
            4401       72  0.555304854470E-08
            4401       73  0.518581041711E-08
            4401       74  0.484669523622E-08
            4401       75  0.453326204686E-08
            4401       76  0.424330615089E-08
            4401       77  0.397483393043E-08
            4401       78  0.372604059483E-08
            4401       79  0.349529048461E-08
            4401       80  0.328109961480E-08
            4401       81  0.308212018250E-08
            4401       82  0.289712679960E-08
            4401       83  0.272500424322E-08
            4401       84  0.256473654277E-08
            4401       85  0.241539724597E-08
            4401       86  0.227614072616E-08
            4403        1  0.893131470884E-03
            4403        2  0.619315318274E-03
            4403        3  0.434675713142E-03
            4403        4  0.310422217778E-03
            4403        5  0.225983165916E-03
            4403        6  0.167776753802E-03
            4403        7  0.126896427867E-03
            4403        8  0.976250851445E-04
            4403        9  0.762830042216E-04
            4403       10  0.604505511372E-04
            4403       11  0.485228577078E-04
            4403       12  0.394002134046E-04
            4403       13  0.323190051111E-04
            4403       14  0.267455957880E-04
            4403       15  0.223049021910E-04
            4403       16  0.187306615737E-04
            4403       17  0.158287530789E-04
            4403       18  0.134542999938E-04
            4403       19  0.114996797697E-04
            4403       20  0.987618675769E-05
            4403       21  0.852023274604E-05
            4403       22  0.738050286092E-05
            4403       23  0.641886586299E-05
            4403       24  0.560353946417E-05
            4403       25  0.490978826486E-05
            4403       26  0.431649191398E-05
            4403       27  0.380674710397E-05
            4403       28  0.336674960457E-05
            4403       29  0.298689423154E-05
            4403       30  0.265829378834E-05
            4403       31  0.237216187922E-05
            4403       32  0.212140152464E-05
            4403       33  0.190158024624E-05
            4403       34  0.170866712423E-05
            4403       35  0.153867925201E-05
            4403       36  0.138832949937E-05
            4403       37  0.125530704235E-05
            4403       38  0.113743029494E-05
            4403       39  0.103254709797E-05
            4403       40  0.938900907225E-06
            4403       41  0.855244405084E-06
            4403       42  0.780390014296E-06
            4403       43  0.713335064317E-06
            4403       44  0.655107326077E-06
            4403       45  0.603794984647E-06
            4403       46  0.555181508897E-06
            4403       47  0.510442138834E-06
            4403       48  0.469932728873E-06
            4403       49  0.433220470248E-06
            4403       50  0.399896561628E-06
            4403       51  0.369601730913E-06
            4403       52  0.342019586121E-06
            4403       53  0.316870943330E-06
            4403       54  0.293908976058E-06
            4403       55  0.272915057117E-06
            4403       56  0.253695185739E-06
            4403       57  0.236076910638E-06
            4403       58  0.219906674318E-06
            4403       59  0.205047516069E-06
            4403       60  0.191377081075E-06
            4403       61  0.178785891348E-06
            4403       62  0.167175841118E-06
            4403       63  0.156458885043E-06
            4403       64  0.146555892391E-06
            4403       65  0.137395644403E-06
            4403       66  0.128913955393E-06
            4403       67  0.121052900988E-06
            4403       68  0.113760139333E-06
            4403       69  0.106988313076E-06
            4403       70  0.100694521679E-06
            4403       71  0.948398550901E-07
            4403       72  0.893889809883E-07
            4403       73  0.843097789272E-07
            4403       74  0.795730155827E-07
            4403       75  0.751520560648E-07
            4403       76  0.710226069599E-07
            4403       77  0.671624872912E-07
            4403       78  0.635514241053E-07
            4403       79  0.601708698018E-07
            4403       80  0.570038386889E-07
            4403       81  0.540347605612E-07
            4403       82  0.512493493727E-07
            4403       83  0.486344853070E-07
            4403       84  0.461781087604E-07
            4403       85  0.438691249247E-07
            4403       86  0.416973178163E-07
            4405        1 -0.203422562017E-03
            4405        2 -0.153529627015E-03
            4405        3 -0.115250273928E-03
            4405        4 -0.890837764264E-04
            4405        5 -0.710904928167E-04
            4405        6 -0.581214732207E-04
            4405        7 -0.481913548945E-04
            4405        8 -0.403161605992E-04
            4405        9 -0.339792442591E-04
            4405       10 -0.288316847003E-04
            4405       11 -0.246173497164E-04
            4405       12 -0.211340714379E-04
            4405       13 -0.182278777444E-04
            4405       14 -0.157872068297E-04
            4405       15 -0.137306423464E-04
            4405       16 -0.119944844224E-04
            4405       17 -0.105254334713E-04
            4405       18 -0.927420472210E-05
            4405       19 -0.820475260241E-05
            4405       20 -0.728351809397E-05
            4405       21 -0.648789473375E-05
            4405       22 -0.579802222813E-05
            4405       23 -0.519851738000E-05
            4405       24 -0.467515950368E-05
            4405       25 -0.421723258366E-05
            4405       26 -0.381490126020E-05
            4405       27 -0.346020647171E-05
            4405       28 -0.314561605301E-05
            4405       29 -0.286619432698E-05
            4405       30 -0.261778094954E-05
            4405       31 -0.239615602570E-05
            4405       32 -0.219703033990E-05
            4405       33 -0.201790080122E-05
            4405       34 -0.185670914006E-05
            4405       35 -0.171136768438E-05
            4405       36 -0.157979429006E-05
            4405       37 -0.146060436165E-05
            4405       38 -0.135255902955E-05
            4405       39 -0.125440124869E-05
            4405       40 -0.116491158508E-05
            4405       41 -0.108326328773E-05
            4405       42 -0.100869770245E-05
            4405       43 -0.940268174567E-06
            4405       44 -0.875396011964E-06
            4405       45 -0.815991290985E-06
            4405       46 -0.763642796137E-06
            4405       47 -0.715351937244E-06
            4405       48 -0.670771875306E-06
            4405       49 -0.629595910318E-06
            4405       50 -0.591518279804E-06
            4405       51 -0.556264630390E-06
            4405       52 -0.523588403350E-06
            4405       53 -0.493267678824E-06
            4405       54 -0.465102415246E-06
            4405       55 -0.438912030093E-06
            4405       56 -0.414533276012E-06
            4405       57 -0.391818372942E-06
            4405       58 -0.370633362623E-06
            4405       59 -0.350856656579E-06
            4405       60 -0.332377752753E-06
            4405       61 -0.315096099408E-06
            4405       62 -0.298920087828E-06
            4405       63 -0.283766157870E-06
            4405       64 -0.269558002545E-06
            4405       65 -0.256225859645E-06
            4405       66 -0.243705879993E-06
            4405       67 -0.231939563258E-06
            4405       68 -0.220873253413E-06
            4405       69 -0.210457686959E-06
            4405       70 -0.200647587847E-06
            4405       71 -0.191401303829E-06
            4405       72 -0.182680479602E-06
            4405       73 -0.174449762643E-06
            4405       74 -0.166676538183E-06
            4405       75 -0.159330690130E-06
            4405       76 -0.152384385174E-06
            4405       77 -0.145811877598E-06
            4405       78 -0.139589332629E-06
            4405       79 -0.133694666384E-06
            4405       80 -0.128107400709E-06
            4405       81 -0.122808531392E-06
            4405       82 -0.117780408390E-06
            4405       83 -0.113006626882E-06
            4405       84 -0.108471928050E-06
            4405       85 -0.104162108664E-06
            4405       86 -0.100063938589E-06
            4407        1  0.132011242954E-02
            4407        2  0.748547983492E-03
            4407        3  0.433130626459E-03
            4407        4  0.252487649496E-03
            4407        5  0.146585659611E-03
            4407        6  0.838807693770E-04
            4407        7  0.468769516209E-04
            4407        8  0.253467960240E-04
            4407        9  0.131165647457E-04
            4407       10  0.638631218629E-05
            4407       11  0.282790205845E-05
            4407       12  0.104725161232E-05
            4407       13  0.233187911438E-06
            4407       14 -0.775481242691E-07
            4407       15 -0.143979674281E-06
            4407       16 -0.108493796931E-06
            4407       17 -0.400754287374E-07
            4407       18  0.204953149060E-07
            4407       19  0.714215304449E-07
            4407       20  0.105999064486E-06
            4407       21  0.125505062875E-06
            4407       22  0.133110047041E-06
            4407       23  0.132779756197E-06
            4407       24  0.127432107137E-06
            4407       25  0.118934676300E-06
            4407       26  0.108971528800E-06
            4407       27  0.985955867044E-07
            4407       28  0.885184190946E-07
            4407       29  0.788906436036E-07
            4407       30  0.698496474917E-07
            4407       31  0.615355482391E-07
            4407       32  0.540767136132E-07
            4407       33  0.474505294743E-07
            4407       34  0.415656127358E-07
            4407       35  0.363271370346E-07
            4407       36  0.317178496011E-07
            4407       37  0.277076786941E-07
            4407       38  0.242198160716E-07
            4407       39  0.211744838052E-07
            4407       40  0.185361192194E-07
            4407       41  0.162805295258E-07
            4407       42  0.143651578227E-07
            4407       43  0.126248779854E-07
            4407       44  0.867486045730E-08
            4407       45  0.299778146402E-08
            4407       46  0.121086495755E-08
            4407       47  0.105931625942E-08
            4407       48  0.972473316334E-09
            4407       49  0.892690989491E-09
            4407       50  0.819509281811E-09
            4407       51  0.752460599890E-09
            4407       52  0.691083505210E-09
            4407       53  0.634931865295E-09
            4407       54  0.583580674667E-09
            4407       55  0.536629481958E-09
            4407       56  0.493704113475E-09
            4407       57  0.454457200569E-09
            4407       58  0.418567883754E-09
            4407       59  0.385740965561E-09
            4407       60  0.355705710333E-09
            4407       61  0.328214433754E-09
            4407       62  0.303040984270E-09
            4407       63  0.279979188406E-09
            4407       64  0.258841309747E-09
            4407       65  0.239456555128E-09
            4407       66  0.221669649557E-09
            4407       67  0.205339492979E-09
            4407       68  0.190337905628E-09
            4407       69  0.176548464427E-09
            4407       70  0.163865429884E-09
            4407       71  0.152192760809E-09
            4407       72  0.141443212901E-09
            4407       73  0.131537516392E-09
            4407       74  0.122403627617E-09
            4407       75  0.113976049019E-09
            4407       76  0.106195212316E-09
            4407       77  0.990069195982E-10
            4407       78  0.923618373640E-10
            4407       79  0.862150388174E-10
            4407       80  0.805255900180E-10
            4407       81  0.752561758385E-10
            4407       82  0.703727619636E-10
            4407       83  0.658442894957E-10
            4407       84  0.616423990401E-10
            4407       85  0.577411813934E-10
            4407       86  0.541169522478E-10
            4409        1  0.101116209893E-02
            4409        2  0.580617958332E-03
            4409        3  0.338446593082E-03
            4409        4  0.198011787778E-03
            4409        5  0.114987270196E-03
            4409        6  0.656077115637E-04
            4409        7  0.364240579259E-04
            4409        8  0.194800096149E-04
            4409        9  0.990390916470E-05
            4409       10  0.468816634008E-05
            4409       11  0.197030565879E-05
            4409       12  0.639144780668E-06
            4409       13  0.538114086640E-07
            4409       14 -0.147265455154E-06
            4409       15 -0.165352549728E-06
            4409       16 -0.111425623699E-06
            4409       17 -0.391390494885E-07
            4409       18  0.203794210634E-07
            4409       19  0.673054716793E-07
            4409       20  0.978715041418E-07
            4409       21  0.113968370260E-06
            4409       22  0.118940954767E-06
            4409       23  0.116823321432E-06
            4409       24  0.110645361390E-06
            4409       25  0.102057058952E-06
            4409       26  0.925071315024E-07
            4409       27  0.828733676931E-07
            4409       28  0.737638311635E-07
            4409       29  0.652471968144E-07
            4409       30  0.573785577965E-07
            4409       31  0.502207111940E-07
            4409       32  0.438548404192E-07
            4409       33  0.382403070243E-07
            4409       34  0.332884671367E-07
            4409       35  0.289098416442E-07
            4409       36  0.250833121110E-07
            4409       37  0.217791755099E-07
            4409       38  0.189336435646E-07
            4409       39  0.164815660394E-07
            4409       40  0.143917050222E-07
            4409       41  0.126324583723E-07
            4409       42  0.111576673026E-07
            4409       43  0.981173871925E-08
            4409       44  0.664927465746E-08
            4409       45  0.231236659261E-08
            4409       46  0.991059179715E-09
            4409       47  0.866003579822E-09
            4409       48  0.794980771508E-09
            4409       49  0.729737002952E-09
            4409       50  0.669894791405E-09
            4409       51  0.615070731954E-09
            4409       52  0.564886680416E-09
            4409       53  0.518977188066E-09
            4409       54  0.476994223569E-09
            4409       55  0.438609945550E-09
            4409       56  0.403518088418E-09
            4409       57  0.371434375051E-09
            4409       58  0.342096260127E-09
            4409       59  0.315262225788E-09
            4409       60  0.290710790978E-09
            4409       61  0.268239350777E-09
            4409       62  0.247662928822E-09
            4409       63  0.228812901421E-09
            4409       64  0.211535733779E-09
            4409       65  0.195691755577E-09
            4409       66  0.181153993378E-09
            4409       67  0.167807070414E-09
            4409       68  0.155546179201E-09
            4409       69  0.144276128914E-09
            4409       70  0.133910467000E-09
            4409       71  0.124370672801E-09
            4409       72  0.115585419907E-09
            4409       73  0.107489903289E-09
            4409       74  0.100025226966E-09
            4409       75  0.931378477241E-10
            4409       76  0.867790705374E-10
            4409       77  0.809045914139E-10
            4409       78  0.754740835609E-10
            4409       79  0.704508230541E-10
            4409       80  0.658013503826E-10
            4409       81  0.614951645673E-10
            4409       82  0.575044467618E-10
            4409       83  0.538038105320E-10
            4409       84  0.503700762441E-10
            4409       85  0.471820672151E-10
            4409       86  0.442204255075E-10
            4411        1 -0.358756594481E-02
            4411        2 -0.236750302639E-02
            4411        3 -0.156845347633E-02
            4411        4 -0.103660243714E-02
            4411        5 -0.681001266069E-03
            4411        6 -0.443472524177E-03
            4411        7 -0.285687393623E-03
            4411        8 -0.181739765228E-03
            4411        9 -0.113950827484E-03
            4411       10 -0.702336383034E-04
            4411       11 -0.423851113093E-04
            4411       12 -0.248884454201E-04
            4411       13 -0.140715566329E-04
            4411       14 -0.751646706317E-05
            4411       15 -0.364436030761E-05
            4411       16 -0.143760264671E-05
            4411       17 -0.239748918273E-06
            4411       18  0.357502534201E-06
            4411       19  0.601003348269E-06
            4411       20  0.663340186695E-06
            4411       21  0.627921195162E-06
            4411       22  0.550465676254E-06
            4411       23  0.458602826140E-06
            4411       24  0.369786328442E-06
            4411       25  0.289776069761E-06
            4411       26  0.221506534028E-06
            4411       27  0.164855187864E-06
            4411       28  0.119170427315E-06
            4411       29  0.829156670642E-07
            4411       30  0.546280528116E-07
            4411       31  0.328352838948E-07
            4411       32  0.162475240547E-07
            4411       33  0.387014454616E-08
            4411       34 -0.506841152173E-08
            4411       35 -0.113619282974E-07
            4411       36 -0.157859683567E-07
            4411       37 -0.187633135083E-07
            4411       38 -0.205743998453E-07
            4411       39 -0.215153043112E-07
            4411       40 -0.218959476629E-07
            4411       41 -0.218580485911E-07
            4411       42 -0.214797217803E-07
            4411       43 -0.209609693958E-07
            4411       44 -0.220560862385E-07
            4411       45 -0.224300467933E-07
            4411       46 -0.205500480463E-07
            4411       47 -0.193958999344E-07
            4411       48 -0.183576133491E-07
            4411       49 -0.173438228129E-07
            4411       50 -0.163625642795E-07
            4411       51 -0.154192588744E-07
            4411       52 -0.145173315239E-07
            4411       53 -0.136586923468E-07
            4411       54 -0.128441111688E-07
            4411       55 -0.120735086764E-07
            4411       56 -0.113461824612E-07
            4411       57 -0.106609821600E-07
            4411       58 -0.100164447627E-07
            4411       59 -0.941089873970E-08
            4411       60 -0.884254376116E-08
            4411       61 -0.830951130913E-08
            4411       62 -0.780991035120E-08
            4411       63 -0.734186134313E-08
            4411       64 -0.690352113411E-08
            4411       65 -0.649310079725E-08
            4411       66 -0.610887797780E-08
            4411       67 -0.574920501268E-08
            4411       68 -0.541251380614E-08
            4411       69 -0.509731823748E-08
            4411       70 -0.480221470888E-08
            4411       71 -0.452588131032E-08
            4411       72 -0.426707597478E-08
            4411       73 -0.402463391432E-08
            4411       74 -0.379746456320E-08
            4411       75 -0.358454820204E-08
            4411       76 -0.338493239747E-08
            4411       77 -0.319772835891E-08
            4411       78 -0.302210728911E-08
            4411       79 -0.285729678577E-08
            4411       80 -0.270257733525E-08
            4411       81 -0.255727892795E-08
            4411       82 -0.242077781499E-08
            4411       83 -0.229249341887E-08
            4411       84 -0.217188540514E-08
            4411       85 -0.205845091761E-08
            4411       86 -0.195172197669E-08
            4413        1 -0.230144063150E-03
            4413        2 -0.943820743589E-04
            4413        3 -0.332529449514E-04
            4413        4 -0.509121378578E-05
            4413        5  0.765206802069E-05
            4413        6  0.129486302208E-04
            4413        7  0.144817887620E-04
            4413        8  0.141362660040E-04
            4413        9  0.129321364153E-04
            4413       10  0.114023653050E-04
            4413       11  0.983118279848E-05
            4413       12  0.835363611532E-05
            4413       13  0.702524462859E-05
            4413       14  0.586361904218E-05
            4413       15  0.486833703767E-05
            4413       16  0.403124411435E-05
            4413       17  0.333689190880E-05
            4413       18  0.276920089641E-05
            4413       19  0.230359394258E-05
            4413       20  0.192438058485E-05
            4413       21  0.161501014735E-05
            4413       22  0.136276970004E-05
            4413       23  0.115527075731E-05
            4413       24  0.983688366221E-06
            4413       25  0.841135449476E-06
            4413       26  0.722120252334E-06
            4413       27  0.621782022566E-06
            4413       28  0.537159864539E-06
            4413       29  0.466100837548E-06
            4413       30  0.406002713308E-06
            4413       31  0.354306552932E-06
            4413       32  0.309848978955E-06
            4413       33  0.271824765971E-06
            4413       34  0.239159614309E-06
            4413       35  0.210802720764E-06
            4413       36  0.186234374609E-06
            4413       37  0.165009176648E-06
            4413       38  0.146575693997E-06
            4413       39  0.130400712559E-06
            4413       40  0.116236343286E-06
            4413       41  0.103864378955E-06
            4413       42  0.930197501445E-07
            4413       43  0.835165772397E-07
            4413       44  0.756349516836E-07
            4413       45  0.676992533010E-07
            4413       46  0.604517332575E-07
            4413       47  0.547417724789E-07
            4413       48  0.496960987872E-07
            4413       49  0.451865465997E-07
            4413       50  0.411488349191E-07
            4413       51  0.375272404916E-07
            4413       52  0.342733487006E-07
            4413       53  0.313450023347E-07
            4413       54  0.287054144923E-07
            4413       55  0.263224180349E-07
            4413       56  0.241678289568E-07
            4413       57  0.222169050501E-07
            4413       58  0.204478845000E-07
            4413       59  0.188415916949E-07
            4413       60  0.173810997008E-07
            4413       61  0.160514406191E-07
            4413       62  0.148393565077E-07
            4413       63  0.137330847387E-07
            4413       64  0.127221726591E-07
            4413       65  0.117973172409E-07
            4413       66  0.109502260841E-07
            4413       67  0.101734967078E-07
            4413       68  0.946051153028E-08
            4413       69  0.880534633894E-08
            4413       70  0.820269037998E-08
            4413       71  0.764777647453E-08
            4413       72  0.713631980378E-08
            4413       73  0.666446420164E-08
            4413       74  0.622873496062E-08
            4413       75  0.582599729792E-08
            4413       76  0.545341974828E-08
            4413       77  0.510844185245E-08
            4413       78  0.478874559640E-08
            4413       79  0.449223013109E-08
            4413       80  0.421698936531E-08
            4413       81  0.396129207888E-08
            4413       82  0.372356424962E-08
            4413       83  0.350237332785E-08
            4413       84  0.329641422617E-08
            4413       85  0.310449682247E-08
            4413       86  0.292553479916E-08
            4415        1 -0.220561143885E-02
            4415        2 -0.156020473001E-02
            4415        3 -0.107045180874E-02
            4415        4 -0.717405512018E-03
            4415        5 -0.470609701340E-03
            4415        6 -0.302041247686E-03
            4415        7 -0.189191378367E-03
            4415        8 -0.115092124034E-03
            4415        9 -0.673459538304E-04
            4415       10 -0.371871211946E-04
            4415       11 -0.185925162049E-04
            4415       12 -0.748160933498E-05
            4415       13 -0.113043819657E-05
            4415       14  0.225898791876E-05
            4415       15  0.385649125406E-05
            4415       16  0.440903935143E-05
            4415       17  0.438647212691E-05
            4415       18  0.407366212688E-05
            4415       19  0.362812724728E-05
            4415       20  0.315813740967E-05
            4415       21  0.270676055378E-05
            4415       22  0.229939963099E-05
            4415       23  0.194165408400E-05
            4415       24  0.163504355957E-05
            4415       25  0.137497760477E-05
            4415       26  0.115640736335E-05
            4415       27  0.972868149170E-06
            4415       28  0.819822188540E-06
            4415       29  0.693093653693E-06
            4415       30  0.588023712498E-06
            4415       31  0.499999139216E-06
            4415       32  0.426316111723E-06
            4415       33  0.364963484776E-06
            4415       34  0.313794683613E-06
            4415       35  0.270675303046E-06
            4415       36  0.234201034650E-06
            4415       37  0.203410433432E-06
            4415       38  0.177343918631E-06
            4415       39  0.155052364077E-06
            4415       40  0.135939196985E-06
            4415       41  0.119574871879E-06
            4415       42  0.105526415157E-06
            4415       43  0.933280481940E-07
            4415       44  0.815935027033E-07
            4415       45  0.703442620893E-07
            4415       46  0.622296939224E-07
            4415       47  0.556546306817E-07
            4415       48  0.498664052010E-07
            4415       49  0.447686185452E-07
            4415       50  0.402688416199E-07
            4415       51  0.362883089769E-07
            4415       52  0.327597159983E-07
            4415       53  0.296253995623E-07
            4415       54  0.268358306814E-07
            4415       55  0.243483617887E-07
            4415       56  0.221261825599E-07
            4415       57  0.201374470524E-07
            4415       58  0.183545420143E-07
            4415       59  0.167534718707E-07
            4415       60  0.153133404196E-07
            4415       61  0.140159129154E-07
            4415       62  0.128452451526E-07
            4415       63  0.117873685408E-07
            4415       64  0.108300220912E-07
            4415       65  0.996242380665E-08
            4415       66  0.917507524773E-08
            4415       67  0.845959410077E-08
            4415       68  0.780857043198E-08
            4415       69  0.721544302505E-08
            4415       70  0.667439278309E-08
            4415       71  0.618025066128E-08
            4415       72  0.572841799867E-08
            4415       73  0.531479745150E-08
            4415       74  0.493573300908E-08
            4415       75  0.458795780609E-08
            4415       76  0.426854863972E-08
            4415       77  0.397488626372E-08
            4415       78  0.370462066874E-08
            4415       79  0.345564067401E-08
            4415       80  0.322604725339E-08
            4415       81  0.301413010133E-08
            4415       82  0.281834701437E-08
            4415       83  0.263730572332E-08
            4415       84  0.246974786206E-08
            4415       85  0.231453480169E-08
            4415       86  0.217063511593E-08
            4417        1 -0.145181325037E-02
            4417        2 -0.106334647935E-02
            4417        3 -0.748434454972E-03
            4417        4 -0.512134612154E-03
            4417        5 -0.342437649949E-03
            4417        6 -0.224251314003E-03
            4417        7 -0.143914689930E-03
            4417        8 -0.904136171347E-04
            4417        9 -0.554169126995E-04
            4417       10 -0.329167287385E-04
            4417       11 -0.186971870177E-04
            4417       12 -0.989423399231E-05
            4417       13 -0.459095161185E-05
            4417       14 -0.151151995207E-05
            4417       15  0.183151790933E-06
            4417       16  0.103513290906E-05
            4417       17  0.139362104495E-05
            4417       18  0.147342126055E-05
            4417       19  0.140120718903E-05
            4417       20  0.126353775210E-05
            4417       21  0.110135911435E-05
            4417       22  0.940406187361E-06
            4417       23  0.791623397782E-06
            4417       24  0.660968618664E-06
            4417       25  0.548804583799E-06
            4417       26  0.454243796028E-06
            4417       27  0.375045732935E-06
            4417       28  0.309456000406E-06
            4417       29  0.255605121100E-06
            4417       30  0.211491420832E-06
            4417       31  0.175132646235E-06
            4417       32  0.145253086876E-06
            4417       33  0.120861572467E-06
            4417       34  0.100986977655E-06
            4417       35  0.846575294078E-07
            4417       36  0.711580219933E-07
            4417       37  0.600257712045E-07
            4417       38  0.508465471723E-07
            4417       39  0.432053304767E-07
            4417       40  0.368025116354E-07
            4417       41  0.314461394619E-07
            4417       42  0.269646906207E-07
            4417       43  0.230958733877E-07
            4417       44  0.181734420904E-07
            4417       45  0.135499228794E-07
            4417       46  0.116599622241E-07
            4417       47  0.100559519351E-07
            4417       48  0.863826912411E-08
            4417       49  0.742744126670E-08
            4417       50  0.639147602546E-08
            4417       51  0.550365299465E-08
            4417       52  0.474159880102E-08
            4417       53  0.408653446269E-08
            4417       54  0.352266106851E-08
            4417       55  0.303665688424E-08
            4417       56  0.261726450654E-08
            4417       57  0.225495100952E-08
            4417       58  0.194162743381E-08
            4417       59  0.167041665943E-08
            4417       60  0.143546083703E-08
            4417       61  0.123176124957E-08
            4417       62  0.105504482968E-08
            4417       63  0.901652642788E-09
            4417       64  0.768446515298E-09
            4417       65  0.652730687836E-09
            4417       66  0.552185938990E-09
            4417       67  0.464814082640E-09
            4417       68  0.388891113642E-09
            4417       69  0.322927578932E-09
            4417       70  0.265634997668E-09
            4417       71  0.215897356027E-09
            4417       72  0.172746867386E-09
            4417       73  0.135343324734E-09
            4417       74  0.102956483777E-09
            4417       75  0.749510079834E-10
            4417       76  0.507735827515E-10
            4417       77  0.299418695694E-10
            4417       78  0.120350234723E-10
            4417       79 -0.331445913338E-11
            4417       80 -0.164277586731E-10
            4417       81 -0.275857825178E-10
            4417       82 -0.370343874082E-10
            4417       83 -0.449888931930E-10
            4417       84 -0.516379888595E-10
            4417       85 -0.571471167678E-10
            4417       86 -0.616614082145E-10
            4419        1  0.194479806583E-02
            4419        2  0.126971928108E-02
            4419        3  0.864041173235E-03
            4419        4  0.607067849633E-03
            4419        5  0.437633484548E-03
            4419        6  0.322158782430E-03
            4419        7  0.241507324291E-03
            4419        8  0.184060164070E-03
            4419        9  0.142458089042E-03
            4419       10  0.111878984087E-03
            4419       11  0.890616671515E-04
            4419       12  0.717779082952E-04
            4419       13  0.584882910113E-04
            4419       14  0.481224581222E-04
            4419       15  0.399322637776E-04
            4419       16  0.333888989838E-04
            4419       17  0.281086544006E-04
            4419       18  0.238101610895E-04
            4419       19  0.202889710919E-04
            4419       20  0.173763041938E-04
            4419       21  0.149552440486E-04
            4419       22  0.129286152788E-04
            4419       23  0.112240594920E-04
            4419       24  0.978112295962E-05
            4419       25  0.855546058961E-05
            4419       26  0.750907508709E-05
            4419       27  0.661166398494E-05
            4419       28  0.583816888421E-05
            4419       29  0.517155966479E-05
            4419       30  0.459612335262E-05
            4419       31  0.409625674623E-05
            4419       32  0.365902193178E-05
            4419       33  0.327648365015E-05
            4419       34  0.294146167080E-05
            4419       35  0.264682416714E-05
            4419       36  0.238654306970E-05
            4419       37  0.215653997680E-05
            4419       38  0.195300646921E-05
            4419       39  0.177216160281E-05
            4419       40  0.161083926234E-05
            4419       41  0.146686082734E-05
            4419       42  0.133816660983E-05
            4419       43  0.122270086011E-05
            4419       44  0.111865103814E-05
            4419       45  0.102610928554E-05
            4419       46  0.942816907793E-06
            4419       47  0.866719982168E-06
            4419       48  0.797819681577E-06
            4419       49  0.735390250734E-06
            4419       50  0.678733517395E-06
            4419       51  0.627236102927E-06
            4419       52  0.580358008717E-06
            4419       53  0.537622884634E-06
            4419       54  0.498609710807E-06
            4419       55  0.462945670134E-06
            4419       56  0.430300026673E-06
            4419       57  0.400378855886E-06
            4419       58  0.372920498156E-06
            4419       59  0.347691627815E-06
            4419       60  0.324483847265E-06
            4419       61  0.303110730025E-06
            4419       62  0.283405248475E-06
            4419       63  0.265217531928E-06
            4419       64  0.248412908967E-06
            4419       65  0.232870194885E-06
            4419       66  0.218480190900E-06
            4419       67  0.205144366667E-06
            4419       68  0.192773701780E-06
            4419       69  0.181287665387E-06
            4419       70  0.170613316038E-06
            4419       71  0.160684506343E-06
            4419       72  0.151441179199E-06
            4419       73  0.142828744074E-06
            4419       74  0.134797523501E-06
            4419       75  0.127302261127E-06
            4419       76  0.120301683915E-06
            4419       77  0.113758111984E-06
            4419       78  0.107637110459E-06
            4419       79  0.101907178408E-06
            4419       80  0.965394705567E-07
            4419       81  0.915075480352E-07
            4419       82  0.867871548444E-07
            4419       83  0.823560171628E-07
            4419       84  0.781936629490E-07
            4419       85  0.742812596043E-07
            4419       86  0.706014677257E-07
            4421        1 -0.739842349365E-02
            4421        2 -0.439601434167E-02
            4421        3 -0.259812134750E-02
            4421        4 -0.151285902941E-02
            4421        5 -0.860567599374E-03
            4421        6 -0.473808217714E-03
            4421        7 -0.249825176309E-03
            4421        8 -0.124451713955E-03
            4421        9 -0.575526531705E-04
            4421       10 -0.242444225290E-04
            4421       11 -0.941658699352E-05
            4421       12 -0.415639714484E-05
            4421       13 -0.340819177526E-05
            4421       14 -0.444437401999E-05
            4421       15 -0.589313142913E-05
            4421       16 -0.713795458134E-05
            4421       17 -0.796487916313E-05
            4421       18 -0.834333153926E-05
            4421       19 -0.836923025258E-05
            4421       20 -0.810863061599E-05
            4421       21 -0.766626760302E-05
            4421       22 -0.711656156208E-05
            4421       23 -0.651946661215E-05
            4421       24 -0.591615489894E-05
            4421       25 -0.533193331899E-05
            4421       26 -0.478344380660E-05
            4421       27 -0.427898526127E-05
            4421       28 -0.382219906965E-05
            4421       29 -0.341040911777E-05
            4421       30 -0.304157941875E-05
            4421       31 -0.271400828035E-05
            4421       32 -0.242480838089E-05
            4421       33 -0.216932916307E-05
            4421       34 -0.194373176480E-05
            4421       35 -0.174438164969E-05
            4421       36 -0.156801223583E-05
            4421       37 -0.141186105963E-05
            4421       38 -0.127358717598E-05
            4421       39 -0.115096299211E-05
            4421       40 -0.104199125723E-05
            4421       41 -0.945020064930E-06
            4421       42 -0.858586215837E-06
            4421       43 -0.781258746413E-06
            4421       44 -0.712007394636E-06
            4421       45 -0.652836318270E-06
            4421       46 -0.599390743828E-06
            4421       47 -0.549040998051E-06
            4421       48 -0.503569903634E-06
            4421       49 -0.462571569458E-06
            4421       50 -0.425538282108E-06
            4421       51 -0.392027437353E-06
            4421       52 -0.361652259937E-06
            4421       53 -0.334073974628E-06
            4421       54 -0.308995182150E-06
            4421       55 -0.286154238578E-06
            4421       56 -0.265320473089E-06
            4421       57 -0.246290108179E-06
            4421       58 -0.228882770204E-06
            4421       59 -0.212938497386E-06
            4421       60 -0.198315168172E-06
            4421       61 -0.184886285711E-06
            4421       62 -0.172539064815E-06
            4421       63 -0.161172776458E-06
            4421       64 -0.150697312096E-06
            4421       65 -0.141031936033E-06
            4421       66 -0.132104199021E-06
            4421       67 -0.123848990406E-06
            4421       68 -0.116207709589E-06
            4421       69 -0.109127540431E-06
            4421       70 -0.102560814673E-06
            4421       71 -0.964644524849E-07
            4421       72 -0.907994699504E-07
            4421       73 -0.855305447560E-07
            4421       74 -0.806256326073E-07
            4421       75 -0.760556278886E-07
            4421       76 -0.717940630264E-07
            4421       77 -0.678168417280E-07
            4421       78 -0.641020019398E-07
            4421       79 -0.606295049144E-07
            4421       80 -0.573810472482E-07
            4421       81 -0.543398931635E-07
            4421       82 -0.514907246543E-07
            4421       83 -0.488195074213E-07
            4421       84 -0.463133707816E-07
            4421       85 -0.439604999627E-07
            4421       86 -0.417500393866E-07
            4423        1  0.452304881170E-03
            4423        2  0.342993061022E-03
            4423        3  0.260280398300E-03
            4423        4  0.198784196443E-03
            4423        5  0.152954200426E-03
            4423        6  0.118638561924E-03
            4423        7  0.927868042998E-04
            4423        8  0.731943683964E-04
            4423        9  0.582385197326E-04
            4423       10  0.467449567493E-04
            4423       11  0.378386898925E-04
            4423       12  0.308761467305E-04
            4423       13  0.253824616069E-04
            4423       14  0.210093388476E-04
            4423       15  0.175010496908E-04
            4423       16  0.146680896452E-04
            4423       17  0.123649699385E-04
            4423       18  0.104824229928E-04
            4423       19  0.893510093764E-05
            4423       20  0.765363140272E-05
            4423       21  0.658775321747E-05
            4423       22  0.569551229726E-05
            4423       23  0.494507696189E-05
            4423       24  0.431013074153E-05
            4423       25  0.377090436072E-05
            4423       26  0.331056489634E-05
            4423       27  0.291567004321E-05
            4423       28  0.257530269801E-05
            4423       29  0.228193773248E-05
            4423       30  0.202864236403E-05
            4423       31  0.180855348820E-05
            4423       32  0.161605580176E-05
            4423       33  0.144762125272E-05
            4423       34  0.130007560608E-05
            4423       35  0.117027565768E-05
            4423       36  0.105558045710E-05
            4423       37  0.954186527881E-06
            4423       38  0.864428304167E-06
            4423       39  0.784658172249E-06
            4423       40  0.713495993343E-06
            4423       41  0.649965944515E-06
            4423       42  0.593150447153E-06
            4423       43  0.542197043330E-06
            4423       44  0.497101845131E-06
            4423       45  0.457274558546E-06
            4423       46  0.420432221715E-06
            4423       47  0.386534811160E-06
            4423       48  0.355832170542E-06
            4423       49  0.328010627704E-06
            4423       50  0.302759578297E-06
            4423       51  0.279806112554E-06
            4423       52  0.258909944893E-06
            4423       53  0.239859090323E-06
            4423       54  0.222466168401E-06
            4423       55  0.206565235943E-06
            4423       56  0.192009066447E-06
            4423       57  0.178666807872E-06
            4423       58  0.166421961669E-06
            4423       59  0.155170635256E-06
            4423       60  0.144820027764E-06
            4423       61  0.135287115255E-06
            4423       62  0.126497506873E-06
            4423       63  0.118384447807E-06
            4423       64  0.110887948576E-06
            4423       65  0.103954023272E-06
            4423       66  0.975340219331E-07
            4423       67  0.915840444064E-07
            4423       68  0.860644249012E-07
            4423       69  0.809392779526E-07
            4423       70  0.761760978474E-07
            4423       71  0.717454046674E-07
            4423       72  0.676204310537E-07
            4423       73  0.637768445848E-07
            4423       74  0.601925013848E-07
            4423       75  0.568472271147E-07
            4423       76  0.537226220600E-07
            4423       77  0.508018874128E-07
            4423       78  0.480696702479E-07
            4423       79  0.455119250021E-07
            4423       80  0.431157895447E-07
            4423       81  0.408694741644E-07
            4423       82  0.387621620098E-07
            4423       83  0.367839196934E-07
            4423       84  0.349256169330E-07
            4423       85  0.331788542321E-07
            4423       86  0.315358977257E-07
            4425        1 -0.826036093237E-03
            4425        2 -0.433623058808E-03
            4425        3 -0.192706854479E-03
            4425        4 -0.520990007302E-04
            4425        5  0.242839199304E-04
            4425        6  0.608701603668E-04
            4425        7  0.739949946621E-04
            4425        8  0.741249216223E-04
            4425        9  0.677638322651E-04
            4425       10  0.587820379225E-04
            4425       11  0.493528113627E-04
            4425       12  0.405885155202E-04
            4425       13  0.329647545026E-04
            4425       14  0.265949904658E-04
            4425       15  0.214084571365E-04
            4425       16  0.172553868697E-04
            4425       17  0.139644903185E-04
            4425       18  0.113724472271E-04
            4425       19  0.933372539513E-05
            4425       20  0.773107471341E-05
            4425       21  0.646357582968E-05
            4425       22  0.545385593903E-05
            4425       23  0.464345141671E-05
            4425       24  0.398638805202E-05
            4425       25  0.344877218291E-05
            4425       26  0.300360996215E-05
            4425       27  0.263095918103E-05
            4425       28  0.231562642830E-05
            4425       29  0.204857543210E-05
            4425       30  0.182132341881E-05
            4425       31  0.162537728217E-05
            4425       32  0.145435007287E-05
            4425       33  0.130508863560E-05
            4425       34  0.117457823565E-05
            4425       35  0.105977907588E-05
            4425       36  0.958271003458E-06
            4425       37  0.868519131259E-06
            4425       38  0.788982990392E-06
            4425       39  0.718109544507E-06
            4425       40  0.654679471222E-06
            4425       41  0.597903895346E-06
            4425       42  0.546993142768E-06
            4425       43  0.501171038723E-06
            4425       44  0.460540514906E-06
            4425       45  0.425078781566E-06
            4425       46  0.391757624929E-06
            4425       47  0.360895114276E-06
            4425       48  0.332883656451E-06
            4425       49  0.307427256227E-06
            4425       50  0.284259704251E-06
            4425       51  0.263145814204E-06
            4425       52  0.243877444362E-06
            4425       53  0.226270073251E-06
            4425       54  0.210159846521E-06
            4425       55  0.195401025343E-06
            4425       56  0.181863777577E-06
            4425       57  0.169432262173E-06
            4425       58  0.158002964854E-06
            4425       59  0.147483249562E-06
            4425       60  0.137790095503E-06
            4425       61  0.128848994136E-06
            4425       62  0.120592984238E-06
            4425       63  0.112961806379E-06
            4425       64  0.105901160846E-06
            4425       65  0.993620553286E-07
            4425       66  0.933002306384E-07
            4425       67  0.876756543510E-07
            4425       68  0.824520736913E-07
            4425       69  0.775966201508E-07
            4425       70  0.730794593596E-07
            4425       71  0.688734806027E-07
            4425       72  0.649540211229E-07
            4425       73  0.612986209726E-07
            4425       74  0.578868047668E-07
            4425       75  0.546998871126E-07
            4425       76  0.517207989516E-07
            4425       77  0.489339323615E-07
            4425       78  0.463250016966E-07
            4425       79  0.438809191961E-07
            4425       80  0.415896834273E-07
            4425       81  0.394402791227E-07
            4425       82  0.374225871508E-07
            4425       83  0.355273035033E-07
            4425       84  0.337458663221E-07
            4425       85  0.320703900950E-07
            4425       86  0.304936062582E-07
            4427        1 -0.768456853384E-03
            4427        2 -0.449028418478E-03
            4427        3 -0.245209995669E-03
            4427        4 -0.120332985638E-03
            4427        5 -0.471030837784E-04
            4427        6 -0.675650427248E-05
            4427        7  0.134561097459E-04
            4427        8  0.218401836143E-04
            4427        9  0.236533871603E-04
            4427       10  0.221411205783E-04
            4427       11  0.192072922401E-04
            4427       12  0.159107590716E-04
            4427       13  0.127903698086E-04
            4427       14  0.100827407615E-04
            4427       15  0.785314624326E-05
            4427       16  0.607745327357E-05
            4427       17  0.469516508727E-05
            4427       18  0.363576165116E-05
            4427       19  0.283096205470E-05
            4427       20  0.222641840825E-05
            4427       21  0.177128047246E-05
            4427       22  0.142789370359E-05
            4427       23  0.116718326503E-05
            4427       24  0.967254453665E-06
            4427       25  0.812670517414E-06
            4427       26  0.691502688328E-06
            4427       27  0.594996478312E-06
            4427       28  0.516710289210E-06
            4427       29  0.453215692187E-06
            4427       30  0.401263720193E-06
            4427       31  0.357567077995E-06
            4427       32  0.319812362318E-06
            4427       33  0.287216851907E-06
            4427       34  0.258975675800E-06
            4427       35  0.234250493788E-06
            4427       36  0.212423785954E-06
            4427       37  0.193183436296E-06
            4427       38  0.176160038106E-06
            4427       39  0.160965428102E-06
            4427       40  0.147320779480E-06
            4427       41  0.135087594701E-06
            4427       42  0.124103730491E-06
            4427       43  0.114163627558E-06
            4427       44  0.104674657099E-06
            4427       45  0.952559133201E-07
            4427       46  0.872427956420E-07
            4427       47  0.807041304227E-07
            4427       48  0.747853724886E-07
            4427       49  0.693667442429E-07
            4427       50  0.644012905263E-07
            4427       51  0.598467864982E-07
            4427       52  0.556652482376E-07
            4427       53  0.518224913326E-07
            4427       54  0.482877340344E-07
            4427       55  0.450332413457E-07
            4427       56  0.420340063986E-07
            4427       57  0.392674655962E-07
            4427       58  0.367132441773E-07
            4427       59  0.343529290948E-07
            4427       60  0.321698663523E-07
            4427       61  0.301489801868E-07
            4427       62  0.282766117434E-07
            4427       63  0.265403751133E-07
            4427       64  0.249290288292E-07
            4427       65  0.234323611147E-07
            4427       66  0.220410873676E-07
            4427       67  0.207467585196E-07
            4427       68  0.195416790753E-07
            4427       69  0.184188337546E-07
            4427       70  0.173718217946E-07
            4427       71  0.163947980669E-07
            4427       72  0.154824202653E-07
            4427       73  0.146298014996E-07
            4427       74  0.138324677122E-07
            4427       75  0.130863193924E-07
            4427       76  0.123875971306E-07
            4427       77  0.117328505994E-07
            4427       78  0.111189105990E-07
            4427       79  0.105428638436E-07
            4427       80  0.100020302008E-07
            4427       81  0.949394212831E-08
            4427       82  0.901632608197E-08
            4427       83  0.856708569033E-08
            4427       84  0.814428651725E-08
            4427       85  0.774614225056E-08
            4427       86  0.737100217353E-08
            4429        1 -0.888967343543E-04
            4429        2 -0.119199387215E-03
            4429        3 -0.137867576075E-03
            4429        4 -0.147113904948E-03
            4429        5 -0.148024535904E-03
            4429        6 -0.142827063687E-03
            4429        7 -0.133647608246E-03
            4429        8 -0.122288377022E-03
            4429        9 -0.110105437950E-03
            4429       10 -0.980437691859E-04
            4429       11 -0.866514875404E-04
            4429       12 -0.762059646106E-04
            4429       13 -0.668117492527E-04
            4429       14 -0.584800913877E-04
            4429       15 -0.511676820756E-04
            4429       16 -0.448011451996E-04
            4429       17 -0.392891867811E-04
            4429       18 -0.345319185450E-04
            4429       19 -0.304315178045E-04
            4429       20 -0.268948105597E-04
            4429       21 -0.238417844852E-04
            4429       22 -0.211992849792E-04
            4429       23 -0.189067722184E-04
            4429       24 -0.169107975778E-04
            4429       25 -0.151693493890E-04
            4429       26 -0.136448538881E-04
            4429       27 -0.123059135579E-04
            4429       28 -0.111253524898E-04
            4429       29 -0.100839424685E-04
            4429       30 -0.916388650545E-05
            4429       31 -0.834730886736E-05
            4429       32 -0.761860571974E-05
            4429       33 -0.696782729531E-05
            4429       34 -0.638595679777E-05
            4429       35 -0.586395102332E-05
            4429       36 -0.539389843953E-05
            4429       37 -0.497034225165E-05
            4429       38 -0.458817580172E-05
            4429       39 -0.424228714060E-05
            4429       40 -0.392825330703E-05
            4429       41 -0.364291274652E-05
            4429       42 -0.338325551038E-05
            4429       43 -0.314633915828E-05
            4429       44 -0.293131868148E-05
            4429       45 -0.273760132186E-05
            4429       46 -0.255760719584E-05
            4429       47 -0.239032676801E-05
            4429       48 -0.223645096743E-05
            4429       49 -0.209479301075E-05
            4429       50 -0.196420379123E-05
            4429       51 -0.184365871365E-05
            4429       52 -0.173224246214E-05
            4429       53 -0.162913583985E-05
            4429       54 -0.153360437081E-05
            4429       55 -0.144498840470E-05
            4429       56 -0.136269450701E-05
            4429       57 -0.128618795100E-05
            4429       58 -0.121498615655E-05
            4429       59 -0.114865294473E-05
            4429       60 -0.108679349658E-05
            4429       61 -0.102904992126E-05
            4429       62 -0.975097352614E-06
            4429       63 -0.924640504863E-06
            4429       64 -0.877410628086E-06
            4429       65 -0.833162812459E-06
            4429       66 -0.791673597321E-06
            4429       67 -0.752738847174E-06
            4429       68 -0.716171861833E-06
            4429       69 -0.681801692348E-06
            4429       70 -0.649471638048E-06
            4429       71 -0.619037903277E-06
            4429       72 -0.590368395171E-06
            4429       73 -0.563341646163E-06
            4429       74 -0.537845847002E-06
            4429       75 -0.513777977788E-06
            4429       76 -0.491043026114E-06
            4429       77 -0.469553282690E-06
            4429       78 -0.449227706010E-06
            4429       79 -0.429991348600E-06
            4429       80 -0.411774838288E-06
            4429       81 -0.394513908682E-06
            4429       82 -0.378148973720E-06
            4429       83 -0.362624741735E-06
            4429       84 -0.347889864994E-06
            4429       85 -0.333896621121E-06
            4429       86 -0.320600623215E-06
            4431        1  0.267001469108E-02
            4431        2  0.181873421817E-02
            4431        3  0.124487431740E-02
            4431        4  0.853057649591E-03
            4431        5  0.584415871284E-03
            4431        6  0.400288635314E-03
            4431        7  0.274524704821E-03
            4431        8  0.189011546591E-03
            4431        9  0.131076818067E-03
            4431       10  0.918776257913E-04
            4431       11  0.653327384537E-04
            4431       12  0.472926806748E-04
            4431       13  0.349564771547E-04
            4431       14  0.264458083552E-04
            4431       15  0.205017369574E-04
            4431       16  0.162955641688E-04
            4431       17  0.132262403319E-04
            4431       18  0.109951173449E-04
            4431       19  0.929310103357E-05
            4431       20  0.795520508187E-05
            4431       21  0.689492746421E-05
            4431       22  0.603260844281E-05
            4431       23  0.531866320051E-05
            4431       24  0.471572470527E-05
            4431       25  0.420353739846E-05
            4431       26  0.376309355381E-05
            4431       27  0.338356021561E-05
            4431       28  0.304821669389E-05
            4431       29  0.275108415678E-05
            4431       30  0.249093769069E-05
            4431       31  0.226549114613E-05
            4431       32  0.206340975236E-05
            4431       33  0.188107272620E-05
            4431       34  0.171834799845E-05
            4431       35  0.157449636058E-05
            4431       36  0.144453156011E-05
            4431       37  0.132679887579E-05
            4431       38  0.122095339925E-05
            4431       39  0.112629664614E-05
            4431       40  0.104014586986E-05
            4431       41  0.961559815429E-06
            4431       42  0.890142418670E-06
            4431       43  0.825461705328E-06
            4431       44  0.770588155684E-06
            4431       45  0.728616420307E-06
            4431       46  0.683415928707E-06
            4431       47  0.636389667438E-06
            4431       48  0.593214426480E-06
            4431       49  0.553729675593E-06
            4431       50  0.517554265823E-06
            4431       51  0.484353151405E-06
            4431       52  0.453831018225E-06
            4431       53  0.425726898348E-06
            4431       54  0.399809602449E-06
            4431       55  0.375873833217E-06
            4431       56  0.353736867806E-06
            4431       57  0.333235717290E-06
            4431       58  0.314224687418E-06
            4431       59  0.296573278007E-06
            4431       60  0.280164368981E-06
            4431       61  0.264892649802E-06
            4431       62  0.250663256140E-06
            4431       63  0.237390583514E-06
            4431       64  0.224997252451E-06
            4431       65  0.213413203731E-06
            4431       66  0.202574905598E-06
            4431       67  0.192424657561E-06
            4431       68  0.182909977751E-06
            4431       69  0.173983062710E-06
            4431       70  0.165600310097E-06
            4431       71  0.157721896203E-06
            4431       72  0.150311401273E-06
            4431       73  0.143335476641E-06
            4431       74  0.136763548492E-06
            4431       75  0.130567553785E-06
            4431       76  0.124721704451E-06
            4431       77  0.119202276516E-06
            4431       78  0.113987421211E-06
            4431       79  0.109056995536E-06
            4431       80  0.104392410046E-06
            4431       81  0.999764919145E-07
            4431       82  0.957933615792E-07
            4431       83  0.918283214654E-07
            4431       84  0.880677554788E-07
            4431       85  0.844990381102E-07
            4431       86  0.811104521297E-07
            4433        1  0.145229339258E-03
            4433        2  0.873024851097E-04
            4433        3  0.511923565343E-04
            4433        4  0.280676272306E-04
            4433        5  0.133470598522E-04
            4433        6  0.412103900437E-05
            4433        7 -0.151237455770E-05
            4433        8 -0.478704641223E-05
            4433        9 -0.651501570918E-05
            4433       10 -0.725738185993E-05
            4433       11 -0.738670778795E-05
            4433       12 -0.714833662002E-05
            4433       13 -0.670667888598E-05
            4433       14 -0.616903044128E-05
            4433       15 -0.560128809917E-05
            4433       16 -0.504228997546E-05
            4433       17 -0.451515647837E-05
            4433       18 -0.403089816333E-05
            4433       19 -0.359557138108E-05
            4433       20 -0.320904273657E-05
            4433       21 -0.286804903623E-05
            4433       22 -0.256773509691E-05
            4433       23 -0.230368683896E-05
            4433       24 -0.207111546341E-05
            4433       25 -0.186614893776E-05
            4433       26 -0.168514921958E-05
            4433       27 -0.152515243322E-05
            4433       28 -0.138319612467E-05
            4433       29 -0.125717721251E-05
            4433       30 -0.114535688738E-05
            4433       31 -0.104596245537E-05
            4433       32 -0.957077201566E-06
            4433       33 -0.877463862570E-06
            4433       34 -0.806119386221E-06
            4433       35 -0.742025170140E-06
            4433       36 -0.684151290624E-06
            4433       37 -0.631833724414E-06
            4433       38 -0.584508370882E-06
            4433       39 -0.541602872262E-06
            4433       40 -0.502553720608E-06
            4433       41 -0.466978206863E-06
            4433       42 -0.434534717087E-06
            4433       43 -0.404828473522E-06
            4433       44 -0.376797788869E-06
            4433       45 -0.350875488542E-06
            4433       46 -0.328105704345E-06
            4433       47 -0.307211140185E-06
            4433       48 -0.287934269091E-06
            4433       49 -0.270145534277E-06
            4433       50 -0.253709088855E-06
            4433       51 -0.238503361528E-06
            4433       52 -0.224419362554E-06
            4433       53 -0.211359213510E-06
            4433       54 -0.199234868260E-06
            4433       55 -0.187966997760E-06
            4433       56 -0.177484015639E-06
            4433       57 -0.167721224958E-06
            4433       58 -0.158620069600E-06
            4433       59 -0.150127476160E-06
            4433       60 -0.142195274298E-06
            4433       61 -0.134779685277E-06
            4433       62 -0.127840869857E-06
            4433       63 -0.121342527968E-06
            4433       64 -0.115251543642E-06
            4433       65 -0.109537669579E-06
            4433       66 -0.104173246480E-06
            4433       67 -0.991329529284E-07
            4433       68 -0.943935821729E-07
            4433       69 -0.899338426212E-07
            4433       70 -0.857341792797E-07
            4433       71 -0.817766137179E-07
            4433       72 -0.780446004470E-07
            4433       73 -0.745228978577E-07
            4433       74 -0.711974520971E-07
            4433       75 -0.680552924554E-07
            4433       76 -0.650844370093E-07
            4433       77 -0.622738074155E-07
            4433       78 -0.596131518781E-07
            4433       79 -0.570929754278E-07
            4433       80 -0.547044767477E-07
            4433       81 -0.524394908734E-07
            4433       82 -0.502904371605E-07
            4433       83 -0.482502719930E-07
            4433       84 -0.463124457530E-07
            4433       85 -0.444708636304E-07
            4433       86 -0.427198498964E-07
            4435        1 -0.123121272819E-02
            4435        2 -0.844821067264E-03
            4435        3 -0.577154504756E-03
            4435        4 -0.391323325390E-03
            4435        5 -0.263351021441E-03
            4435        6 -0.176148074437E-03
            4435        7 -0.117419363990E-03
            4435        8 -0.782546111095E-04
            4435        9 -0.523182166968E-04
            4435       10 -0.352314243756E-04
            4435       11 -0.240374711168E-04
            4435       12 -0.167397762439E-04
            4435       13 -0.119986577972E-04
            4435       14 -0.892102189713E-05
            4435       15 -0.691309654975E-05
            4435       16 -0.558145392437E-05
            4435       17 -0.467661136866E-05
            4435       18 -0.403042124517E-05
            4435       19 -0.355866095873E-05
            4435       20 -0.319256877746E-05
            4435       21 -0.289657151953E-05
            4435       22 -0.264720621146E-05
            4435       23 -0.243134828501E-05
            4435       24 -0.223914541978E-05
            4435       25 -0.206596896898E-05
            4435       26 -0.190849519779E-05
            4435       27 -0.176457048740E-05
            4435       28 -0.163261746050E-05
            4435       29 -0.151151028052E-05
            4435       30 -0.140017855897E-05
            4435       31 -0.129762643744E-05
            4435       32 -0.120332741645E-05
            4435       33 -0.111669298819E-05
            4435       34 -0.103699146498E-05
            4435       35 -0.963548009383E-06
            4435       36 -0.896029264891E-06
            4435       37 -0.834004498883E-06
            4435       38 -0.776958219497E-06
            4435       39 -0.724407508751E-06
            4435       40 -0.676045639574E-06
            4435       41 -0.631533401523E-06
            4435       42 -0.590499258387E-06
            4435       43 -0.552544500913E-06
            4435       44 -0.517150870683E-06
            4435       45 -0.485119492542E-06
            4435       46 -0.455637694642E-06
            4435       47 -0.427954520728E-06
            4435       48 -0.402266312832E-06
            4435       49 -0.378421054619E-06
            4435       50 -0.356269002508E-06
            4435       51 -0.335673492649E-06
            4435       52 -0.316509800447E-06
            4435       53 -0.298664082498E-06
            4435       54 -0.282032400912E-06
            4435       55 -0.266519827856E-06
            4435       56 -0.252039626736E-06
            4435       57 -0.238512505505E-06
            4435       58 -0.225865937243E-06
            4435       59 -0.214033542955E-06
            4435       60 -0.202954531571E-06
            4435       61 -0.192573192306E-06
            4435       62 -0.182838434765E-06
            4435       63 -0.173703372462E-06
            4435       64 -0.165124945745E-06
            4435       65 -0.157063580399E-06
            4435       66 -0.149482878537E-06
            4435       67 -0.142349338673E-06
            4435       68 -0.135632102148E-06
            4435       69 -0.129302723347E-06
            4435       70 -0.123334961389E-06
            4435       71 -0.117704591198E-06
            4435       72 -0.112389232057E-06
            4435       73 -0.107368191943E-06
            4435       74 -0.102622326110E-06
            4435       75 -0.981339085387E-07
            4435       76 -0.938865149999E-07
            4435       77 -0.898649166242E-07
            4435       78 -0.860549829637E-07
            4435       79 -0.824435936392E-07
            4435       80 -0.790185577605E-07
            4435       81 -0.757685403845E-07
            4435       82 -0.726829953471E-07
            4435       83 -0.697521038795E-07
            4435       84 -0.669667184654E-07
            4435       85 -0.643183114601E-07
            4435       86 -0.617989280336E-07
            4437        1 -0.110956553831E-02
            4437        2 -0.769671410329E-03
            4437        3 -0.529634113211E-03
            4437        4 -0.361816887337E-03
            4437        5 -0.245629350852E-03
            4437        6 -0.166085669953E-03
            4437        7 -0.112211404589E-03
            4437        8 -0.760282472608E-04
            4437        9 -0.518673991245E-04
            4437       10 -0.357959797165E-04
            4437       11 -0.251116014537E-04
            4437       12 -0.180035772144E-04
            4437       13 -0.132656738772E-04
            4437       14 -0.100910457299E-04
            4437       15 -0.794157816699E-05
            4437       16 -0.646005397706E-05
            4437       17 -0.541414951446E-05
            4437       18 -0.464539229864E-05
            4437       19 -0.406834710024E-05
            4437       20 -0.361396784815E-05
            4437       21 -0.324419034135E-05
            4437       22 -0.293315880293E-05
            4437       23 -0.266630422400E-05
            4437       24 -0.243254078429E-05
            4437       25 -0.222553819824E-05
            4437       26 -0.204046951575E-05
            4437       27 -0.187406126309E-05
            4437       28 -0.172371694656E-05
            4437       29 -0.158765777705E-05
            4437       30 -0.146418616996E-05
            4437       31 -0.135165604520E-05
            4437       32 -0.124892197922E-05
            4437       33 -0.115516494884E-05
            4437       34 -0.106948287477E-05
            4437       35 -0.991015893103E-06
            4437       36 -0.919217122180E-06
            4437       37 -0.853550755516E-06
            4437       38 -0.793410123510E-06
            4437       39 -0.738213102504E-06
            4437       40 -0.687555457829E-06
            4437       41 -0.641071728425E-06
            4437       42 -0.598371081727E-06
            4437       43 -0.559066728854E-06
            4437       44 -0.522409114619E-06
            4437       45 -0.487341462030E-06
            4437       46 -0.455765061745E-06
            4437       47 -0.427554310642E-06
            4437       48 -0.401496264691E-06
            4437       49 -0.377349536078E-06
            4437       50 -0.354953542743E-06
            4437       51 -0.334162515555E-06
            4437       52 -0.314844067674E-06
            4437       53 -0.296877897693E-06
            4437       54 -0.280154616896E-06
            4437       55 -0.264574690755E-06
            4437       56 -0.250047484861E-06
            4437       57 -0.236490405793E-06
            4437       58 -0.223828127983E-06
            4437       59 -0.211991898239E-06
            4437       60 -0.200918910236E-06
            4437       61 -0.190551741924E-06
            4437       62 -0.180837849456E-06
            4437       63 -0.171729111837E-06
            4437       64 -0.163181421048E-06
            4437       65 -0.155154312945E-06
            4437       66 -0.147610634708E-06
            4437       67 -0.140516245038E-06
            4437       68 -0.133839743708E-06
            4437       69 -0.127552227444E-06
            4437       70 -0.121627069409E-06
            4437       71 -0.116039719865E-06
            4437       72 -0.110767525853E-06
            4437       73 -0.105789567943E-06
            4437       74 -0.101086512332E-06
            4437       75 -0.966404767438E-07
            4437       76 -0.924349087343E-07
            4437       77 -0.884544751860E-07
            4437       78 -0.846849618694E-07
            4437       79 -0.811131820870E-07
            4437       80 -0.777268935123E-07
            4437       81 -0.745147224305E-07
            4437       82 -0.714660946630E-07
            4437       83 -0.685711725438E-07
            4437       84 -0.658207973659E-07
            4437       85 -0.632064367867E-07
            4437       86 -0.607201367276E-07
