            1863        1  0.108599450217E-02
            1863        2  0.623383617782E-03
            1863        3  0.365546911924E-03
            1863        4  0.214141391666E-03
            1863        5  0.122579608011E-03
            1863        6  0.663682279690E-04
            1863        7  0.319401650975E-04
            1863        8  0.112031863317E-04
            1863        9 -0.890247516875E-06
            1863       10 -0.756364375381E-05
            1863       11 -0.108703132314E-04
            1863       12 -0.121271474783E-04
            1863       13 -0.121801141024E-04
            1863       14 -0.115675619025E-04
            1863       15 -0.106287127201E-04
            1863       16 -0.957234557588E-05
            1863       17 -0.851938908483E-05
            1863       18 -0.753339018124E-05
            1863       19 -0.663805771318E-05
            1863       20 -0.584617472060E-05
            1863       21 -0.515164260776E-05
            1863       22 -0.454687162150E-05
            1863       23 -0.402203020375E-05
            1863       24 -0.356772804981E-05
            1863       25 -0.317411793716E-05
            1863       26 -0.283245619531E-05
            1863       27 -0.253496336137E-05
            1863       28 -0.227529235372E-05
            1863       29 -0.204867268885E-05
            1863       30 -0.185043326252E-05
            1863       31 -0.167590024125E-05
            1863       32 -0.152142660622E-05
            1863       33 -0.138465475283E-05
            1863       34 -0.126334036290E-05
            1863       35 -0.115523807086E-05
            1863       36 -0.105852515929E-05
            1863       37 -0.971940422249E-06
            1863       38 -0.894272428723E-06
            1863       39 -0.824312695670E-06
            1863       40 -0.761092428346E-06
            1863       41 -0.703923441765E-06
            1863       42 -0.652138345124E-06
            1863       43 -0.605101098352E-06
            1863       44 -0.562338193728E-06
            1863       45 -0.523142645731E-06
            1863       46 -0.487467470369E-06
            1863       47 -0.454858872201E-06
            1863       48 -0.424943169107E-06
            1863       49 -0.397465641661E-06
            1863       50 -0.372189832895E-06
            1863       51 -0.348905817944E-06
            1863       52 -0.327426830096E-06
            1863       53 -0.307586365396E-06
            1863       54 -0.289235691022E-06
            1863       55 -0.272241695419E-06
            1863       56 -0.256485028610E-06
            1863       57 -0.241858489484E-06
            1863       58 -0.228265623962E-06
            1863       59 -0.215619503650E-06
            1863       60 -0.203841659370E-06
            1863       61 -0.192861147936E-06
            1863       62 -0.182613733828E-06
            1863       63 -0.173041170156E-06
            1863       64 -0.164090565665E-06
            1863       65 -0.155713826409E-06
            1863       66 -0.147867162390E-06
            1863       67 -0.140510650838E-06
            1863       68 -0.133607848954E-06
            1863       69 -0.127125449938E-06
            1863       70 -0.121032976978E-06
            1863       71 -0.115302510572E-06
            1863       72 -0.109908445180E-06
            1863       73 -0.104827271734E-06
            1863       74 -0.100037382965E-06
            1863       75 -0.955188989190E-07
            1863       76 -0.912535103447E-07
            1863       77 -0.872243379359E-07
            1863       78 -0.834158056621E-07
            1863       79 -0.798135266261E-07
            1863       80 -0.764042000867E-07
            1863       81 -0.731755184405E-07
            1863       82 -0.701160830981E-07
            1863       83 -0.672153283217E-07
            1863       84 -0.644634521873E-07
            1863       85 -0.618513539393E-07
            1863       86 -0.593705770842E-07
            1864        1 -0.235313357485E-03
            1864        2 -0.111340762042E-03
            1864        3 -0.540833312347E-04
            1864        4 -0.260422600338E-04
            1864        5 -0.116726490222E-04
            1864        6 -0.414687781720E-05
            1864        7 -0.277936992112E-06
            1864        8  0.161693622815E-05
            1864        9  0.246450640465E-05
            1864       10  0.276148589182E-05
            1864       11  0.275526296240E-05
            1864       12  0.257706573294E-05
            1864       13  0.230827982236E-05
            1864       14  0.200436249825E-05
            1864       15  0.170324257586E-05
            1864       16  0.142842211887E-05
            1864       17  0.118949382445E-05
            1864       18  0.988357662016E-06
            1864       19  0.820109291984E-06
            1864       20  0.681842983868E-06
            1864       21  0.567756519057E-06
            1864       22  0.473960293420E-06
            1864       23  0.397121513125E-06
            1864       24  0.334623455420E-06
            1864       25  0.283442839902E-06
            1864       26  0.241236557294E-06
            1864       27  0.206091421352E-06
            1864       28  0.176830469060E-06
            1864       29  0.152590013993E-06
            1864       30  0.132340064419E-06
            1864       31  0.115070513562E-06
            1864       32  0.100325511561E-06
            1864       33  0.878109492318E-07
            1864       34  0.771318633679E-07
            1864       35  0.679029836844E-07
            1864       36  0.599421654213E-07
            1864       37  0.531008235565E-07
            1864       38  0.471899417817E-07
            1864       39  0.420274165009E-07
            1864       40  0.375304450687E-07
            1864       41  0.336159830157E-07
            1864       42  0.301814421749E-07
            1864       43  0.271669576608E-07
            1864       44  0.250691945311E-07
            1864       45  0.238314470336E-07
            1864       46  0.220294237347E-07
            1864       47  0.199870294067E-07
            1864       48  0.181448766129E-07
            1864       49  0.164984455754E-07
            1864       50  0.150242713791E-07
            1864       51  0.137020126419E-07
            1864       52  0.125139956612E-07
            1864       53  0.114448307604E-07
            1864       54  0.104810885299E-07
            1864       55  0.961102589488E-08
            1864       56  0.882435375491E-08
            1864       57  0.811203939956E-08
            1864       58  0.746613809489E-08
            1864       59  0.687964920013E-08
            1864       60  0.634639296528E-08
            1864       61  0.586090480488E-08
            1864       62  0.541834437684E-08
            1864       63  0.501441723035E-08
            1864       64  0.464530714959E-08
            1864       65  0.430761761848E-08
            1864       66  0.399832107992E-08
            1864       67  0.371471487018E-08
            1864       68  0.345438288047E-08
            1864       69  0.321516214269E-08
            1864       70  0.299511365668E-08
            1864       71  0.279249687774E-08
            1864       72  0.260574736861E-08
            1864       73  0.243345719215E-08
            1864       74  0.227435768170E-08
            1864       75  0.212730427770E-08
            1864       76  0.199126316300E-08
            1864       77  0.186529946623E-08
            1864       78  0.174856683454E-08
            1864       79  0.164029820397E-08
            1864       80  0.153979761865E-08
            1864       81  0.144643297025E-08
            1864       82  0.135962954550E-08
            1864       83  0.127886428483E-08
            1864       84  0.120366066718E-08
            1864       85  0.113358414727E-08
            1864       86  0.106823808079E-08
            1865        1  0.683487999920E-01
            1865        2  0.441912921218E-01
            1865        3  0.282088887830E-01
            1865        4  0.177109474805E-01
            1865        5  0.108856848515E-01
            1865        6  0.650388157889E-02
            1865        7  0.373386914761E-02
            1865        8  0.201538619279E-02
            1865        9  0.974159095833E-03
            1865       10  0.362717364717E-03
            1865       11  0.193932738937E-04
            1865       12 -0.160048501778E-03
            1865       13 -0.241872720701E-03
            1865       14 -0.267557145751E-03
            1865       15 -0.262606701009E-03
            1865       16 -0.242351959375E-03
            1865       17 -0.215808056033E-03
            1865       18 -0.187982864672E-03
            1865       19 -0.161331245871E-03
            1865       20 -0.137334969668E-03
            1865       21 -0.116308952994E-03
            1865       22 -0.982555579151E-04
            1865       23 -0.829368028725E-04
            1865       24 -0.700538717143E-04
            1865       25 -0.592718877884E-04
            1865       26 -0.502650978461E-04
            1865       27 -0.427361728676E-04
            1865       28 -0.364335121521E-04
            1865       29 -0.311749973714E-04
            1865       30 -0.267867481710E-04
            1865       31 -0.230961844268E-04
            1865       32 -0.199684470384E-04
            1865       33 -0.173224928739E-04
            1865       34 -0.150827384961E-04
            1865       35 -0.131743251369E-04
            1865       36 -0.115388447828E-04
            1865       37 -0.101385531337E-04
            1865       38 -0.893752228031E-05
            1865       39 -0.790026553652E-05
            1865       40 -0.699964235580E-05
            1865       41 -0.621787020746E-05
            1865       42 -0.553787233251E-05
            1865       43 -0.494267742369E-05
            1865       44 -0.441901253417E-05
            1865       45 -0.396320345321E-05
            1865       46 -0.356188514189E-05
            1865       47 -0.320505648642E-05
            1865       48 -0.288892449820E-05
            1865       49 -0.260838442608E-05
            1865       50 -0.235894784748E-05
            1865       51 -0.213675122574E-05
            1865       52 -0.193846096169E-05
            1865       53 -0.176119404474E-05
            1865       54 -0.160245155367E-05
            1865       55 -0.146006277373E-05
            1865       56 -0.133213811085E-05
            1865       57 -0.121702931600E-05
            1865       58 -0.111329580100E-05
            1865       59 -0.101967604394E-05
            1865       60 -0.935063257825E-06
            1865       61 -0.858484639765E-06
            1865       62 -0.789083634319E-06
            1865       63 -0.726104740485E-06
            1865       64 -0.668880470193E-06
            1865       65 -0.616820130705E-06
            1865       66 -0.569400156625E-06
            1865       67 -0.526155761340E-06
            1865       68 -0.486673714124E-06
            1865       69 -0.450586079714E-06
            1865       70 -0.417564782288E-06
            1865       71 -0.387316877054E-06
            1865       72 -0.359580430336E-06
            1865       73 -0.334120923835E-06
            1865       74 -0.310728111277E-06
            1865       75 -0.289213266187E-06
            1865       76 -0.269406768369E-06
            1865       77 -0.251155984206E-06
            1865       78 -0.234323402250E-06
            1865       79 -0.218784990998E-06
            1865       80 -0.204428750305E-06
            1865       81 -0.191153431860E-06
            1865       82 -0.178867407442E-06
            1865       83 -0.167487666580E-06
            1865       84 -0.156938927659E-06
            1865       85 -0.147152848633E-06
            1865       86 -0.138067325328E-06
            1867        1 -0.278262694941E-03
            1867        2 -0.166675522881E-03
            1867        3 -0.106142850690E-03
            1867        4 -0.707703050167E-04
            1867        5 -0.478484897769E-04
            1867        6 -0.321191811607E-04
            1867        7 -0.211163038294E-04
            1867        8 -0.135044541800E-04
            1867        9 -0.837288884715E-05
            1867       10 -0.503265306081E-05
            1867       11 -0.292108356253E-05
            1867       12 -0.162556485103E-05
            1867       13 -0.855078990866E-06
            1867       14 -0.410737247495E-06
            1867       15 -0.165214593673E-06
            1867       16 -0.390780074056E-07
            1867       17  0.168926282536E-07
            1867       18  0.346655573871E-07
            1867       19  0.305031221799E-07
            1867       20  0.189029905779E-07
            1867       21  0.637329625856E-08
            1867       22 -0.299629777779E-08
            1867       23 -0.913802289240E-08
            1867       24 -0.123757488902E-07
            1867       25 -0.132717033609E-07
            1867       26 -0.126088049387E-07
            1867       27 -0.112008659335E-07
            1867       28 -0.954836360201E-08
            1867       29 -0.775082747653E-08
            1867       30 -0.597452614532E-08
            1867       31 -0.438686270743E-08
            1867       32 -0.305041229835E-08
            1867       33 -0.190849151459E-08
            1867       34 -0.962881686040E-09
            1867       35 -0.217111297148E-09
            1867       36  0.345479113841E-09
            1867       37  0.758092999868E-09
            1867       38  0.103075149241E-08
            1867       39  0.117322600858E-08
            1867       40  0.120900220757E-08
            1867       41  0.117216820292E-08
            1867       42  0.108726358176E-08
            1867       43  0.987664411632E-09
            1867       44  0.908244589609E-09
            1867       45  0.393995882448E-09
            1867       46  0.163909036108E-10
            1867       47 -0.155767071233E-11
            1867       48 -0.105056179475E-11
            1867       49 -0.641610785754E-12
            1867       50 -0.312913609104E-12
            1867       51 -0.498904477640E-13
            1867       52  0.159356427997E-12
            1867       53  0.324554938301E-12
            1867       54  0.453673045424E-12
            1867       55  0.553247778724E-12
            1867       56  0.628650008322E-12
            1867       57  0.684298145434E-12
            1867       58  0.723831072732E-12
            1867       59  0.750248424215E-12
            1867       60  0.766024685315E-12
            1867       61  0.773202156387E-12
            1867       62  0.773466916267E-12
            1867       63  0.768211019715E-12
            1867       64  0.758583479617E-12
            1867       65  0.745532194517E-12
            1867       66  0.729838456218E-12
            1867       67  0.712145411238E-12
            1867       68  0.692981572263E-12
            1867       69  0.672780268570E-12
            1867       70  0.651895768984E-12
            1867       71  0.630616641984E-12
            1867       72  0.609176867988E-12
            1867       73  0.587765069779E-12
            1867       74  0.566532207101E-12
            1867       75  0.545597970515E-12
            1867       76  0.525056131302E-12
            1867       77  0.504978990879E-12
            1867       78  0.485421105318E-12
            1867       79  0.466422386958E-12
            1867       80  0.448010703550E-12
            1867       81  0.430204043881E-12
            1867       82  0.413012327617E-12
            1867       83  0.396438922613E-12
            1867       84  0.380481902487E-12
            1867       85  0.365135102254E-12
            1867       86  0.350388995236E-12
            1869        1  0.229132670293E-03
            1869        2  0.144695073555E-03
            1869        3  0.980387252340E-04
            1869        4  0.689160413111E-04
            1869        5  0.498329232857E-04
            1869        6  0.366009753731E-04
            1869        7  0.271484170053E-04
            1869        8  0.203398567371E-04
            1869        9  0.154626869113E-04
            1869       10  0.119910694304E-04
            1869       11  0.949033133839E-05
            1869       12  0.764423105899E-05
            1869       13  0.623935231781E-05
            1869       14  0.514889022712E-05
            1869       15  0.429842129953E-05
            1869       16  0.363574173634E-05
            1869       17  0.311566300817E-05
            1869       18  0.270405791165E-05
            1869       19  0.236873591734E-05
            1869       20  0.208885064188E-05
            1869       21  0.185233108079E-05
            1869       22  0.164997571636E-05
            1869       23  0.147502032572E-05
            1869       24  0.132280287339E-05
            1869       25  0.119008500206E-05
            1869       26  0.107410561917E-05
            1869       27  0.972095079142E-06
            1869       28  0.881678359341E-06
            1869       29  0.801317731745E-06
            1869       30  0.729918350547E-06
            1869       31  0.666365124483E-06
            1869       32  0.609330366471E-06
            1869       33  0.557991344075E-06
            1869       34  0.511831005312E-06
            1869       35  0.470323789863E-06
            1869       36  0.432837350310E-06
            1869       37  0.398938577329E-06
            1869       38  0.368305509545E-06
            1869       39  0.340615094380E-06
            1869       40  0.315499358108E-06
            1869       41  0.292680715720E-06
            1869       42  0.271929622714E-06
            1869       43  0.253027411261E-06
            1869       44  0.236279770411E-06
            1869       45  0.222062087395E-06
            1869       46  0.208106181740E-06
            1869       47  0.194544494457E-06
            1869       48  0.182046485583E-06
            1869       49  0.170538679937E-06
            1869       50  0.159928147572E-06
            1869       51  0.150132007841E-06
            1869       52  0.141076202113E-06
            1869       53  0.132694433215E-06
            1869       54  0.124927246676E-06
            1869       55  0.117721232952E-06
            1869       56  0.111028333128E-06
            1869       57  0.104805233332E-06
            1869       58  0.990128354020E-07
            1869       59  0.936157932621E-07
            1869       60  0.885821060293E-07
            1869       61  0.838827602248E-07
            1869       62  0.794914145722E-07
            1869       63  0.753841218105E-07
            1869       64  0.715390827403E-07
            1869       65  0.679364283981E-07
            1869       66  0.645580268190E-07
            1869       67  0.613873113376E-07
            1869       68  0.584091277832E-07
            1869       69  0.556095982865E-07
            1869       70  0.529759997075E-07
            1869       71  0.504966549600E-07
            1869       72  0.481608357272E-07
            1869       73  0.459586752536E-07
            1869       74  0.438810900666E-07
            1869       75  0.419197096200E-07
            1869       76  0.400668129783E-07
            1869       77  0.383152717652E-07
            1869       78  0.366584986959E-07
            1869       79  0.350904010898E-07
            1869       80  0.336053388340E-07
            1869       81  0.321980863288E-07
            1869       82  0.308637979991E-07
            1869       83  0.295979770045E-07
            1869       84  0.283964468214E-07
            1869       85  0.272553254058E-07
            1869       86  0.261710016807E-07
            1871        1  0.305378765688E-02
            1871        2  0.188129661155E-02
            1871        3  0.116666130429E-02
            1871        4  0.720598267984E-03
            1871        5  0.438647560651E-03
            1871        6  0.259891736385E-03
            1871        7  0.147334618047E-03
            1871        8  0.775633301593E-04
            1871        9  0.353465636667E-04
            1871       10  0.106696369389E-04
            1871       11 -0.300773589162E-05
            1871       12 -0.993758695893E-05
            1871       13 -0.128572041479E-04
            1871       14 -0.134934196389E-04
            1871       15 -0.129131339539E-04
            1871       16 -0.117545219999E-04
            1871       17 -0.103902314391E-04
            1871       18 -0.901969841689E-05
            1871       19 -0.773769261426E-05
            1871       20 -0.659635240371E-05
            1871       21 -0.560204520104E-05
            1871       22 -0.474966325225E-05
            1871       23 -0.402600900682E-05
            1871       24 -0.341583600405E-05
            1871       25 -0.290374318168E-05
            1871       26 -0.247503412289E-05
            1871       27 -0.211645045377E-05
            1871       28 -0.181563144769E-05
            1871       29 -0.156370731920E-05
            1871       30 -0.135304085421E-05
            1871       31 -0.117595351456E-05
            1871       32 -0.102528293026E-05
            1871       33 -0.896967817050E-06
            1871       34 -0.787758138690E-06
            1871       35 -0.694379845310E-06
            1871       36 -0.613776625770E-06
            1871       37 -0.544164783005E-06
            1871       38 -0.484049385057E-06
            1871       39 -0.431915860373E-06
            1871       40 -0.386307711880E-06
            1871       41 -0.346375099708E-06
            1871       42 -0.311395948893E-06
            1871       43 -0.280637035079E-06
            1871       44 -0.253603271496E-06
            1871       45 -0.230433443292E-06
            1871       46 -0.209466202888E-06
            1871       47 -0.190230892204E-06
            1871       48 -0.173048241628E-06
            1871       49 -0.157692303312E-06
            1871       50 -0.143941095006E-06
            1871       51 -0.131602828554E-06
            1871       52 -0.120511384371E-06
            1871       53 -0.110522524336E-06
            1871       54 -0.101510713170E-06
            1871       55 -0.933664428675E-07
            1871       56 -0.859939742782E-07
            1871       57 -0.793094256357E-07
            1871       58 -0.732391504960E-07
            1871       59 -0.677183577584E-07
            1871       60 -0.626899347377E-07
            1871       61 -0.581034410012E-07
            1871       62 -0.539142461860E-07
            1871       63 -0.500827895205E-07
            1871       64 -0.465739424655E-07
            1871       65 -0.433564589411E-07
            1871       66 -0.404025001135E-07
            1871       67 -0.376872227943E-07
            1871       68 -0.351884222346E-07
            1871       69 -0.328862215269E-07
            1871       70 -0.307628010269E-07
            1871       71 -0.288021622090E-07
            1871       72 -0.269899212055E-07
            1871       73 -0.253131279828E-07
            1871       74 -0.237601077071E-07
            1871       75 -0.223203213399E-07
            1871       76 -0.209842429417E-07
            1871       77 -0.197432515051E-07
            1871       78 -0.185895354538E-07
            1871       79 -0.175160081954E-07
            1871       80 -0.165162333407E-07
            1871       81 -0.155843583859E-07
            1871       82 -0.147150558200E-07
            1871       83 -0.139034707514E-07
            1871       84 -0.131451742717E-07
            1871       85 -0.124361218734E-07
            1871       86 -0.117726163253E-07
            1873        1  0.158536037234E-02
            1873        2  0.108938437043E-02
            1873        3  0.777419597273E-03
            1873        4  0.573466399331E-03
            1873        5  0.434366066337E-03
            1873        6  0.336246776072E-03
            1873        7  0.265267308371E-03
            1873        8  0.212787516041E-03
            1873        9  0.173188516002E-03
            1873       10  0.142766591078E-03
            1873       11  0.119013526285E-03
            1873       12  0.100200046159E-03
            1873       13  0.851028039373E-04
            1873       14  0.728422189419E-04
            1873       15  0.627760195527E-04
            1873       16  0.544306360278E-04
            1873       17  0.474510833185E-04
            1873       18  0.415698228173E-04
            1873       19  0.365888290632E-04
            1873       20  0.323379472380E-04
            1873       21  0.286936733579E-04
            1873       22  0.255501150789E-04
            1873       23  0.228280521685E-04
            1873       24  0.204585695966E-04
            1873       25  0.183896232092E-04
            1873       26  0.165753421930E-04
            1873       27  0.149788499932E-04
            1873       28  0.135676568084E-04
            1873       29  0.123193331982E-04
            1873       30  0.112136234022E-04
            1873       31  0.102301356943E-04
            1873       32  0.935033495568E-05
            1873       33  0.856261083144E-05
            1873       34  0.785667050344E-05
            1873       35  0.722217316697E-05
            1873       36  0.664978678482E-05
            1873       37  0.613308133854E-05
            1873       38  0.566609043907E-05
            1873       39  0.524283131901E-05
            1873       40  0.485800890017E-05
            1873       41  0.450789162276E-05
            1873       42  0.418895675743E-05
            1873       43  0.389764990676E-05
            1873       44  0.363079405577E-05
            1873       45  0.338691529768E-05
            1873       46  0.316350958650E-05
            1873       47  0.295797528640E-05
            1873       48  0.276885008767E-05
            1873       49  0.259460998884E-05
            1873       50  0.243387033615E-05
            1873       51  0.228539451650E-05
            1873       52  0.214807613239E-05
            1873       53  0.202092355712E-05
            1873       54  0.190304652157E-05
            1873       55  0.179364443979E-05
            1873       56  0.169199622679E-05
            1873       57  0.159745139893E-05
            1873       58  0.150942228022E-05
            1873       59  0.142737716356E-05
            1873       60  0.135083429888E-05
            1873       61  0.127935659820E-05
            1873       62  0.121254696416E-05
            1873       63  0.115004416119E-05
            1873       64  0.109151916034E-05
            1873       65  0.103667189806E-05
            1873       66  0.985228397468E-06
            1873       67  0.936938207637E-06
            1873       68  0.891572122286E-06
            1873       69  0.848920144444E-06
            1873       70  0.808789667924E-06
            1873       71  0.771003850250E-06
            1873       72  0.735400154913E-06
            1873       73  0.701829043560E-06
            1873       74  0.670152801214E-06
            1873       75  0.640244479612E-06
            1873       76  0.611986945642E-06
            1873       77  0.585272023369E-06
            1873       78  0.559999719540E-06
            1873       79  0.536077523637E-06
            1873       80  0.513419774580E-06
            1873       81  0.491947087119E-06
            1873       82  0.471585831700E-06
            1873       83  0.452267662358E-06
            1873       84  0.433929087724E-06
            1873       85  0.416511080837E-06
            1873       86  0.399958723890E-06
            1875        1  0.528749394720E-02
            1875        2  0.335994375973E-02
            1875        3  0.216710607018E-02
            1875        4  0.140409903329E-02
            1875        5  0.907957289340E-03
            1875        6  0.582815391347E-03
            1875        7  0.369760126521E-03
            1875        8  0.230914698344E-03
            1875        9  0.141271973218E-03
            1875       10  0.840645461708E-04
            1875       11  0.480858072548E-04
            1875       12  0.258704811370E-04
            1875       13  0.124785656989E-04
            1875       14  0.467112864744E-05
            1875       15  0.336397601013E-06
            1875       16 -0.188802792899E-05
            1875       17 -0.287485286693E-05
            1875       18 -0.316277216443E-05
            1875       19 -0.306451334213E-05
            1875       20 -0.279932996137E-05
            1875       21 -0.246443850630E-05
            1875       22 -0.212308549103E-05
            1875       23 -0.180192535101E-05
            1875       24 -0.151684128604E-05
            1875       25 -0.126957531327E-05
            1875       26 -0.105946468185E-05
            1875       27 -0.882307748221E-06
            1875       28 -0.734834554821E-06
            1875       29 -0.613080060475E-06
            1875       30 -0.512730101857E-06
            1875       31 -0.429496761144E-06
            1875       32 -0.360603165164E-06
            1875       33 -0.303896649039E-06
            1875       34 -0.257268522734E-06
            1875       35 -0.218604928250E-06
            1875       36 -0.186335460689E-06
            1875       37 -0.159443976177E-06
            1875       38 -0.137012635383E-06
            1875       39 -0.118123061396E-06
            1875       40 -0.102112761266E-06
            1875       41 -0.885576907141E-07
            1875       42 -0.770750026015E-07
            1875       43 -0.673119362373E-07
            1875       44 -0.587856946608E-07
            1875       45 -0.512102647327E-07
            1875       46 -0.451521428527E-07
            1875       47 -0.398254417110E-07
            1875       48 -0.351679975792E-07
            1875       49 -0.311184273337E-07
            1875       50 -0.275893966359E-07
            1875       51 -0.245072329387E-07
            1875       52 -0.218096192168E-07
            1875       53 -0.194437047387E-07
            1875       54 -0.173645526040E-07
            1875       55 -0.155338601249E-07
            1875       56 -0.139189009825E-07
            1875       57 -0.124916482178E-07
            1875       58 -0.112280451206E-07
            1875       59 -0.101073974402E-07
            1875       60 -0.911186540114E-08
            1875       61 -0.822603805461E-08
            1875       62 -0.743657573706E-08
            1875       63 -0.673190901526E-08
            1875       64 -0.610198460053E-08
            1875       65 -0.553805041542E-08
            1875       66 -0.503247337648E-08
            1875       67 -0.457858457990E-08
            1875       68 -0.417054749174E-08
            1875       69 -0.380324549486E-08
            1875       70 -0.347218575765E-08
            1875       71 -0.317341689576E-08
            1875       72 -0.290345831361E-08
            1875       73 -0.265923945641E-08
            1875       74 -0.243804748793E-08
            1875       75 -0.223748214610E-08
            1875       76 -0.205541672402E-08
            1875       77 -0.188996428876E-08
            1875       78 -0.173944838650E-08
            1875       79 -0.160237759729E-08
            1875       80 -0.147742339874E-08
            1875       81 -0.136340087880E-08
            1875       82 -0.125925190545E-08
            1875       83 -0.116403041886E-08
            1875       84 -0.107688955971E-08
            1875       85 -0.997070388615E-09
            1875       86 -0.923891986208E-09
            1877        1  0.544013911223E-02
            1877        2  0.315109315570E-02
            1877        3  0.180436631285E-02
            1877        4  0.100534521620E-02
            1877        5  0.533590104630E-03
            1877        6  0.260092936003E-03
            1877        7  0.106951234391E-03
            1877        8  0.259488888301E-04
            1877        9 -0.129440000331E-04
            1877       10 -0.282817002796E-04
            1877       11 -0.312652312697E-04
            1877       12 -0.284366048521E-04
            1877       13 -0.234252843332E-04
            1877       14 -0.181026482733E-04
            1877       15 -0.133264540523E-04
            1877       16 -0.940467677306E-05
            1877       17 -0.636417675316E-05
            1877       18 -0.411583488050E-05
            1877       19 -0.249540489060E-05
            1877       20 -0.137820964659E-05
            1877       21 -0.627424090110E-06
            1877       22 -0.141390247665E-06
            1877       23  0.158288074547E-06
            1877       24  0.330628272377E-06
            1877       25  0.417328290544E-06
            1877       26  0.450110418133E-06
            1877       27  0.450065668919E-06
            1877       28  0.431780883694E-06
            1877       29  0.400998365121E-06
            1877       30  0.363514097923E-06
            1877       31  0.325323755864E-06
            1877       32  0.289930714757E-06
            1877       33  0.257097647425E-06
            1877       34  0.227005818212E-06
            1877       35  0.199970288075E-06
            1877       36  0.175989980343E-06
            1877       37  0.154637189968E-06
            1877       38  0.135751368065E-06
            1877       39  0.119244774434E-06
            1877       40  0.104885682929E-06
            1877       41  0.923182986274E-07
            1877       42  0.813085087201E-07
            1877       43  0.715722089356E-07
            1877       44  0.624756855277E-07
            1877       45  0.560949076015E-07
            1877       46  0.507959214584E-07
            1877       47  0.450192618697E-07
            1877       48  0.399133426274E-07
            1877       49  0.354562517519E-07
            1877       50  0.315569488292E-07
            1877       51  0.281383370700E-07
            1877       52  0.251349539401E-07
            1877       53  0.224910722166E-07
            1877       54  0.201591337039E-07
            1877       55  0.180984534658E-07
            1877       56  0.162741447450E-07
            1877       57  0.146562244732E-07
            1877       58  0.132188670047E-07
            1877       59  0.119397798631E-07
            1877       60  0.107996802075E-07
            1877       61  0.978185467023E-08
            1877       62  0.887178839094E-08
            1877       63  0.805685162908E-08
            1877       64  0.732603441055E-08
            1877       65  0.666972134284E-08
            1877       66  0.607950010269E-08
            1877       67  0.554799821551E-08
            1877       68  0.506874365985E-08
            1877       69  0.463604557978E-08
            1877       70  0.424489200412E-08
            1877       71  0.389086198053E-08
            1877       72  0.357004995160E-08
            1877       73  0.327900054915E-08
            1877       74  0.301465227152E-08
            1877       75  0.277428874929E-08
            1877       76  0.255549650569E-08
            1877       77  0.235612828544E-08
            1877       78  0.217427116671E-08
            1877       79  0.200821878827E-08
            1877       80  0.185644712336E-08
            1877       81  0.171759331590E-08
            1877       82  0.159043716390E-08
            1877       83  0.147388489609E-08
            1877       84  0.136695493749E-08
            1877       85  0.126876540268E-08
            1877       86  0.117852309233E-08
            1879        1 -0.128764479416E-02
            1879        2 -0.751716464849E-03
            1879        3 -0.446392274126E-03
            1879        4 -0.268099389314E-03
            1879        5 -0.161577214859E-03
            1879        6 -0.971987315575E-04
            1879        7 -0.582784907378E-04
            1879        8 -0.349576863031E-04
            1879        9 -0.212196500020E-04
            1879       10 -0.132771853831E-04
            1879       11 -0.875501535394E-05
            1879       12 -0.619226248702E-05
            1879       13 -0.472515489447E-05
            1879       14 -0.385554010494E-05
            1879       15 -0.330477440659E-05
            1879       16 -0.291955665628E-05
            1879       17 -0.262162619896E-05
            1879       18 -0.236420848111E-05
            1879       19 -0.213645494850E-05
            1879       20 -0.192640040584E-05
            1879       21 -0.173312783886E-05
            1879       22 -0.155616284098E-05
            1879       23 -0.139414013863E-05
            1879       24 -0.124614057551E-05
            1879       25 -0.111216607054E-05
            1879       26 -0.992038305414E-06
            1879       27 -0.884824041017E-06
            1879       28 -0.789540994035E-06
            1879       29 -0.704946858504E-06
            1879       30 -0.630006039874E-06
            1879       31 -0.563722601659E-06
            1879       32 -0.505162933275E-06
            1879       33 -0.453430233149E-06
            1879       34 -0.407728431713E-06
            1879       35 -0.367280804563E-06
            1879       36 -0.331439915878E-06
            1879       37 -0.299669485132E-06
            1879       38 -0.271460660516E-06
            1879       39 -0.246316585091E-06
            1879       40 -0.223841918352E-06
            1879       41 -0.203752704624E-06
            1879       42 -0.185783268078E-06
            1879       43 -0.169688166053E-06
            1879       44 -0.155421403575E-06
            1879       45 -0.142934297379E-06
            1879       46 -0.131324612204E-06
            1879       47 -0.120652270964E-06
            1879       48 -0.111013189464E-06
            1879       49 -0.102284007170E-06
            1879       50 -0.943660589005E-07
            1879       51 -0.871727184175E-07
            1879       52 -0.806277712813E-07
            1879       53 -0.746640282965E-07
            1879       54 -0.692221410249E-07
            1879       55 -0.642495874587E-07
            1879       56 -0.596998013654E-07
            1879       57 -0.555314232451E-07
            1879       58 -0.517076544823E-07
            1879       59 -0.481956992743E-07
            1879       60 -0.449662813968E-07
            1879       61 -0.419932249151E-07
            1879       62 -0.392530896616E-07
            1879       63 -0.367248537123E-07
            1879       64 -0.343896362846E-07
            1879       65 -0.322304554678E-07
            1879       66 -0.302320160333E-07
            1879       67 -0.283805232633E-07
            1879       68 -0.266635193369E-07
            1879       69 -0.250697392991E-07
            1879       70 -0.235889840680E-07
            1879       71 -0.222120082877E-07
            1879       72 -0.209304211427E-07
            1879       73 -0.197365984998E-07
            1879       74 -0.186236049780E-07
            1879       75 -0.175851247177E-07
            1879       76 -0.166153998009E-07
            1879       77 -0.157091753963E-07
            1879       78 -0.148616508339E-07
            1879       79 -0.140684359094E-07
            1879       80 -0.133255118120E-07
            1879       81 -0.126291961407E-07
            1879       82 -0.119761115459E-07
            1879       83 -0.113631575846E-07
            1879       84 -0.107874854334E-07
            1879       85 -0.102464751407E-07
            1879       86 -0.973771514240E-08
            1881        1 -0.384018244059E-02
            1881        2 -0.222705938838E-02
            1881        3 -0.127004413177E-02
            1881        4 -0.700045893145E-03
            1881        5 -0.364498711983E-03
            1881        6 -0.171672596684E-03
            1881        7 -0.653150843831E-04
            1881        8 -0.103694784753E-04
            1881        9  0.149639416073E-04
            1881       10  0.240534794183E-04
            1881       11  0.248397064692E-04
            1881       12  0.218896095425E-04
            1881       13  0.176870572487E-04
            1881       14  0.134768946078E-04
            1881       15  0.980501135908E-05
            1881       16  0.684437246486E-05
            1881       17  0.458084939487E-05
            1881       18  0.292631983209E-05
            1881       19  0.174771767719E-05
            1881       20  0.942822097561E-06
            1881       21  0.407593393172E-06
            1881       22  0.647726074736E-07
            1881       23 -0.144725649524E-06
            1881       24 -0.264612782095E-06
            1881       25 -0.324227289538E-06
            1881       26 -0.345685764266E-06
            1881       27 -0.343874602250E-06
            1881       28 -0.329201802212E-06
            1881       29 -0.305781963657E-06
            1881       30 -0.277655093835E-06
            1881       31 -0.249015560968E-06
            1881       32 -0.222410671080E-06
            1881       33 -0.197717651166E-06
            1881       34 -0.175041329797E-06
            1881       35 -0.154587526961E-06
            1881       36 -0.136377881635E-06
            1881       37 -0.120113122054E-06
            1881       38 -0.105659975110E-06
            1881       39 -0.929414153642E-07
            1881       40 -0.818080027395E-07
            1881       41 -0.720183862187E-07
            1881       42 -0.634073983458E-07
            1881       43 -0.557741706028E-07
            1881       44 -0.484160235575E-07
            1881       45 -0.424199668551E-07
            1881       46 -0.378849609650E-07
            1881       47 -0.335588323743E-07
            1881       48 -0.297532189199E-07
            1881       49 -0.264311516356E-07
            1881       50 -0.235247870989E-07
            1881       51 -0.209766719743E-07
            1881       52 -0.187380222955E-07
            1881       53 -0.167673085391E-07
            1881       54 -0.150290885525E-07
            1881       55 -0.134930420371E-07
            1881       56 -0.121331694644E-07
            1881       57 -0.109271255478E-07
            1881       58 -0.985566315774E-08
            1881       59 -0.890216815000E-08
            1881       60 -0.805226924248E-08
            1881       61 -0.729351001495E-08
            1881       62 -0.661507246909E-08
            1881       63 -0.600754349351E-08
            1881       64 -0.546271712127E-08
            1881       65 -0.497342671956E-08
            1881       66 -0.453340227111E-08
            1881       67 -0.413714873797E-08
            1881       68 -0.377984217928E-08
            1881       69 -0.345724085338E-08
            1881       70 -0.316560899331E-08
            1881       71 -0.290165132437E-08
            1881       72 -0.266245670454E-08
            1881       73 -0.244544952882E-08
            1881       74 -0.224834775328E-08
            1881       75 -0.206912657434E-08
            1881       76 -0.190598694810E-08
            1881       77 -0.175732825954E-08
            1881       78 -0.162172455634E-08
            1881       79 -0.149790384948E-08
            1881       80 -0.138473005732E-08
            1881       81 -0.128118723162E-08
            1881       82 -0.118636575676E-08
            1881       83 -0.109945025785E-08
            1881       84 -0.101970899129E-08
            1881       85 -0.946484522888E-09
            1881       86 -0.879185526433E-09
            1883        1  0.573556381360E-03
            1883        2  0.374236215065E-03
            1883        3  0.250819916171E-03
            1883        4  0.171571685283E-03
            1883        5  0.119761451988E-03
            1883        6  0.853195514837E-04
            1883        7  0.621494246347E-04
            1883        8  0.463642405836E-04
            1883        9  0.354355462515E-04
            1883       10  0.277420647173E-04
            1883       11  0.222192413252E-04
            1883       12  0.181590252325E-04
            1883       13  0.150844341229E-04
            1883       14  0.126842279254E-04
            1883       15  0.107595358958E-04
            1883       16  0.918536097857E-05
            1883       17  0.787580371319E-05
            1883       18  0.678002101560E-05
            1883       19  0.585500620446E-05
            1883       20  0.506733960799E-05
            1883       21  0.439820287415E-05
            1883       22  0.382713300788E-05
            1883       23  0.333827376812E-05
            1883       24  0.291768995905E-05
            1883       25  0.255610658571E-05
            1883       26  0.224467767984E-05
            1883       27  0.197597412479E-05
            1883       28  0.174336538378E-05
            1883       29  0.154217812579E-05
            1883       30  0.136818757372E-05
            1883       31  0.121720389885E-05
            1883       32  0.108538612863E-05
            1883       33  0.970209672826E-06
            1883       34  0.869525449058E-06
            1883       35  0.781209359716E-06
            1883       36  0.703326393187E-06
            1883       37  0.634582217094E-06
            1883       38  0.573855560558E-06
            1883       39  0.520037625060E-06
            1883       40  0.472118571995E-06
            1883       41  0.429401755960E-06
            1883       42  0.391264149919E-06
            1883       43  0.357077195180E-06
            1883       44  0.326404661621E-06
            1883       45  0.299260397628E-06
            1883       46  0.274699780484E-06
            1883       47  0.252206314774E-06
            1883       48  0.231863887673E-06
            1883       49  0.213465412133E-06
            1883       50  0.196796868616E-06
            1883       51  0.181670833889E-06
            1883       52  0.167922808173E-06
            1883       53  0.155408099019E-06
            1883       54  0.143999170201E-06
            1883       55  0.133583380218E-06
            1883       56  0.124061048140E-06
            1883       57  0.115343795304E-06
            1883       58  0.107353120067E-06
            1883       59  0.100019170004E-06
            1883       60  0.932796817906E-07
            1883       61  0.870790638729E-07
            1883       62  0.813676009846E-07
            1883       63  0.761007629142E-07
            1883       64  0.712386026467E-07
            1883       65  0.667452313077E-07
            1883       66  0.625883592419E-07
            1883       67  0.587388941543E-07
            1883       68  0.551705885958E-07
            1883       69  0.518597301911E-07
            1883       70  0.487848689668E-07
            1883       71  0.459265769420E-07
            1883       72  0.432672358250E-07
            1883       73  0.407908492314E-07
            1883       74  0.384828763470E-07
            1883       75  0.363300843579E-07
            1883       76  0.343204173495E-07
            1883       77  0.324428796656E-07
            1883       78  0.306874319925E-07
            1883       79  0.290448986552E-07
            1883       80  0.275068848048E-07
            1883       81  0.260657023508E-07
            1883       82  0.247143036273E-07
            1883       83  0.234462219163E-07
            1883       84  0.222555180528E-07
            1883       85  0.211367324356E-07
            1883       86  0.200848418454E-07
            1885        1  0.399025469277E-02
            1885        2  0.253752357198E-02
            1885        3  0.165231630048E-02
            1885        4  0.108679594951E-02
            1885        5  0.716870638824E-03
            1885        6  0.471965132999E-03
            1885        7  0.309513653811E-03
            1885        8  0.202066411956E-03
            1885        9  0.131385076346E-03
            1885       10  0.851335011817E-04
            1885       11  0.550344869929E-04
            1885       12  0.355376813059E-04
            1885       13  0.229614551629E-04
            1885       14  0.148872974104E-04
            1885       15  0.972816835611E-05
            1885       16  0.645439231511E-05
            1885       17  0.434744225195E-05
            1885       18  0.303986657078E-05
            1885       19  0.219597739797E-05
            1885       20  0.163333825604E-05
            1885       21  0.126321806107E-05
            1885       22  0.100953530792E-05
            1885       23  0.830356433650E-06
            1885       24  0.696541476303E-06
            1885       25  0.595343132380E-06
            1885       26  0.515300163064E-06
            1885       27  0.452241129998E-06
            1885       28  0.396229197204E-06
            1885       29  0.345809943817E-06
            1885       30  0.303539625165E-06
            1885       31  0.271028495632E-06
            1885       32  0.241263642303E-06
            1885       33  0.213058606763E-06
            1885       34  0.188174326916E-06
            1885       35  0.167830585376E-06
            1885       36  0.149188872653E-06
            1885       37  0.131898811076E-06
            1885       38  0.116712786703E-06
            1885       39  0.104067204229E-06
            1885       40  0.924729780257E-07
            1885       41  0.817463674974E-07
            1885       42  0.721613465722E-07
            1885       43  0.639961397305E-07
            1885       44  0.599868197941E-07
            1885       45  0.611079834100E-07
            1885       46  0.573500853182E-07
            1885       47  0.508449385106E-07
            1885       48  0.450605485076E-07
            1885       49  0.400131006460E-07
            1885       50  0.355989648932E-07
            1885       51  0.317304125818E-07
            1885       52  0.283329786040E-07
            1885       53  0.253432930414E-07
            1885       54  0.227072931788E-07
            1885       55  0.203787447610E-07
            1885       56  0.183180154585E-07
            1885       57  0.164910546627E-07
            1885       58  0.148685425845E-07
            1885       59  0.134251786789E-07
            1885       60  0.121390850503E-07
            1885       61  0.109913050082E-07
            1885       62  0.996538057350E-08
            1885       63  0.904699566232E-08
            1885       64  0.822367404612E-08
            1885       65  0.748452310559E-08
            1885       66  0.682001596269E-08
            1885       67  0.622180584949E-08
            1885       68  0.568256761723E-08
            1885       69  0.519586214475E-08
            1885       70  0.475602011040E-08
            1885       71  0.435804217102E-08
            1885       72  0.399751307217E-08
            1885       73  0.367052761045E-08
            1885       74  0.337362669909E-08
            1885       75  0.310374206204E-08
            1885       76  0.285814831126E-08
            1885       77  0.263442135241E-08
            1885       78  0.243040222512E-08
            1885       79  0.224416561795E-08
            1885       80  0.207399241126E-08
            1885       81  0.191834569650E-08
            1885       82  0.177584980084E-08
            1885       83  0.164527191386E-08
            1885       84  0.152550597082E-08
            1885       85  0.141555849563E-08
            1885       86  0.131453614848E-08
            1887        1 -0.352977984576E-04
            1887        2 -0.200129419168E-04
            1887        3 -0.284270776691E-04
            1887        4 -0.387298794331E-04
            1887        5 -0.454397278336E-04
            1887        6 -0.479124450270E-04
            1887        7 -0.471560883919E-04
            1887        8 -0.443917507600E-04
            1887        9 -0.406104507044E-04
            1887       10 -0.364613752623E-04
            1887       11 -0.323259156785E-04
            1887       12 -0.284109112405E-04
            1887       13 -0.248169673407E-04
            1887       14 -0.215948658264E-04
            1887       15 -0.187613177538E-04
            1887       16 -0.163073007740E-04
            1887       17 -0.141925866429E-04
            1887       18 -0.123951013072E-04
            1887       19 -0.108541585286E-04
            1887       20 -0.953370505780E-05
            1887       21 -0.840305674917E-05
            1887       22 -0.743142872829E-05
            1887       23 -0.659383279601E-05
            1887       24 -0.586905490899E-05
            1887       25 -0.524081394111E-05
            1887       26 -0.469426958821E-05
            1887       27 -0.421743680595E-05
            1887       28 -0.379846579782E-05
            1887       29 -0.343002785902E-05
            1887       30 -0.310633579437E-05
            1887       31 -0.282134990930E-05
            1887       32 -0.256776531258E-05
            1887       33 -0.234166213067E-05
            1887       34 -0.214027215008E-05
            1887       35 -0.196068421503E-05
            1887       36 -0.179936447209E-05
            1887       37 -0.165427224596E-05
            1887       38 -0.152381034832E-05
            1887       39 -0.140630297977E-05
            1887       40 -0.129982657202E-05
            1887       41 -0.120323110085E-05
            1887       42 -0.111555626778E-05
            1887       43 -0.103586036226E-05
            1887       44 -0.964390399093E-06
            1887       45 -0.901147305156E-06
            1887       46 -0.841401808732E-06
            1887       47 -0.785279346692E-06
            1887       48 -0.733758263185E-06
            1887       49 -0.686438831774E-06
            1887       50 -0.642911818025E-06
            1887       51 -0.602814285675E-06
            1887       52 -0.565823637681E-06
            1887       53 -0.531652515686E-06
            1887       54 -0.500044421272E-06
            1887       55 -0.470769946200E-06
            1887       56 -0.443623518137E-06
            1887       57 -0.418420583937E-06
            1887       58 -0.394995165504E-06
            1887       59 -0.373197733782E-06
            1887       60 -0.352893355111E-06
            1887       61 -0.333960071389E-06
            1887       62 -0.316287481453E-06
            1887       63 -0.299775496053E-06
            1887       64 -0.284333242938E-06
            1887       65 -0.269878102056E-06
            1887       66 -0.256334853777E-06
            1887       67 -0.243634925504E-06
            1887       68 -0.231715724113E-06
            1887       69 -0.220520043414E-06
            1887       70 -0.209995537315E-06
            1887       71 -0.200094250636E-06
            1887       72 -0.190772200605E-06
            1887       73 -0.181989002982E-06
            1887       74 -0.173707537545E-06
            1887       75 -0.165893648377E-06
            1887       76 -0.158515874929E-06
            1887       77 -0.151545210387E-06
            1887       78 -0.144954884265E-06
            1887       79 -0.138720166553E-06
            1887       80 -0.132818191041E-06
            1887       81 -0.127227795766E-06
            1887       82 -0.121929378727E-06
            1887       83 -0.116904767271E-06
            1887       84 -0.112137099706E-06
            1887       85 -0.107610717882E-06
            1887       86 -0.103311069618E-06
            1889        1 -0.106087218292E-02
            1889        2 -0.549170998694E-03
            1889        3 -0.296238812971E-03
            1889        4 -0.163233712718E-03
            1889        5 -0.898103962667E-04
            1889        6 -0.478341457433E-04
            1889        7 -0.234442985161E-04
            1889        8 -0.924173445099E-05
            1889        9 -0.109874489784E-05
            1889       10  0.335991900845E-05
            1889       11  0.559609690156E-05
            1889       12  0.650734486795E-05
            1889       13  0.664903492695E-05
            1889       14  0.636867681752E-05
            1889       15  0.588508410608E-05
            1889       16  0.532686728309E-05
            1889       17  0.476565203637E-05
            1889       18  0.423678341679E-05
            1889       19  0.375311604089E-05
            1889       20  0.332354248253E-05
            1889       21  0.294452629901E-05
            1889       22  0.261316478887E-05
            1889       23  0.232526292759E-05
            1889       24  0.207624775068E-05
            1889       25  0.186015580961E-05
            1889       26  0.167180457421E-05
            1889       27  0.150692738202E-05
            1889       28  0.136190222419E-05
            1889       29  0.123419238104E-05
            1889       30  0.112150903657E-05
            1889       31  0.102154722340E-05
            1889       32  0.932302489670E-06
            1889       33  0.852570493904E-06
            1889       34  0.781291555822E-06
            1889       35  0.717394956407E-06
            1889       36  0.659900364338E-06
            1889       37  0.608137570366E-06
            1889       38  0.561483576222E-06
            1889       39  0.519308998375E-06
            1889       40  0.481035704629E-06
            1889       41  0.446270792670E-06
            1889       42  0.414649768283E-06
            1889       43  0.385745706388E-06
            1889       44  0.358835522873E-06
            1889       45  0.334077758479E-06
            1889       46  0.311663683806E-06
            1889       47  0.291436052923E-06
            1889       48  0.272870293955E-06
            1889       49  0.255761442006E-06
            1889       50  0.239974219038E-06
            1889       51  0.225387806070E-06
            1889       52  0.211894099397E-06
            1889       53  0.199396200552E-06
            1889       54  0.187807105567E-06
            1889       55  0.177048564662E-06
            1889       56  0.167050088024E-06
            1889       57  0.157748077104E-06
            1889       58  0.149085064034E-06
            1889       59  0.141009044380E-06
            1889       60  0.133472890646E-06
            1889       61  0.126433835791E-06
            1889       62  0.119853017572E-06
            1889       63  0.113695075854E-06
            1889       64  0.107927796106E-06
            1889       65  0.102521793269E-06
            1889       66  0.974502309683E-07
            1889       67  0.926885717303E-07
            1889       68  0.882143544361E-07
            1889       69  0.840069957492E-07
            1889       70  0.800476126776E-07
            1889       71  0.763188637961E-07
            1889       72  0.728048069730E-07
            1889       73  0.694907717119E-07
            1889       74  0.663632444611E-07
            1889       75  0.634097654369E-07
            1889       76  0.606188356948E-07
            1889       77  0.579798333245E-07
            1889       78  0.554829377865E-07
            1889       79  0.531190615174E-07
            1889       80  0.508797880381E-07
            1889       81  0.487573158827E-07
            1889       82  0.467444077463E-07
            1889       83  0.448343443180E-07
            1889       84  0.430208823226E-07
            1889       85  0.412982163497E-07
            1889       86  0.396609440930E-07
            1891        1 -0.190151575632E-02
            1891        2 -0.121992831447E-02
            1891        3 -0.783193963658E-03
            1891        4 -0.498218187231E-03
            1891        5 -0.311843200527E-03
            1891        6 -0.190249651399E-03
            1891        7 -0.111648471237E-03
            1891        8 -0.615992225812E-04
            1891        9 -0.303923403146E-04
            1891       10 -0.114817756677E-04
            1891       11 -0.454748612459E-06
            1891       12  0.560189816639E-05
            1891       13  0.858729143183E-05
            1891       14  0.972439526203E-05
            1891       15  0.979194199469E-05
            1891       16  0.928217017344E-05
            1891       17  0.849215209931E-05
            1891       18  0.761917383540E-05
            1891       19  0.674350533905E-05
            1891       20  0.592966725640E-05
            1891       21  0.519846350076E-05
            1891       22  0.455501662724E-05
            1891       23  0.399364598151E-05
            1891       24  0.350706819581E-05
            1891       25  0.308701927494E-05
            1891       26  0.272478593644E-05
            1891       27  0.241248626048E-05
            1891       28  0.214195131087E-05
            1891       29  0.190784933407E-05
            1891       30  0.170570307097E-05
            1891       31  0.153081491109E-05
            1891       32  0.137767976069E-05
            1891       33  0.124336874323E-05
            1891       34  0.112573372456E-05
            1891       35  0.102249058860E-05
            1891       36  0.930907518150E-06
            1891       37  0.849532522853E-06
            1891       38  0.777251951593E-06
            1891       39  0.712873192732E-06
            1891       40  0.655013836373E-06
            1891       41  0.602943139808E-06
            1891       42  0.556072767219E-06
            1891       43  0.513844096624E-06
            1891       44  0.476319246519E-06
            1891       45  0.442953642933E-06
            1891       46  0.411811240995E-06
            1891       47  0.382862495900E-06
            1891       48  0.356444028159E-06
            1891       49  0.332323763759E-06
            1891       50  0.310260266491E-06
            1891       51  0.290041763805E-06
            1891       52  0.271481990668E-06
            1891       53  0.254416684175E-06
            1891       54  0.238700616838E-06
            1891       55  0.224205077498E-06
            1891       56  0.210815725509E-06
            1891       57  0.198430757223E-06
            1891       58  0.186959334689E-06
            1891       59  0.176320235183E-06
            1891       60  0.166440687321E-06
            1891       61  0.157255365269E-06
            1891       62  0.148705517347E-06
            1891       63  0.140738209139E-06
            1891       64  0.133305664510E-06
            1891       65  0.126364690478E-06
            1891       66  0.119876174162E-06
            1891       67  0.113804641783E-06
            1891       68  0.108117871259E-06
            1891       69  0.102786551162E-06
            1891       70  0.977839799011E-07
            1891       71  0.930857998666E-07
            1891       72  0.886697620322E-07
            1891       73  0.845155171464E-07
            1891       74  0.806044301825E-07
            1891       75  0.769194151721E-07
            1891       76  0.734447879405E-07
            1891       77  0.701661345888E-07
            1891       78  0.670701938570E-07
            1891       79  0.641447517401E-07
            1891       80  0.613785469416E-07
            1891       81  0.587611859292E-07
            1891       82  0.562830665064E-07
            1891       83  0.539353089579E-07
            1891       84  0.517096939303E-07
            1891       85  0.495986063203E-07
            1891       86  0.475949845242E-07
            1893        1  0.135160733443E-03
            1893        2  0.161948671779E-03
            1893        3  0.132495178722E-03
            1893        4  0.931680733927E-04
            1893        5  0.589945404788E-04
            1893        6  0.333168741976E-04
            1893        7  0.154447117706E-04
            1893        8  0.371944009637E-05
            1893        9 -0.352778453233E-05
            1893       10 -0.769811011603E-05
            1893       11 -0.982380726860E-05
            1893       12 -0.106409679310E-04
            1893       13 -0.106548110665E-04
            1893       14 -0.102034264785E-04
            1893       15 -0.950746457196E-05
            1893       16 -0.870648146921E-05
            1893       17 -0.788649877653E-05
            1893       18 -0.709447490091E-05
            1893       19 -0.635845842988E-05
            1893       20 -0.568935691913E-05
            1893       21 -0.508835978484E-05
            1893       22 -0.455207773317E-05
            1893       23 -0.407748594500E-05
            1893       24 -0.365912238390E-05
            1893       25 -0.329060765618E-05
            1893       26 -0.296563972461E-05
            1893       27 -0.267900633036E-05
            1893       28 -0.242551594900E-05
            1893       29 -0.220122525500E-05
            1893       30 -0.200271982885E-05
            1893       31 -0.182654858118E-05
            1893       32 -0.166925379677E-05
            1893       33 -0.152860697946E-05
            1893       34 -0.140275954308E-05
            1893       35 -0.128984437581E-05
            1893       36 -0.118804867433E-05
            1893       37 -0.109616859745E-05
            1893       38 -0.101315885083E-05
            1893       39 -0.937964383350E-06
            1893       40 -0.869585725955E-06
            1893       41 -0.807343822521E-06
            1893       42 -0.750628330369E-06
            1893       43 -0.698808485633E-06
            1893       44 -0.651041048291E-06
            1893       45 -0.607412390375E-06
            1893       46 -0.567782758134E-06
            1893       47 -0.531126996651E-06
            1893       48 -0.497362011039E-06
            1893       49 -0.466248178825E-06
            1893       50 -0.437538288932E-06
            1893       51 -0.411011787023E-06
            1893       52 -0.386471514840E-06
            1893       53 -0.363740895453E-06
            1893       54 -0.342661496989E-06
            1893       55 -0.323090918615E-06
            1893       56 -0.304900951734E-06
            1893       57 -0.287975976775E-06
            1893       58 -0.272211562267E-06
            1893       59 -0.257513238023E-06
            1893       60 -0.243795418521E-06
            1893       61 -0.230980456220E-06
            1893       62 -0.218997807469E-06
            1893       63 -0.207783296261E-06
            1893       64 -0.197278463145E-06
            1893       65 -0.187429988439E-06
            1893       66 -0.178189180399E-06
            1893       67 -0.169511520251E-06
            1893       68 -0.161356257141E-06
            1893       69 -0.153686046951E-06
            1893       70 -0.146466629747E-06
            1893       71 -0.139666541293E-06
            1893       72 -0.133256854681E-06
            1893       73 -0.127210948588E-06
            1893       74 -0.121504299155E-06
            1893       75 -0.116114292822E-06
            1893       76 -0.111020057793E-06
            1893       77 -0.106202312089E-06
            1893       78 -0.101643226392E-06
            1893       79 -0.973263000825E-07
            1893       80 -0.932362490860E-07
            1893       81 -0.893589042743E-07
            1893       82 -0.856811193345E-07
            1893       83 -0.821906871329E-07
            1893       84 -0.788762637064E-07
            1893       85 -0.757272991183E-07
            1893       86 -0.727339744923E-07
            1895        1  0.656738893132E-01
            1895        2  0.426792903066E-01
            1895        3  0.273832835015E-01
            1895        4  0.172871969981E-01
            1895        5  0.106914812352E-01
            1895        6  0.643506665510E-02
            1895        7  0.372866052294E-02
            1895        8  0.203837069997E-02
            1895        9  0.100608236909E-02
            1895       10  0.393969110612E-03
            1895       11  0.458730751245E-04
            1895       12 -0.139483109956E-03
            1895       13 -0.226923700311E-03
            1895       14 -0.257339824485E-03
            1895       15 -0.256094871044E-03
            1895       16 -0.238587317950E-03
            1895       17 -0.213987883931E-03
            1895       18 -0.187468423206E-03
            1895       19 -0.161654933085E-03
            1895       20 -0.138152827659E-03
            1895       21 -0.117386290620E-03
            1895       22 -0.994361619130E-04
            1895       23 -0.841226106020E-04
            1895       24 -0.711880347334E-04
            1895       25 -0.603226745227E-04
            1895       26 -0.512186722596E-04
            1895       27 -0.435897899847E-04
            1895       28 -0.371912321442E-04
            1895       29 -0.318423089962E-04
            1895       30 -0.273708217151E-04
            1895       31 -0.236060136818E-04
            1895       32 -0.204134271212E-04
            1895       33 -0.177107164020E-04
            1895       34 -0.154214535713E-04
            1895       35 -0.134700301007E-04
            1895       36 -0.117971917268E-04
            1895       37 -0.103643948896E-04
            1895       38 -0.913515618375E-05
            1895       39 -0.807348483310E-05
            1895       40 -0.715169245976E-05
            1895       41 -0.635152797292E-05
            1895       42 -0.565555649733E-05
            1895       43 -0.504639577744E-05
            1895       44 -0.450962953833E-05
            1895       45 -0.404288712525E-05
            1895       46 -0.363303978121E-05
            1895       47 -0.326831109602E-05
            1895       48 -0.294522575574E-05
            1895       49 -0.265859293518E-05
            1895       50 -0.240380616169E-05
            1895       51 -0.217690157477E-05
            1895       52 -0.197446009267E-05
            1895       53 -0.179352568332E-05
            1895       54 -0.163153689538E-05
            1895       55 -0.148626934050E-05
            1895       56 -0.135578724674E-05
            1895       57 -0.123840254708E-05
            1895       58 -0.113264024467E-05
            1895       59 -0.103720902056E-05
            1895       60 -0.950976231320E-06
            1895       61 -0.872946592364E-06
            1895       62 -0.802243962895E-06
            1895       63 -0.738095747584E-06
            1895       64 -0.679819510847E-06
            1895       65 -0.626811466275E-06
            1895       66 -0.578536558774E-06
            1895       67 -0.534519902430E-06
            1895       68 -0.494339374693E-06
            1895       69 -0.457619198986E-06
            1895       70 -0.424024373718E-06
            1895       71 -0.393255827606E-06
            1895       72 -0.365046199424E-06
            1895       73 -0.339156155516E-06
            1895       74 -0.315371171309E-06
            1895       75 -0.293498713907E-06
            1895       76 -0.273365771927E-06
            1895       77 -0.254816686490E-06
            1895       78 -0.237711243831E-06
            1895       79 -0.221922995538E-06
            1895       80 -0.207337777145E-06
            1895       81 -0.193852399858E-06
            1895       82 -0.181373493599E-06
            1895       83 -0.169816482521E-06
            1895       84 -0.159104676632E-06
            1895       85 -0.149168465358E-06
            1895       86 -0.139944600710E-06
            1896        1 -0.684224911080E-04
            1896        2 -0.262836367351E-04
            1896        3 -0.102906095772E-04
            1896        4 -0.547535481958E-05
            1896        5 -0.431540979100E-05
            1896        6 -0.394445003885E-05
            1896        7 -0.348324546932E-05
            1896        8 -0.286183052848E-05
            1896        9 -0.220139529947E-05
            1896       10 -0.161060473715E-05
            1896       11 -0.113176712751E-05
            1896       12 -0.770611586478E-06
            1896       13 -0.506072078274E-06
            1896       14 -0.316877305436E-06
            1896       15 -0.184968654784E-06
            1896       16 -0.960595863539E-07
            1896       17 -0.368987598568E-07
            1896       18  0.126253935098E-08
            1896       19  0.243586119091E-07
            1896       20  0.367440827100E-07
            1896       21  0.415233830413E-07
            1896       22  0.413224871977E-07
            1896       23  0.382157230743E-07
            1896       24  0.338029702881E-07
            1896       25  0.290692070497E-07
            1896       26  0.246324194483E-07
            1896       27  0.206155363918E-07
            1896       28  0.171381768764E-07
            1896       29  0.141918046569E-07
            1896       30  0.117470842114E-07
            1896       31  0.977730422892E-08
            1896       32  0.828996653325E-08
            1896       33  0.718934014440E-08
            1896       34  0.635892650974E-08
            1896       35  0.568548386534E-08
            1896       36  0.510619732119E-08
            1896       37  0.459934255211E-08
            1896       38  0.415149950297E-08
            1896       39  0.374985246959E-08
            1896       40  0.338897106805E-08
            1896       41  0.306476039927E-08
            1896       42  0.277494801813E-08
            1896       43  0.251719446068E-08
            1896       44  0.192041016608E-08
            1896       45  0.558269350749E-09
            1896       46  0.124914529575E-10
            1896       47  0.371662586480E-13
            1896       48  0.307683514584E-13
            1896       49  0.254859033906E-13
            1896       50  0.211159359951E-13
            1896       51  0.174943454390E-13
            1896       52  0.144880369639E-13
            1896       53  0.119887599865E-13
            1896       54  0.990825803241E-14
            1896       55  0.817433924713E-14
            1896       56  0.672784223366E-14
            1896       57  0.552014199193E-14
            1896       58  0.451118843117E-14
            1896       59  0.366791935229E-14
            1896       60  0.296298525135E-14
            1896       61  0.237371925656E-14
            1896       62  0.188128631724E-14
            1896       63  0.147001049379E-14
            1896       64  0.112683739621E-14
            1896       65  0.840856621660E-15
            1896       66  0.602942946046E-15
            1896       67  0.405456521829E-15
            1896       68  0.241987351592E-15
            1896       69  0.107153160166E-15
            1896       70 -0.357339685649E-17
            1896       71 -0.940069887791E-16
            1896       72 -0.167357942014E-15
            1896       73 -0.226335740686E-15
            1896       74 -0.273231781824E-15
            1896       75 -0.309976733337E-15
            1896       76 -0.338208591619E-15
            1896       77 -0.359307503966E-15
            1896       78 -0.374447008200E-15
            1896       79 -0.384617297263E-15
            1896       80 -0.390657657697E-15
            1896       81 -0.393277974103E-15
            1896       82 -0.393080691414E-15
            1896       83 -0.390576840609E-15
            1896       84 -0.386195136281E-15
            1896       85 -0.380299445949E-15
            1896       86 -0.373199793242E-15
            1897        1 -0.219744950101E-03
            1897        2 -0.139285835431E-03
            1897        3 -0.916316431282E-04
            1897        4 -0.618712617801E-04
            1897        5 -0.421386627116E-04
            1897        6 -0.285297067848E-04
            1897        7 -0.190069076392E-04
            1897        8 -0.124123809150E-04
            1897        9 -0.794015151520E-05
            1897       10 -0.497622797293E-05
            1897       11 -0.305600201436E-05
            1897       12 -0.183719370702E-05
            1897       13 -0.108009836836E-05
            1897       14 -0.617621421259E-06
            1897       15 -0.339398202261E-06
            1897       16 -0.175552733561E-06
            1897       17 -0.823153741763E-07
            1897       18 -0.318501638025E-07
            1897       19 -0.916138888265E-08
            1897       20 -0.179503724939E-08
            1897       21 -0.248663297018E-08
            1897       22 -0.589672849191E-08
            1897       23 -0.103630399389E-07
            1897       24 -0.145644605971E-07
            1897       25 -0.173944776414E-07
            1897       26 -0.185474231849E-07
            1897       27 -0.184709771457E-07
            1897       28 -0.176541637247E-07
            1897       29 -0.163310043160E-07
            1897       30 -0.147046592489E-07
            1897       31 -0.129860145501E-07
            1897       32 -0.114005724520E-07
            1897       33 -0.996849070477E-08
            1897       34 -0.868780300352E-08
            1897       35 -0.755806314737E-08
            1897       36 -0.658075666785E-08
            1897       37 -0.572986010358E-08
            1897       38 -0.498615464850E-08
            1897       39 -0.433279774036E-08
            1897       40 -0.376952088119E-08
            1897       41 -0.328311656464E-08
            1897       42 -0.286136550432E-08
            1897       43 -0.247928422437E-08
            1897       44 -0.167829408656E-08
            1897       45 -0.405006980850E-09
            1897       46 -0.136094955479E-10
            1897       47 -0.642063791091E-11
            1897       48 -0.570170019998E-11
            1897       49 -0.507780420953E-11
            1897       50 -0.453470999563E-11
            1897       51 -0.406053388375E-11
            1897       52 -0.364532509934E-11
            1897       53 -0.328072410671E-11
            1897       54 -0.295968573456E-11
            1897       55 -0.267625414608E-11
            1897       56 -0.242537915331E-11
            1897       57 -0.220276598573E-11
            1897       58 -0.200475178340E-11
            1897       59 -0.182820395411E-11
            1897       60 -0.167043610200E-11
            1897       61 -0.152913839506E-11
            1897       62 -0.140231963896E-11
            1897       63 -0.128825900685E-11
            1897       64 -0.118546567317E-11
            1897       65 -0.109264498667E-11
            1897       66 -0.100867002256E-11
            1897       67 -0.932557621158E-12
            1897       68 -0.863448135695E-12
            1897       69 -0.800588283546E-12
            1897       70 -0.743316590617E-12
            1897       71 -0.691050992781E-12
            1897       72 -0.643278275720E-12
            1897       73 -0.599545034776E-12
            1897       74 -0.559449929234E-12
            1897       75 -0.522637044269E-12
            1897       76 -0.488790163416E-12
            1897       77 -0.457627838586E-12
            1897       78 -0.428899128161E-12
            1897       79 -0.402379908385E-12
            1897       80 -0.377869672338E-12
            1897       81 -0.355188747457E-12
            1897       82 -0.334175876762E-12
            1897       83 -0.314686103738E-12
            1897       84 -0.296588926610E-12
            1897       85 -0.279766682571E-12
            1897       86 -0.264113132392E-12
            1898        1 -0.481438886975E-04
            1898        2 -0.205383006756E-04
            1898        3 -0.106334931097E-04
            1898        4 -0.681221824602E-05
            1898        5 -0.483648701685E-05
            1898        6 -0.329232413196E-05
            1898        7 -0.197882100012E-05
            1898        8 -0.948994653772E-06
            1898        9 -0.232480168233E-06
            1898       10  0.210310508834E-06
            1898       11  0.435616585487E-06
            1898       12  0.514605181323E-06
            1898       13  0.509381786775E-06
            1898       14  0.464743659588E-06
            1898       15  0.407017557750E-06
            1898       16  0.348816504646E-06
            1898       17  0.295719455844E-06
            1898       18  0.248952982559E-06
            1898       19  0.208307425744E-06
            1898       20  0.173002223692E-06
            1898       21  0.141102753451E-06
            1898       22  0.112186186405E-06
            1898       23  0.877524544742E-07
            1898       24  0.685118571193E-07
            1898       25  0.535843935342E-07
            1898       26  0.419829559766E-07
            1898       27  0.330688102520E-07
            1898       28  0.263055534334E-07
            1898       29  0.212683527875E-07
            1898       30  0.174568872929E-07
            1898       31  0.143790873233E-07
            1898       32  0.117822620733E-07
            1898       33  0.961628072515E-08
            1898       34  0.779040536567E-08
            1898       35  0.622097083975E-08
            1898       36  0.491089971180E-08
            1898       37  0.384425083229E-08
            1898       38  0.297187196096E-08
            1898       39  0.224832996431E-08
            1898       40  0.167096011794E-08
            1898       41  0.122944280600E-08
            1898       42  0.900069020001E-09
            1898       43  0.654590971951E-09
            1898       44  0.316930081103E-09
            1898       45  0.153329988847E-10
            1898       46  0.297569843639E-11
            1898       47  0.627885744780E-11
            1898       48  0.600535268495E-11
            1898       49  0.572782098170E-11
            1898       50  0.545099467417E-11
            1898       51  0.517835586019E-11
            1898       52  0.491241905889E-11
            1898       53  0.465495152019E-11
            1898       54  0.440714502625E-11
            1898       55  0.416975017990E-11
            1898       56  0.394318114981E-11
            1898       57  0.372759762812E-11
            1898       58  0.352296867523E-11
            1898       59  0.332912261134E-11
            1898       60  0.314578579579E-11
            1898       61  0.297261276364E-11
            1898       62  0.280920951363E-11
            1898       63  0.265515150035E-11
            1898       64  0.250999733687E-11
            1898       65  0.237329926294E-11
            1898       66  0.224461096387E-11
            1898       67  0.212349338218E-11
            1898       68  0.200951893055E-11
            1898       69  0.190227446081E-11
            1898       70  0.180136328648E-11
            1898       71  0.170640642664E-11
            1898       72  0.161704331787E-11
            1898       73  0.153293205877E-11
            1898       74  0.145374934588E-11
            1898       75  0.137919015581E-11
            1898       76  0.130896725820E-11
            1898       77  0.124281059696E-11
            1898       78  0.118046659322E-11
            1898       79  0.112169738834E-11
            1898       80  0.106628006786E-11
            1898       81  0.101400586367E-11
            1898       82  0.964679367928E-12
            1898       83  0.918117759614E-12
            1898       84  0.874150048489E-12
            1898       85  0.832616347840E-12
            1898       86  0.793367181940E-12
            1899        1  0.121774097667E-03
            1899        2  0.579277886807E-04
            1899        3  0.295828678400E-04
            1899        4  0.158978868228E-04
            1899        5  0.852358245296E-05
            1899        6  0.397170853138E-05
            1899        7  0.103769769218E-05
            1899        8 -0.853373960038E-06
            1899        9 -0.202471770832E-05
            1899       10 -0.267498360213E-05
            1899       11 -0.293738282602E-05
            1899       12 -0.293820103381E-05
            1899       13 -0.279022244292E-05
            1899       14 -0.257201943557E-05
            1899       15 -0.233078616402E-05
            1899       16 -0.209241567077E-05
            1899       17 -0.186962590877E-05
            1899       18 -0.166232715053E-05
            1899       19 -0.147400306166E-05
            1899       20 -0.130335490656E-05
            1899       21 -0.115048413079E-05
            1899       22 -0.101535321109E-05
            1899       23 -0.898282956875E-06
            1899       24 -0.798073936187E-06
            1899       25 -0.712283807855E-06
            1899       26 -0.638390743647E-06
            1899       27 -0.574494654164E-06
            1899       28 -0.518944864025E-06
            1899       29 -0.470619996665E-06
            1899       30 -0.428274015604E-06
            1899       31 -0.390667083505E-06
            1899       32 -0.357022395164E-06
            1899       33 -0.326988963793E-06
            1899       34 -0.300114944130E-06
            1899       35 -0.275947820441E-06
            1899       36 -0.254187812990E-06
            1899       37 -0.234607068282E-06
            1899       38 -0.216924082811E-06
            1899       39 -0.200856236578E-06
            1899       40 -0.186218519902E-06
            1899       41 -0.172891157284E-06
            1899       42 -0.160733295842E-06
            1899       43 -0.149584734613E-06
            1899       44 -0.138720251856E-06
            1899       45 -0.127875192852E-06
            1899       46 -0.118921215722E-06
            1899       47 -0.111216094745E-06
            1899       48 -0.104133566323E-06
            1899       49 -0.976048728343E-07
            1899       50 -0.915789885618E-07
            1899       51 -0.860102699743E-07
            1899       52 -0.808578193761E-07
            1899       53 -0.760849315275E-07
            1899       54 -0.716586114506E-07
            1899       55 -0.675491534514E-07
            1899       56 -0.637297728999E-07
            1899       57 -0.601762835493E-07
            1899       58 -0.568668142578E-07
            1899       59 -0.537815598620E-07
            1899       60 -0.509025617063E-07
            1899       61 -0.482135139733E-07
            1899       62 -0.456995925016E-07
            1899       63 -0.433473032361E-07
            1899       64 -0.411443478506E-07
            1899       65 -0.390795044130E-07
            1899       66 -0.371425212512E-07
            1899       67 -0.353240224225E-07
            1899       68 -0.336154233955E-07
            1899       69 -0.320088557392E-07
            1899       70 -0.304970997629E-07
            1899       71 -0.290735241883E-07
            1899       72 -0.277320320496E-07
            1899       73 -0.264670121159E-07
            1899       74 -0.252732952185E-07
            1899       75 -0.241461149397E-07
            1899       76 -0.230810721856E-07
            1899       77 -0.220741032215E-07
            1899       78 -0.211214507987E-07
            1899       79 -0.202196380452E-07
            1899       80 -0.193654448278E-07
            1899       81 -0.185558863322E-07
            1899       82 -0.177881936287E-07
            1899       83 -0.170597960247E-07
            1899       84 -0.163683050208E-07
            1899       85 -0.157114997126E-07
            1899       86 -0.150873134939E-07
            1900        1  0.121949516773E-03
            1900        2  0.997757033072E-04
            1900        3  0.791208811685E-04
            1900        4  0.623639922447E-04
            1900        5  0.492087374216E-04
            1900        6  0.391791524956E-04
            1900        7  0.317042282589E-04
            1900        8  0.260793578758E-04
            1900        9  0.217197138697E-04
            1900       10  0.182534156794E-04
            1900       11  0.154646307103E-04
            1900       12  0.132079144272E-04
            1900       13  0.113695476020E-04
            1900       14  0.985346647258E-05
            1900       15  0.858331009568E-05
            1900       16  0.750466146384E-05
            1900       17  0.658134470395E-05
            1900       18  0.578931608679E-05
            1900       19  0.511093893004E-05
            1900       20  0.452870465862E-05
            1900       21  0.402646527686E-05
            1900       22  0.359039148461E-05
            1900       23  0.321094755733E-05
            1900       24  0.287940704034E-05
            1900       25  0.258870403358E-05
            1900       26  0.233279909009E-05
            1900       27  0.210712210137E-05
            1900       28  0.190750270203E-05
            1900       29  0.173088277219E-05
            1900       30  0.157451437603E-05
            1900       31  0.143562045173E-05
            1900       32  0.131160047329E-05
            1900       33  0.120074115340E-05
            1900       34  0.110152618002E-05
            1900       35  0.101243128945E-05
            1900       36  0.932079961149E-06
            1900       37  0.859548240501E-06
            1900       38  0.793995888818E-06
            1900       39  0.734579381663E-06
            1900       40  0.680547425167E-06
            1900       41  0.631380044762E-06
            1900       42  0.586593190654E-06
            1900       43  0.545691397302E-06
            1900       44  0.508161513157E-06
            1900       45  0.473818243154E-06
            1900       46  0.442463595549E-06
            1900       47  0.413676219152E-06
            1900       48  0.387192761913E-06
            1900       49  0.362796752440E-06
            1900       50  0.340293692254E-06
            1900       51  0.319509914995E-06
            1900       52  0.300290073259E-06
            1900       53  0.282494961717E-06
            1900       54  0.265999627140E-06
            1900       55  0.250691723930E-06
            1900       56  0.236470080216E-06
            1900       57  0.223243444926E-06
            1900       58  0.210929390819E-06
            1900       59  0.199453352179E-06
            1900       60  0.188747779042E-06
            1900       61  0.178751392478E-06
            1900       62  0.169408527679E-06
            1900       63  0.160668553492E-06
            1900       64  0.152485358646E-06
            1900       65  0.144816896243E-06
            1900       66  0.137624779275E-06
            1900       67  0.130873920891E-06
            1900       68  0.124532213964E-06
            1900       69  0.118570245260E-06
            1900       70  0.112961040099E-06
            1900       71  0.107679833921E-06
            1900       72  0.102703867673E-06
            1900       73  0.980122042550E-07
            1900       74  0.935855636632E-07
            1900       75  0.894061747332E-07
            1900       76  0.854576416424E-07
            1900       77  0.817248235586E-07
            1900       78  0.781937260136E-07
            1900       79  0.748514027419E-07
            1900       80  0.716858668785E-07
            1900       81  0.686860105342E-07
            1900       82  0.658415318777E-07
            1900       83  0.631428689560E-07
            1900       84  0.605811395661E-07
            1900       85  0.581480865700E-07
            1900       86  0.558360281110E-07
