            3687        1 -0.487429964752E-04
            3687        2 -0.906911911966E-05
            3687        3  0.593432059077E-05
            3687        4  0.111284595102E-04
            3687        5  0.120419290188E-04
            3687        6  0.112923593679E-04
            3687        7  0.997530503348E-05
            3687        8  0.857044836564E-05
            3687        9  0.726511037270E-05
            3687       10  0.611439440834E-05
            3687       11  0.512154034864E-05
            3687       12  0.427980988358E-05
            3687       13  0.357716285709E-05
            3687       14  0.299648610422E-05
            3687       15  0.251817843344E-05
            3687       16  0.212426337022E-05
            3687       17  0.179909839089E-05
            3687       18  0.153063656132E-05
            3687       19  0.130862656205E-05
            3687       20  0.112433525114E-05
            3687       21  0.970325208272E-06
            3687       22  0.840828671371E-06
            3687       23  0.731681373169E-06
            3687       24  0.639295338062E-06
            3687       25  0.560584960544E-06
            3687       26  0.493103720739E-06
            3687       27  0.434994158585E-06
            3687       28  0.384823467813E-06
            3687       29  0.341503128802E-06
            3687       30  0.304021383723E-06
            3687       31  0.271385675055E-06
            3687       32  0.242823540360E-06
            3687       33  0.217809883465E-06
            3687       34  0.195873169398E-06
            3687       35  0.176549738588E-06
            3687       36  0.159456875732E-06
            3687       37  0.144324260954E-06
            3687       38  0.130907238068E-06
            3687       39  0.118965812891E-06
            3687       40  0.108299743816E-06
            3687       41  0.987591205955E-07
            3687       42  0.902049097418E-07
            3687       43  0.825326000991E-07
            3687       44  0.760347102509E-07
            3687       45  0.702905267143E-07
            3687       46  0.645852370758E-07
            3687       47  0.593729700363E-07
            3687       48  0.546637709586E-07
            3687       49  0.503958001824E-07
            3687       50  0.465215651810E-07
            3687       51  0.429993278558E-07
            3687       52  0.397923317174E-07
            3687       53  0.368681427178E-07
            3687       54  0.341980856118E-07
            3687       55  0.317567608319E-07
            3687       56  0.295216293997E-07
            3687       57  0.274726554796E-07
            3687       58  0.255919978878E-07
            3687       59  0.238637432790E-07
            3687       60  0.222736749000E-07
            3687       61  0.208090717601E-07
            3687       62  0.194585338776E-07
            3687       63  0.182118299210E-07
            3687       64  0.170597641306E-07
            3687       65  0.159940598691E-07
            3687       66  0.150072575426E-07
            3687       67  0.140926249661E-07
            3687       68  0.132440785241E-07
            3687       69  0.124561137124E-07
            3687       70  0.117237438492E-07
            3687       71  0.110424459084E-07
            3687       72  0.104081125784E-07
            3687       73  0.981700976397E-08
            3687       74  0.926573886389E-08
            3687       75  0.875120323555E-08
            3687       76  0.827057834514E-08
            3687       77  0.782128516001E-08
            3687       78  0.740096640110E-08
            3687       79  0.700746532063E-08
            3687       80  0.663880671274E-08
            3687       81  0.629317990136E-08
            3687       82  0.596892348114E-08
            3687       83  0.566451161476E-08
            3687       84  0.537854171381E-08
            3687       85  0.510972335104E-08
            3687       86  0.485686826992E-08
            3688        1  0.455184513076E-02
            3688        2  0.289883287123E-02
            3688        3  0.188312121899E-02
            3688        4  0.123211260493E-02
            3688        5  0.806306821211E-03
            3688        6  0.525079807246E-03
            3688        7  0.339346531521E-03
            3688        8  0.217257120120E-03
            3688        9  0.137576482241E-03
            3688       10  0.859779053660E-04
            3688       11  0.528623684035E-04
            3688       12  0.318179976906E-04
            3688       13  0.185993974729E-04
            3688       14  0.104169165966E-04
            3688       15  0.544308610038E-05
            3688       16  0.249750793267E-05
            3688       17  0.773330299318E-06
            3688       18 -0.150019252741E-06
            3688       19 -0.628284096302E-06
            3688       20 -0.858519189861E-06
            3688       21 -0.932585075429E-06
            3688       22 -0.926026283575E-06
            3688       23 -0.877934194027E-06
            3688       24 -0.814282660919E-06
            3688       25 -0.744328345343E-06
            3688       26 -0.676056150063E-06
            3688       27 -0.610428907887E-06
            3688       28 -0.554358733570E-06
            3688       29 -0.507185507780E-06
            3688       30 -0.464479808387E-06
            3688       31 -0.422711839698E-06
            3688       32 -0.386961241236E-06
            3688       33 -0.357300645203E-06
            3688       34 -0.331072563895E-06
            3688       35 -0.306132062123E-06
            3688       36 -0.284362338583E-06
            3688       37 -0.265543115141E-06
            3688       38 -0.248442894926E-06
            3688       39 -0.232129905616E-06
            3688       40 -0.217592473129E-06
            3688       41 -0.204708649558E-06
            3688       42 -0.192937803218E-06
            3688       43 -0.181743625817E-06
            3688       44 -0.168345484465E-06
            3688       45 -0.151657261937E-06
            3688       46 -0.140944758921E-06
            3688       47 -0.133999436504E-06
            3688       48 -0.127462029456E-06
            3688       49 -0.121214259221E-06
            3688       50 -0.115257088086E-06
            3688       51 -0.109587552811E-06
            3688       52 -0.104199808748E-06
            3688       53 -0.990859422066E-07
            3688       54 -0.942366009518E-07
            3688       55 -0.896414818834E-07
            3688       56 -0.852897064908E-07
            3688       57 -0.811701080972E-07
            3688       58 -0.772714497977E-07
            3688       59 -0.735825879790E-07
            3688       60 -0.700925931639E-07
            3688       61 -0.667908374575E-07
            3688       62 -0.636670559222E-07
            3688       63 -0.607113876797E-07
            3688       64 -0.579144013207E-07
            3688       65 -0.552671082482E-07
            3688       66 -0.527609668163E-07
            3688       67 -0.503878795274E-07
            3688       68 -0.481401850652E-07
            3688       69 -0.460106465719E-07
            3688       70 -0.439924372608E-07
            3688       71 -0.420791242287E-07
            3688       72 -0.402646511331E-07
            3688       73 -0.385433202492E-07
            3688       74 -0.369097743034E-07
            3688       75 -0.353589783817E-07
            3688       76 -0.338862021362E-07
            3688       77 -0.324870024550E-07
            3688       78 -0.311572067115E-07
            3688       79 -0.298928966727E-07
            3688       80 -0.286903931184E-07
            3688       81 -0.275462412003E-07
            3688       82 -0.264571965514E-07
            3688       83 -0.254202121463E-07
            3688       84 -0.244324258989E-07
            3688       85 -0.234911489806E-07
            3688       86 -0.225938548351E-07
            3689        1 -0.746590535238E-03
            3689        2 -0.477920921775E-03
            3689        3 -0.294491803228E-03
            3689        4 -0.171556370025E-03
            3689        5 -0.912231262775E-04
            3689        6 -0.402612635447E-04
            3689        7 -0.908293343790E-05
            3689        8  0.905407665119E-05
            3689        9  0.187892892718E-04
            3689       10  0.232557012254E-04
            3689       11  0.245327759729E-04
            3689       12  0.239706952248E-04
            3689       13  0.224238706691E-04
            3689       14  0.204249732640E-04
            3689       15  0.182958069419E-04
            3689       16  0.162228456384E-04
            3689       17  0.142923685096E-04
            3689       18  0.125668468332E-04
            3689       19  0.110337968842E-04
            3689       20  0.969319828946E-05
            3689       21  0.853106613336E-05
            3689       22  0.752642588792E-05
            3689       23  0.665784616090E-05
            3689       24  0.590614043933E-05
            3689       25  0.525546843935E-05
            3689       26  0.469081042830E-05
            3689       27  0.419976397709E-05
            3689       28  0.376989674646E-05
            3689       29  0.339344251517E-05
            3689       30  0.306415645942E-05
            3689       31  0.277550719725E-05
            3689       32  0.251965600341E-05
            3689       33  0.229243249963E-05
            3689       34  0.209085994367E-05
            3689       35  0.191179423987E-05
            3689       36  0.175142226890E-05
            3689       37  0.160759514774E-05
            3689       38  0.147863674410E-05
            3689       39  0.136277732390E-05
            3689       40  0.125798188997E-05
            3689       41  0.116308107482E-05
            3689       42  0.107710746764E-05
            3689       43  0.999118102274E-06
            3689       44  0.929284849879E-06
            3689       45  0.867363258352E-06
            3689       46  0.809089852402E-06
            3689       47  0.754509344741E-06
            3689       48  0.704469170728E-06
            3689       49  0.658569319646E-06
            3689       50  0.616399258946E-06
            3689       51  0.577595871252E-06
            3689       52  0.541837212071E-06
            3689       53  0.508837188197E-06
            3689       54  0.478341006772E-06
            3689       55  0.450121271723E-06
            3689       56  0.423974625873E-06
            3689       57  0.399718854350E-06
            3689       58  0.377190379263E-06
            3689       59  0.356242087207E-06
            3689       60  0.336741440688E-06
            3689       61  0.318568832428E-06
            3689       62  0.301616147992E-06
            3689       63  0.285785507568E-06
            3689       64  0.270988162183E-06
            3689       65  0.257143523390E-06
            3689       66  0.244178308553E-06
            3689       67  0.232025786503E-06
            3689       68  0.220625110499E-06
            3689       69  0.209920727340E-06
            3689       70  0.199861852975E-06
            3689       71  0.190402006351E-06
            3689       72  0.181498594326E-06
            3689       73  0.173112541468E-06
            3689       74  0.165207959351E-06
            3689       75  0.157751850703E-06
            3689       76  0.150713844323E-06
            3689       77  0.144065957241E-06
            3689       78  0.137782381013E-06
            3689       79  0.131839289437E-06
            3689       80  0.126214665325E-06
            3689       81  0.120888144237E-06
            3689       82  0.115840873329E-06
            3689       83  0.111055383716E-06
            3689       84  0.106515474898E-06
            3689       85  0.102206110004E-06
            3689       86  0.981133207238E-07
            3690        1 -0.261058902764E-03
            3690        2 -0.153866309332E-03
            3690        3 -0.102141931425E-03
            3690        4 -0.739655778579E-04
            3690        5 -0.566808708093E-04
            3690        6 -0.447290915397E-04
            3690        7 -0.358365712515E-04
            3690        8 -0.289688425321E-04
            3690        9 -0.235872007811E-04
            3690       10 -0.193476017830E-04
            3690       11 -0.159925646465E-04
            3690       12 -0.133199230450E-04
            3690       13 -0.111678136448E-04
            3690       14 -0.942006976087E-05
            3690       15 -0.799367602486E-05
            3690       16 -0.682684438619E-05
            3690       17 -0.586398906541E-05
            3690       18 -0.507420570659E-05
            3690       19 -0.441468088371E-05
            3690       20 -0.386018818768E-05
            3690       21 -0.339228891421E-05
            3690       22 -0.299411425983E-05
            3690       23 -0.265277819463E-05
            3690       24 -0.235822443728E-05
            3690       25 -0.210332987342E-05
            3690       26 -0.188181042409E-05
            3690       27 -0.168867602932E-05
            3690       28 -0.151901428147E-05
            3690       29 -0.136984536361E-05
            3690       30 -0.123890837851E-05
            3690       31 -0.112382537391E-05
            3690       32 -0.102153591271E-05
            3690       33 -0.930396116113E-06
            3690       34 -0.849307440226E-06
            3690       35 -0.777107145741E-06
            3690       36 -0.712310495564E-06
            3690       37 -0.654076190283E-06
            3690       38 -0.601775390478E-06
            3690       39 -0.554744836540E-06
            3690       40 -0.512184730338E-06
            3690       41 -0.473618707565E-06
            3690       42 -0.438660391460E-06
            3690       43 -0.406949340275E-06
            3690       44 -0.379035589271E-06
            3690       45 -0.354966515706E-06
            3690       46 -0.331509044432E-06
            3690       47 -0.309135073601E-06
            3690       48 -0.288612933171E-06
            3690       49 -0.269786409979E-06
            3690       50 -0.252488065518E-06
            3690       51 -0.236569668436E-06
            3690       52 -0.221899689127E-06
            3690       53 -0.208361159755E-06
            3690       54 -0.195849840891E-06
            3690       55 -0.184272646316E-06
            3690       56 -0.173546285885E-06
            3690       57 -0.163596093123E-06
            3690       58 -0.154355009803E-06
            3690       59 -0.145762704304E-06
            3690       60 -0.137764804275E-06
            3690       61 -0.130312227262E-06
            3690       62 -0.123360595456E-06
            3690       63 -0.116869722907E-06
            3690       64 -0.110803165290E-06
            3690       65 -0.105127823779E-06
            3690       66 -0.998135958573E-07
            3690       67 -0.948330669242E-07
            3690       68 -0.901612374121E-07
            3690       69 -0.857752809155E-07
            3690       70 -0.816543294270E-07
            3690       71 -0.777792823246E-07
            3690       72 -0.741326362102E-07
            3690       73 -0.706983330809E-07
            3690       74 -0.674616246517E-07
            3690       75 -0.644089509307E-07
            3690       76 -0.615278313917E-07
            3690       77 -0.588067672996E-07
            3690       78 -0.562351539270E-07
            3690       79 -0.538032015526E-07
            3690       80 -0.515018642714E-07
            3690       81 -0.493227757647E-07
            3690       82 -0.472581912740E-07
            3690       83 -0.453009351213E-07
            3690       84 -0.434443531855E-07
            3690       85 -0.416822698206E-07
            3690       86 -0.400089487551E-07
            3691        1  0.369988813295E-03
            3691        2  0.212980200621E-03
            3691        3  0.122434608733E-03
            3691        4  0.678615011062E-04
            3691        5  0.344420085545E-04
            3691        6  0.139823800895E-04
            3691        7  0.167359222698E-05
            3691        8 -0.544395488088E-05
            3691        9 -0.925147266716E-05
            3691       10 -0.109822728949E-04
            3691       11 -0.114515597805E-04
            3691       12 -0.111876893088E-04
            3691       13 -0.105245049306E-04
            3691       14 -0.967052185169E-05
            3691       15 -0.875504927562E-05
            3691       16 -0.785370445924E-05
            3691       17 -0.700820544846E-05
            3691       18 -0.623691289779E-05
            3691       19 -0.554578271875E-05
            3691       20 -0.493413030257E-05
            3691       21 -0.439529427373E-05
            3691       22 -0.392181807522E-05
            3691       23 -0.350700152502E-05
            3691       24 -0.314378335033E-05
            3691       25 -0.282535985397E-05
            3691       26 -0.254550003650E-05
            3691       27 -0.229906044781E-05
            3691       28 -0.208128623585E-05
            3691       29 -0.188872386163E-05
            3691       30 -0.171831805318E-05
            3691       31 -0.156698364368E-05
            3691       32 -0.143178957120E-05
            3691       33 -0.131087755367E-05
            3691       34 -0.120265377430E-05
            3691       35 -0.110551032330E-05
            3691       36 -0.101793749849E-05
            3691       37 -0.938921334014E-06
            3691       38 -0.867551627289E-06
            3691       39 -0.802910798339E-06
            3691       40 -0.744150532547E-06
            3691       41 -0.690690281066E-06
            3691       42 -0.641997458529E-06
            3691       43 -0.597501392357E-06
            3691       44 -0.556382060788E-06
            3691       45 -0.518642501333E-06
            3691       46 -0.484413578968E-06
            3691       47 -0.453075167352E-06
            3691       48 -0.424242630438E-06
            3691       49 -0.397671800360E-06
            3691       50 -0.373152547399E-06
            3691       51 -0.350497242949E-06
            3691       52 -0.329538036652E-06
            3691       53 -0.310124500408E-06
            3691       54 -0.292121584806E-06
            3691       55 -0.275407842410E-06
            3691       56 -0.259873879577E-06
            3691       57 -0.245421004437E-06
            3691       58 -0.231960043693E-06
            3691       59 -0.219410305062E-06
            3691       60 -0.207698665623E-06
            3691       61 -0.196758769258E-06
            3691       62 -0.186530318834E-06
            3691       63 -0.176958450819E-06
            3691       64 -0.167993181752E-06
            3691       65 -0.159588917517E-06
            3691       66 -0.151704017546E-06
            3691       67 -0.144300407208E-06
            3691       68 -0.137343232516E-06
            3691       69 -0.130800552062E-06
            3691       70 -0.124643061777E-06
            3691       71 -0.118843848649E-06
            3691       72 -0.113378170064E-06
            3691       73 -0.108223255825E-06
            3691       74 -0.103358130289E-06
            3691       75 -0.987634523666E-07
            3691       76 -0.944213714191E-07
            3691       77 -0.903153973052E-07
            3691       78 -0.864302830536E-07
            3691       79 -0.827519188086E-07
            3691       80 -0.792672358569E-07
            3691       81 -0.759641196822E-07
            3691       82 -0.728313311091E-07
            3691       83 -0.698584347125E-07
            3691       84 -0.670357337507E-07
            3691       85 -0.643542109709E-07
            3691       86 -0.618054747012E-07
            3692        1 -0.257680419058E-03
            3692        2 -0.113970758856E-03
            3692        3 -0.504007325634E-04
            3692        4 -0.208059297720E-04
            3692        5 -0.663559461850E-05
            3692        6  0.184890232511E-06
            3692        7  0.336159781220E-05
            3692        8  0.471526952273E-05
            3692        9  0.513646581169E-05
            3692       10  0.506132576239E-05
            3692       11  0.474917671340E-05
            3692       12  0.433831096141E-05
            3692       13  0.389907200546E-05
            3692       14  0.347008431722E-05
            3692       15  0.307274665166E-05
            3692       16  0.271396938379E-05
            3692       17  0.239545064548E-05
            3692       18  0.211529772148E-05
            3692       19  0.187067591805E-05
            3692       20  0.165872807225E-05
            3692       21  0.147502790181E-05
            3692       22  0.131566144204E-05
            3692       23  0.117745305925E-05
            3692       24  0.105725287297E-05
            3692       25  0.952058430837E-06
            3692       26  0.859308993553E-06
            3692       27  0.777223279087E-06
            3692       28  0.704287987374E-06
            3692       29  0.639466548293E-06
            3692       30  0.581846770534E-06
            3692       31  0.530507835616E-06
            3692       32  0.484589376520E-06
            3692       33  0.443500410955E-06
            3692       34  0.406712025218E-06
            3692       35  0.373690158332E-06
            3692       36  0.343939471711E-06
            3692       37  0.317122504716E-06
            3692       38  0.292931498660E-06
            3692       39  0.271055809749E-06
            3692       40  0.251199750110E-06
            3692       41  0.233149135955E-06
            3692       42  0.216705479101E-06
            3692       43  0.201633944902E-06
            3692       44  0.187832372698E-06
            3692       45  0.175534029033E-06
            3692       46  0.163862892386E-06
            3692       47  0.153175662002E-06
            3692       48  0.143380127924E-06
            3692       49  0.134356570645E-06
            3692       50  0.126032977738E-06
            3692       51  0.118345071457E-06
            3692       52  0.111235371177E-06
            3692       53  0.104652382175E-06
            3692       54  0.985498920104E-07
            3692       55  0.928863588568E-07
            3692       56  0.876243785764E-07
            3692       57  0.827302194011E-07
            3692       58  0.781734147999E-07
            3692       59  0.739264065386E-07
            3692       60  0.699642311324E-07
            3692       61  0.662642438957E-07
            3692       62  0.628058756341E-07
            3692       63  0.595704177362E-07
            3692       64  0.565408320209E-07
            3692       65  0.537015822066E-07
            3692       66  0.510384842995E-07
            3692       67  0.485385735666E-07
            3692       68  0.461899860706E-07
            3692       69  0.439818530175E-07
            3692       70  0.419042063890E-07
            3692       71  0.399478945375E-07
            3692       72  0.381045065856E-07
            3692       73  0.363663046199E-07
            3692       74  0.347261627962E-07
            3692       75  0.331775125799E-07
            3692       76  0.317142934427E-07
            3692       77  0.303309084166E-07
            3692       78  0.290221839803E-07
            3692       79  0.277833338107E-07
            3692       80  0.266099259918E-07
            3692       81  0.254978533182E-07
            3692       82  0.244433063696E-07
            3692       83  0.234427490744E-07
            3692       84  0.224928965073E-07
            3692       85  0.215906946968E-07
            3692       86  0.207333022418E-07
            3693        1  0.122215865061E-02
            3693        2  0.781767345800E-03
            3693        3  0.501529223835E-03
            3693        4  0.319606994358E-03
            3693        5  0.200933168479E-03
            3693        6  0.123566201153E-03
            3693        7  0.734397391382E-04
            3693        8  0.413834442021E-04
            3693        9  0.212957129105E-04
            3693       10  0.905170794441E-05
            3693       11  0.184697876595E-05
            3693       12 -0.218118137958E-05
            3693       13 -0.424743614656E-05
            3693       14 -0.512731127110E-05
            3693       15 -0.531047263079E-05
            3693       16 -0.510639124430E-05
            3693       17 -0.470298967394E-05
            3693       18 -0.423177567966E-05
            3693       19 -0.374471690102E-05
            3693       20 -0.328659626190E-05
            3693       21 -0.287285980501E-05
            3693       22 -0.250810007757E-05
            3693       23 -0.218957789547E-05
            3693       24 -0.191356257397E-05
            3693       25 -0.167565930650E-05
            3693       26 -0.147101494815E-05
            3693       27 -0.129523716255E-05
            3693       28 -0.114342281207E-05
            3693       29 -0.101250972541E-05
            3693       30 -0.900100874685E-06
            3693       31 -0.803624417138E-06
            3693       32 -0.719617270972E-06
            3693       33 -0.646302474339E-06
            3693       34 -0.582498505052E-06
            3693       35 -0.526917716872E-06
            3693       36 -0.477824851135E-06
            3693       37 -0.434369064480E-06
            3693       38 -0.395961078892E-06
            3693       39 -0.361949751477E-06
            3693       40 -0.331478531202E-06
            3693       41 -0.304135860057E-06
            3693       42 -0.279619777462E-06
            3693       43 -0.257650035207E-06
            3693       44 -0.238401145816E-06
            3693       45 -0.221490894693E-06
            3693       46 -0.205525286971E-06
            3693       47 -0.190606884545E-06
            3693       48 -0.177035785468E-06
            3693       49 -0.164689105181E-06
            3693       50 -0.153433203969E-06
            3693       51 -0.143151478927E-06
            3693       52 -0.133741895467E-06
            3693       53 -0.125114916794E-06
            3693       54 -0.117191761114E-06
            3693       55 -0.109902929737E-06
            3693       56 -0.103186959934E-06
            3693       57 -0.969893648632E-07
            3693       58 -0.912617297605E-07
            3693       59 -0.859609390750E-07
            3693       60 -0.810485136789E-07
            3693       61 -0.764900408994E-07
            3693       62 -0.722546830505E-07
            3693       63 -0.683147525497E-07
            3693       64 -0.646453436703E-07
            3693       65 -0.612240125974E-07
            3693       66 -0.580304987914E-07
            3693       67 -0.550464817683E-07
            3693       68 -0.522553683190E-07
            3693       69 -0.496421059568E-07
            3693       70 -0.471930190146E-07
            3693       71 -0.448956643495E-07
            3693       72 -0.427387040569E-07
            3693       73 -0.407117929732E-07
            3693       74 -0.388054790637E-07
            3693       75 -0.370111150594E-07
            3693       76 -0.353207799351E-07
            3693       77 -0.337272090117E-07
            3693       78 -0.322237316345E-07
            3693       79 -0.308042155136E-07
            3693       80 -0.294630169382E-07
            3693       81 -0.281949361758E-07
            3693       82 -0.269951774564E-07
            3693       83 -0.258593130204E-07
            3693       84 -0.247832507685E-07
            3693       85 -0.237632051166E-07
            3693       86 -0.227956706995E-07
            3694        1 -0.540973749405E-03
            3694        2 -0.310029489583E-03
            3694        3 -0.181013820046E-03
            3694        4 -0.105303671298E-03
            3694        5 -0.598691135497E-04
            3694        6 -0.322348713138E-04
            3694        7 -0.154519597821E-04
            3694        8 -0.542850915002E-05
            3694        9  0.346232471829E-06
            3694       10  0.345616053707E-05
            3694       11  0.493192048755E-05
            3694       12  0.543638122456E-05
            3694       13  0.539201802186E-05
            3694       14  0.505946913744E-05
            3694       15  0.459415005645E-05
            3694       16  0.408758824761E-05
            3694       17  0.358670978109E-05
            3694       18  0.312837144941E-05
            3694       19  0.271499062740E-05
            3694       20  0.235425866089E-05
            3694       21  0.204455647733E-05
            3694       22  0.178070351625E-05
            3694       23  0.155556361032E-05
            3694       24  0.136308924607E-05
            3694       25  0.119866107073E-05
            3694       26  0.105786353689E-05
            3694       27  0.937027518860E-06
            3694       28  0.832388752761E-06
            3694       29  0.741819734483E-06
            3694       30  0.663628778076E-06
            3694       31  0.596005131117E-06
            3694       32  0.536609441232E-06
            3694       33  0.484345755976E-06
            3694       34  0.438481617041E-06
            3694       35  0.398212825141E-06
            3694       36  0.362439983488E-06
            3694       37  0.330615930795E-06
            3694       38  0.302336672609E-06
            3694       39  0.277157242184E-06
            3694       40  0.254510493089E-06
            3694       41  0.234118852093E-06
            3694       42  0.215764787952E-06
            3694       43  0.199239353537E-06
            3694       44  0.184604933232E-06
            3694       45  0.171624497650E-06
            3694       46  0.159458663567E-06
            3694       47  0.148149915344E-06
            3694       48  0.137836905613E-06
            3694       49  0.128426491775E-06
            3694       50  0.119823593792E-06
            3694       51  0.111944807229E-06
            3694       52  0.104716772739E-06
            3694       53  0.980747994982E-07
            3694       54  0.919616991522E-07
            3694       55  0.863267948992E-07
            3694       56  0.811250768036E-07
            3694       57  0.763164795871E-07
            3694       58  0.718652633552E-07
            3694       59  0.677394810996E-07
            3694       60  0.639105195775E-07
            3694       61  0.603527024198E-07
            3694       62  0.570429461655E-07
            3694       63  0.539604614344E-07
            3694       64  0.510864926987E-07
            3694       65  0.484040911478E-07
            3694       66  0.458979159964E-07
            3694       67  0.435540603018E-07
            3694       68  0.413598979449E-07
            3694       69  0.393039489354E-07
            3694       70  0.373757606116E-07
            3694       71  0.355658026599E-07
            3694       72  0.338653741768E-07
            3694       73  0.322665212428E-07
            3694       74  0.307619636928E-07
            3694       75  0.293450299469E-07
            3694       76  0.280095989185E-07
            3694       77  0.267500481498E-07
            3694       78  0.255612074339E-07
            3694       79  0.244383172816E-07
            3694       80  0.233769916708E-07
            3694       81  0.223731845915E-07
            3694       82  0.214231599553E-07
            3694       83  0.205234644961E-07
            3694       84  0.196709033319E-07
            3694       85  0.188625178985E-07
            3694       86  0.180955659986E-07
            3695        1 -0.420373612751E-03
            3695        2 -0.317649804969E-03
            3695        3 -0.223241036604E-03
            3695        4 -0.148828367887E-03
            3695        5 -0.944324206681E-04
            3695        6 -0.565700937739E-04
            3695        7 -0.311700466003E-04
            3695        8 -0.146924427511E-04
            3695        9 -0.438470945177E-05
            3695       10  0.178541513422E-05
            3695       11  0.524285471196E-05
            3695       12  0.696992793326E-05
            3695       13  0.762663422177E-05
            3695       14  0.764779609134E-05
            3695       15  0.731374590656E-05
            3695       16  0.679997529785E-05
            3695       17  0.621446229059E-05
            3695       18  0.561760750758E-05
            3695       19  0.504432153301E-05
            3695       20  0.451353653652E-05
            3695       21  0.403201071919E-05
            3695       22  0.360095609647E-05
            3695       23  0.321889645206E-05
            3695       24  0.288230746727E-05
            3695       25  0.258649989594E-05
            3695       26  0.232650416607E-05
            3695       27  0.209782983732E-05
            3695       28  0.189616727959E-05
            3695       29  0.171824033378E-05
            3695       30  0.156115139903E-05
            3695       31  0.142198099992E-05
            3695       32  0.129793833289E-05
            3695       33  0.118723208157E-05
            3695       34  0.108835234544E-05
            3695       35  0.999775985495E-06
            3695       36  0.920057644463E-06
            3695       37  0.848227915248E-06
            3695       38  0.783434110342E-06
            3695       39  0.724816483434E-06
            3695       40  0.671575639359E-06
            3695       41  0.623169743732E-06
            3695       42  0.579109746986E-06
            3695       43  0.538893682820E-06
            3695       44  0.501943939166E-06
            3695       45  0.468336386436E-06
            3695       46  0.437671402876E-06
            3695       47  0.409272429325E-06
            3695       48  0.383132509535E-06
            3695       49  0.359058604957E-06
            3695       50  0.336856374705E-06
            3695       51  0.316352665359E-06
            3695       52  0.297392884928E-06
            3695       53  0.279838741412E-06
            3695       54  0.263566289885E-06
            3695       55  0.248464241542E-06
            3695       56  0.234432495842E-06
            3695       57  0.221380863185E-06
            3695       58  0.209227950750E-06
            3695       59  0.197900188473E-06
            3695       60  0.187330975654E-06
            3695       61  0.177459931691E-06
            3695       62  0.168232236881E-06
            3695       63  0.159598051344E-06
            3695       64  0.151512001813E-06
            3695       65  0.143932727554E-06
            3695       66  0.136822477874E-06
            3695       67  0.130146754753E-06
            3695       68  0.123873995000E-06
            3695       69  0.117975287123E-06
            3695       70  0.112424118702E-06
            3695       71  0.107196150663E-06
            3695       72  0.102269015268E-06
            3695       73  0.976221350803E-07
            3695       74  0.932365605004E-07
            3695       75  0.890948237677E-07
            3695       76  0.851808075858E-07
            3695       77  0.814796267553E-07
            3695       78  0.779775213939E-07
            3695       79  0.746617604890E-07
            3695       80  0.715205546814E-07
            3695       81  0.685429773062E-07
            3695       82  0.657188928236E-07
            3695       83  0.630388918834E-07
            3695       84  0.604942323378E-07
            3695       85  0.580767856056E-07
            3695       86  0.557789878505E-07
            3696        1  0.109462005531E-03
            3696        2  0.845047661607E-04
            3696        3  0.575254205333E-04
            3696        4  0.354614608907E-04
            3696        5  0.194288198750E-04
            3696        6  0.848670677586E-05
            3696        7  0.137516492463E-05
            3696        8 -0.297995551126E-05
            3696        9 -0.542992013059E-05
            3696       10 -0.662665374998E-05
            3696       11 -0.702594678631E-05
            3696       12 -0.694376849542E-05
            3696       13 -0.658877877466E-05
            3696       14 -0.609377209244E-05
            3696       15 -0.554325821805E-05
            3696       16 -0.498985260476E-05
            3696       17 -0.446363288850E-05
            3696       18 -0.397938698141E-05
            3696       19 -0.354335020540E-05
            3696       20 -0.315583346903E-05
            3696       21 -0.281270544337E-05
            3696       22 -0.250942523387E-05
            3696       23 -0.224292379503E-05
            3696       24 -0.200944119207E-05
            3696       25 -0.180467498494E-05
            3696       26 -0.162470916145E-05
            3696       27 -0.146636297369E-05
            3696       28 -0.132665917683E-05
            3696       29 -0.120333386858E-05
            3696       30 -0.109433894658E-05
            3696       31 -0.997613032589E-06
            3696       32 -0.911251354247E-06
            3696       33 -0.834053778046E-06
            3696       34 -0.764981844131E-06
            3696       35 -0.702991368864E-06
            3696       36 -0.647122513426E-06
            3696       37 -0.596721913273E-06
            3696       38 -0.551197099169E-06
            3696       39 -0.509953112810E-06
            3696       40 -0.472456530206E-06
            3696       41 -0.438343027143E-06
            3696       42 -0.407275807283E-06
            3696       43 -0.378935155929E-06
            3696       44 -0.353173296507E-06
            3696       45 -0.329615146966E-06
            3696       46 -0.307875260001E-06
            3696       47 -0.287828943868E-06
            3696       48 -0.269383681705E-06
            3696       49 -0.252397393252E-06
            3696       50 -0.236733224004E-06
            3696       51 -0.222269132665E-06
            3696       52 -0.208896077311E-06
            3696       53 -0.196516449057E-06
            3696       54 -0.185042716012E-06
            3696       55 -0.174396246441E-06
            3696       56 -0.164506285074E-06
            3696       57 -0.155309060599E-06
            3696       58 -0.146747005841E-06
            3696       59 -0.138768074958E-06
            3696       60 -0.131325144369E-06
            3696       61 -0.124375486102E-06
            3696       62 -0.117880303930E-06
            3696       63 -0.111804324052E-06
            3696       64 -0.106115433250E-06
            3696       65 -0.100784358474E-06
            3696       66 -0.957843826128E-07
            3696       67 -0.910910919716E-07
            3696       68 -0.866821515445E-07
            3696       69 -0.825371047249E-07
            3696       70 -0.786371945225E-07
            3696       71 -0.749652037437E-07
            3696       72 -0.715053119233E-07
            3696       73 -0.682429670713E-07
            3696       74 -0.651647705470E-07
            3696       75 -0.622583735797E-07
            3696       76 -0.595123841391E-07
            3696       77 -0.569162830146E-07
            3696       78 -0.544603481022E-07
            3696       79 -0.521355860120E-07
            3696       80 -0.499336702197E-07
            3696       81 -0.478468850706E-07
            3696       82 -0.458680750257E-07
            3696       83 -0.439905986118E-07
            3696       84 -0.422082865918E-07
            3696       85 -0.405154039321E-07
            3696       86 -0.389066151851E-07
            3697        1  0.840602851691E-05
            3697        2 -0.766944312313E-06
            3697        3 -0.281012686986E-05
            3697        4 -0.249643790041E-05
            3697        5 -0.170350760844E-05
            3697        6 -0.982201847331E-06
            3697        7 -0.429495779708E-06
            3697        8 -0.407940295079E-07
            3697        9  0.207438561161E-06
            3697       10  0.349974521658E-06
            3697       11  0.411250513434E-06
            3697       12  0.419847661086E-06
            3697       13  0.399431612179E-06
            3697       14  0.365722553999E-06
            3697       15  0.327758869099E-06
            3697       16  0.289633974804E-06
            3697       17  0.252430193863E-06
            3697       18  0.217530943931E-06
            3697       19  0.185713550353E-06
            3697       20  0.157826879236E-06
            3697       21  0.133837351778E-06
            3697       22  0.113715014379E-06
            3697       23  0.968631567395E-07
            3697       24  0.827529425881E-07
            3697       25  0.709869828393E-07
            3697       26  0.612697453402E-07
            3697       27  0.531695546899E-07
            3697       28  0.464110073532E-07
            3697       29  0.407862155843E-07
            3697       30  0.360319995792E-07
            3697       31  0.318971712726E-07
            3697       32  0.283015618473E-07
            3697       33  0.251946914056E-07
            3697       34  0.224908112402E-07
            3697       35  0.201094896386E-07
            3697       36  0.180298542759E-07
            3697       37  0.162183373150E-07
            3697       38  0.146237783690E-07
            3697       39  0.131984975487E-07
            3697       40  0.119275946138E-07
            3697       41  0.107935009534E-07
            3697       42  0.977153607564E-08
            3697       43  0.888215039519E-08
            3697       44  0.880246230893E-08
            3697       45  0.943538399549E-08
            3697       46  0.905988432471E-08
            3697       47  0.823098709393E-08
            3697       48  0.747191676052E-08
            3697       49  0.679354974580E-08
            3697       50  0.618620299739E-08
            3697       51  0.564148357480E-08
            3697       52  0.515210017876E-08
            3697       53  0.471170456536E-08
            3697       54  0.431475774402E-08
            3697       55  0.395641678960E-08
            3697       56  0.363243884872E-08
            3697       57  0.333909952678E-08
            3697       58  0.307312333527E-08
            3697       59  0.283162427873E-08
            3697       60  0.261205498874E-08
            3697       61  0.241216307923E-08
            3697       62  0.222995361835E-08
            3697       63  0.206365679222E-08
            3697       64  0.191169998630E-08
            3697       65  0.177268363324E-08
            3697       66  0.164536027910E-08
            3697       67  0.152861640537E-08
            3697       68  0.142145661503E-08
            3697       69  0.132298985120E-08
            3697       70  0.123241736609E-08
            3697       71  0.114902220048E-08
            3697       72  0.107215996879E-08
            3697       73  0.100125077499E-08
            3697       74  0.935772109248E-09
            3697       75  0.875252596990E-09
            3697       76  0.819266489785E-09
            3697       77  0.767428802970E-09
            3697       78  0.719391017954E-09
            3697       79  0.674837278375E-09
            3697       80  0.633481018749E-09
            3697       81  0.595061972479E-09
            3697       82  0.559343513064E-09
            3697       83  0.526110288401E-09
            3697       84  0.495166113253E-09
            3697       85  0.466332089414E-09
            3697       86  0.439444926946E-09
            3698        1  0.661784521436E-01
            3698        2  0.429724392934E-01
            3698        3  0.275507346158E-01
            3698        4  0.173802856000E-01
            3698        5  0.107411209446E-01
            3698        6  0.646008774977E-02
            3698        7  0.374033240911E-02
            3698        8  0.204325574111E-02
            3698        9  0.100785779459E-02
            3698       10  0.394584541738E-03
            3698       11  0.462741283293E-04
            3698       12 -0.138905417750E-03
            3698       13 -0.226066138808E-03
            3698       14 -0.256231060885E-03
            3698       15 -0.254811554519E-03
            3698       16 -0.237212534699E-03
            3698       17 -0.212592964050E-03
            3698       18 -0.186108030061E-03
            3698       19 -0.160364694241E-03
            3698       20 -0.136955932375E-03
            3698       21 -0.116293437582E-03
            3698       22 -0.984502632266E-04
            3698       23 -0.832408175111E-04
            3698       24 -0.704039845057E-04
            3698       25 -0.596283143649E-04
            3698       26 -0.506052102002E-04
            3698       27 -0.430483883731E-04
            3698       28 -0.367134713146E-04
            3698       29 -0.314205913855E-04
            3698       30 -0.269982439038E-04
            3698       31 -0.232763377874E-04
            3698       32 -0.201211870546E-04
            3698       33 -0.174511719804E-04
            3698       34 -0.151904520476E-04
            3698       35 -0.132639870227E-04
            3698       36 -0.116130514784E-04
            3698       37 -0.101994940964E-04
            3698       38 -0.898715923972E-05
            3698       39 -0.794037335345E-05
            3698       40 -0.703174010858E-05
            3698       41 -0.624322107005E-05
            3698       42 -0.555756509366E-05
            3698       43 -0.495758273850E-05
            3698       44 -0.442914788254E-05
            3698       45 -0.396969082436E-05
            3698       46 -0.356619208692E-05
            3698       47 -0.320726917879E-05
            3698       48 -0.288940151931E-05
            3698       49 -0.260745687755E-05
            3698       50 -0.235689071619E-05
            3698       51 -0.213379293988E-05
            3698       52 -0.193479125719E-05
            3698       53 -0.175697045559E-05
            3698       54 -0.159780477809E-05
            3698       55 -0.145510112008E-05
            3698       56 -0.132695118795E-05
            3698       57 -0.121169110196E-05
            3698       58 -0.110786719948E-05
            3698       59 -0.101420701681E-05
            3698       60 -0.929594607091E-06
            3698       61 -0.853049498481E-06
            3698       62 -0.783708715546E-06
            3698       63 -0.720811384794E-06
            3698       64 -0.663685525103E-06
            3698       65 -0.611736689692E-06
            3698       66 -0.564438180618E-06
            3698       67 -0.521322601738E-06
            3698       68 -0.481974553162E-06
            3698       69 -0.446024301394E-06
            3698       70 -0.413142284880E-06
            3698       71 -0.383034336403E-06
            3698       72 -0.355437521678E-06
            3698       73 -0.330116508622E-06
            3698       74 -0.306860394429E-06
            3698       75 -0.285479928366E-06
            3698       76 -0.265805077118E-06
            3698       77 -0.247682887209E-06
            3698       78 -0.230975605462E-06
            3698       79 -0.215559023947E-06
            3698       80 -0.201321020550E-06
            3698       81 -0.188160270248E-06
            3698       82 -0.175985105583E-06
            3698       83 -0.164712507723E-06
            3698       84 -0.154267211996E-06
            3698       85 -0.144580913882E-06
            3698       86 -0.135591563322E-06
            3700        1 -0.125103957810E-03
            3700        2 -0.549917427250E-04
            3700        3 -0.256116283795E-04
            3700        4 -0.144351876886E-04
            3700        5 -0.982512295815E-05
            3700        6 -0.738258230428E-05
            3700        7 -0.565047083077E-05
            3700        8 -0.421482533022E-05
            3700        9 -0.299206269182E-05
            3700       10 -0.199837596401E-05
            3700       11 -0.126118661491E-05
            3700       12 -0.763173078738E-06
            3700       13 -0.447101723648E-06
            3700       14 -0.253407726496E-06
            3700       15 -0.133571678229E-06
            3700       16 -0.559351828705E-07
            3700       17 -0.245894969416E-08
            3700       18  0.329369577286E-07
            3700       19  0.527766590367E-07
            3700       20  0.595179803778E-07
            3700       21  0.572090117436E-07
            3700       22  0.498288370583E-07
            3700       23  0.407379550612E-07
            3700       24  0.323580973697E-07
            3700       25  0.254288911389E-07
            3700       26  0.201735008245E-07
            3700       27  0.161925231197E-07
            3700       28  0.131868452588E-07
            3700       29  0.109394316344E-07
            3700       30  0.925674478698E-08
            3700       31  0.794796610185E-08
            3700       32  0.690934102665E-08
            3700       33  0.607979496793E-08
            3700       34  0.540926706198E-08
            3700       35  0.484792824944E-08
            3700       36  0.436315414941E-08
            3700       37  0.394041367083E-08
            3700       38  0.357347907357E-08
            3700       39  0.325609629861E-08
            3700       40  0.298195673287E-08
            3700       41  0.274380981704E-08
            3700       42  0.253732505500E-08
            3700       43  0.235210962335E-08
            3700       44  0.172767452638E-08
            3700       45  0.423080611520E-09
            3700       46  0.251102574620E-11
            3700       47 -0.203196961382E-12
            3700       48 -0.187261626731E-12
            3700       49 -0.172580117549E-12
            3700       50 -0.159074578623E-12
            3700       51 -0.146664845822E-12
            3700       52 -0.135271146223E-12
            3700       53 -0.124815897958E-12
            3700       54 -0.115224826480E-12
            3700       55 -0.106427727120E-12
            3700       56 -0.983587837829E-13
            3700       57 -0.909567498842E-13
            3700       58 -0.841649226315E-13
            3700       59 -0.779310180599E-13
            3700       60 -0.722069901967E-13
            3700       61 -0.669487888894E-13
            3700       62 -0.621161258582E-13
            3700       63 -0.576722024534E-13
            3700       64 -0.535834284056E-13
            3700       65 -0.498191977654E-13
            3700       66 -0.463516266781E-13
            3700       67 -0.431553192346E-13
            3700       68 -0.402071574891E-13
            3700       69 -0.374860974954E-13
            3700       70 -0.349729831085E-13
            3700       71 -0.326503769432E-13
            3700       72 -0.305023971829E-13
            3700       73 -0.285145786772E-13
            3700       74 -0.266737462675E-13
            3700       75 -0.249678859532E-13
            3700       76 -0.233860468490E-13
            3700       77 -0.219182331522E-13
            3700       78 -0.205553279427E-13
            3700       79 -0.192890014264E-13
            3700       80 -0.181116432917E-13
            3700       81 -0.170162949763E-13
            3700       82 -0.159965935049E-13
            3700       83 -0.150467144528E-13
            3700       84 -0.141613209714E-13
            3700       85 -0.133355233150E-13
            3700       86 -0.125648414089E-13
            3702        1 -0.333584954491E-03
            3702        2 -0.202274490591E-03
            3702        3 -0.130470195950E-03
            3702        4 -0.879962990583E-04
            3702        5 -0.603636636585E-04
            3702        6 -0.412872294974E-04
            3702        7 -0.278168061078E-04
            3702        8 -0.183938413332E-04
            3702        9 -0.119605247138E-04
            3702       10 -0.769621460997E-05
            3702       11 -0.493991756497E-05
            3702       12 -0.318946339919E-05
            3702       13 -0.209065069293E-05
            3702       14 -0.140201012171E-05
            3702       15 -0.969831811811E-06
            3702       16 -0.698715496348E-06
            3702       17 -0.528710565358E-06
            3702       18 -0.420630985211E-06
            3702       19 -0.352931502686E-06
            3702       20 -0.307580505099E-06
            3702       21 -0.275640160379E-06
            3702       22 -0.250461913597E-06
            3702       23 -0.228845921686E-06
            3702       24 -0.208738764703E-06
            3702       25 -0.189468126126E-06
            3702       26 -0.171031136997E-06
            3702       27 -0.153756602684E-06
            3702       28 -0.137796506565E-06
            3702       29 -0.123117049313E-06
            3702       30 -0.109814738980E-06
            3702       31 -0.979871803758E-07
            3702       32 -0.875820190022E-07
            3702       33 -0.784020163858E-07
            3702       34 -0.703281971824E-07
            3702       35 -0.632423515344E-07
            3702       36 -0.570015912479E-07
            3702       37 -0.514892794517E-07
            3702       38 -0.466285962904E-07
            3702       39 -0.423427346505E-07
            3702       40 -0.385444237902E-07
            3702       41 -0.351607398106E-07
            3702       42 -0.321354711916E-07
            3702       43 -0.294088805230E-07
            3702       44 -0.268203087849E-07
            3702       45 -0.244663920170E-07
            3702       46 -0.225090995286E-07
            3702       47 -0.206997360896E-07
            3702       48 -0.190544155267E-07
            3702       49 -0.175636005089E-07
            3702       50 -0.162106220126E-07
            3702       51 -0.149808354159E-07
            3702       52 -0.138613479980E-07
            3702       53 -0.128407866019E-07
            3702       54 -0.119090990421E-07
            3702       55 -0.110573839422E-07
            3702       56 -0.102777445882E-07
            3702       57 -0.956316311957E-08
            3702       58 -0.890739198781E-08
            3702       59 -0.830486011004E-08
            3702       60 -0.775059155835E-08
            3702       61 -0.724013496646E-08
            3702       62 -0.676950212056E-08
            3702       63 -0.633511443601E-08
            3702       64 -0.593375622036E-08
            3702       65 -0.556253378777E-08
            3702       66 -0.521883962904E-08
            3702       67 -0.490032095757E-08
            3702       68 -0.460485205083E-08
            3702       69 -0.433050988923E-08
            3702       70 -0.407555266498E-08
            3702       71 -0.383840079350E-08
            3702       72 -0.361762011054E-08
            3702       73 -0.341190698091E-08
            3702       74 -0.322007508304E-08
            3702       75 -0.304104366334E-08
            3702       76 -0.287382708329E-08
            3702       77 -0.271752550394E-08
            3702       78 -0.257131657325E-08
            3702       79 -0.243444799900E-08
            3702       80 -0.230623090417E-08
            3702       81 -0.218603387546E-08
            3702       82 -0.207327762596E-08
            3702       83 -0.196743020307E-08
            3702       84 -0.186800268098E-08
            3702       85 -0.177454528437E-08
            3702       86 -0.168664389634E-08
            3704        1  0.261481935133E-03
            3704        2  0.171543104072E-03
            3704        3  0.118938997461E-03
            3704        4  0.855258073548E-04
            3704        5  0.629854713645E-04
            3704        6  0.469904410575E-04
            3704        7  0.355324421447E-04
            3704        8  0.272712916005E-04
            3704        9  0.212524913784E-04
            3704       10  0.168191014037E-04
            3704       11  0.135225666113E-04
            3704       12  0.110458158983E-04
            3704       13  0.915943539671E-05
            3704       14  0.770112545998E-05
            3704       15  0.655511328359E-05
            3704       16  0.563681160178E-05
            3704       17  0.488560950490E-05
            3704       18  0.426603988578E-05
            3704       19  0.374898031949E-05
            3704       20  0.331443375825E-05
            3704       21  0.294632187198E-05
            3704       22  0.263103003418E-05
            3704       23  0.235795153429E-05
            3704       24  0.211910350230E-05
            3704       25  0.190940368893E-05
            3704       26  0.172468348685E-05
            3704       27  0.156129582204E-05
            3704       28  0.141601601420E-05
            3704       29  0.128666811398E-05
            3704       30  0.117162557396E-05
            3704       31  0.106923039143E-05
            3704       32  0.977547452299E-06
            3704       33  0.895263949747E-06
            3704       34  0.821427844851E-06
            3704       35  0.755076146335E-06
            3704       36  0.695171860646E-06
            3704       37  0.641017406916E-06
            3704       38  0.592057850835E-06
            3704       39  0.547735907994E-06
            3704       40  0.507470781210E-06
            3704       41  0.470845302342E-06
            3704       42  0.437504104363E-06
            3704       43  0.407098659401E-06
            3704       44  0.379840735050E-06
            3704       45  0.355994585252E-06
            3704       46  0.333192809209E-06
            3704       47  0.311548104219E-06
            3704       48  0.291613024485E-06
            3704       49  0.273249583460E-06
            3704       50  0.256311163759E-06
            3704       51  0.240666891224E-06
            3704       52  0.226199727955E-06
            3704       53  0.212804821985E-06
            3704       54  0.200388075671E-06
            3704       55  0.188864900953E-06
            3704       56  0.178159134747E-06
            3704       57  0.168202091810E-06
            3704       58  0.158931735962E-06
            3704       59  0.150291953413E-06
            3704       60  0.142231914387E-06
            3704       61  0.134705511251E-06
            3704       62  0.127670863082E-06
            3704       63  0.121089878035E-06
            3704       64  0.114927866109E-06
            3704       65  0.109153195934E-06
            3704       66  0.103736990069E-06
            3704       67  0.986528540824E-07
            3704       68  0.938766352721E-07
            3704       69  0.893862074849E-07
            3704       70  0.851612789161E-07
            3704       71  0.811832201977E-07
            3704       72  0.774349104200E-07
            3704       73  0.739005990273E-07
            3704       74  0.705657817909E-07
            3704       75  0.674170892791E-07
            3704       76  0.644421864402E-07
            3704       77  0.616296820805E-07
            3704       78  0.589690471647E-07
            3704       79  0.564505409927E-07
            3704       80  0.540651444165E-07
            3704       81  0.518044993607E-07
            3704       82  0.496608539885E-07
            3704       83  0.476270129374E-07
            3704       84  0.456962921050E-07
            3704       85  0.438624775286E-07
            3704       86  0.421197879514E-07
            3706        1  0.303432265399E-02
            3706        2  0.186388899498E-02
            3706        3  0.114951282973E-02
            3706        4  0.703915755206E-03
            3706        5  0.422657961232E-03
            3706        6  0.245021924790E-03
            3706        7  0.133822831020E-03
            3706        8  0.654997259322E-04
            3706        9  0.247294740806E-04
            3706       10  0.143906064072E-05
            3706       11 -0.109548187205E-04
            3706       12 -0.167335754026E-04
            3706       13 -0.186446973192E-04
            3706       14 -0.184124573844E-04
            3706       15 -0.170922634499E-04
            3706       16 -0.153067458170E-04
            3706       17 -0.134123996471E-04
            3706       18 -0.115946917429E-04
            3706       19 -0.993640723174E-05
            3706       20 -0.847914060452E-05
            3706       21 -0.721976669715E-05
            3706       22 -0.614447952308E-05
            3706       23 -0.523310117598E-05
            3706       24 -0.446417036835E-05
            3706       25 -0.381739237276E-05
            3706       26 -0.327393617840E-05
            3706       27 -0.281720146589E-05
            3706       28 -0.243208996817E-05
            3706       29 -0.210779615961E-05
            3706       30 -0.183491287100E-05
            3706       31 -0.160400580732E-05
            3706       32 -0.140645439603E-05
            3706       33 -0.123729129703E-05
            3706       34 -0.109246162890E-05
            3706       35 -0.967890076123E-06
            3706       36 -0.859822267228E-06
            3706       37 -0.766014659693E-06
            3706       38 -0.684556562203E-06
            3706       39 -0.613519910553E-06
            3706       40 -0.551090889021E-06
            3706       41 -0.496178476453E-06
            3706       42 -0.447838223531E-06
            3706       43 -0.405123635395E-06
            3706       44 -0.367423707953E-06
            3706       45 -0.334734246633E-06
            3706       46 -0.305119027908E-06
            3706       47 -0.278036942822E-06
            3706       48 -0.253767261772E-06
            3706       49 -0.232000895719E-06
            3706       50 -0.212441577294E-06
            3706       51 -0.194832421442E-06
            3706       52 -0.178950139494E-06
            3706       53 -0.164600181051E-06
            3706       54 -0.151612642887E-06
            3706       55 -0.139838813985E-06
            3706       56 -0.129148249727E-06
            3706       57 -0.119426287592E-06
            3706       58 -0.110571932254E-06
            3706       59 -0.102496050652E-06
            3706       60 -0.951198278229E-07
            3706       61 -0.883734427151E-07
            3706       62 -0.821949300239E-07
            3706       63 -0.765291997392E-07
            3706       64 -0.713271907130E-07
            3706       65 -0.665451383908E-07
            3706       66 -0.621439400075E-07
            3706       67 -0.580886031743E-07
            3706       68 -0.543477659758E-07
            3706       69 -0.508932785100E-07
            3706       70 -0.476998373334E-07
            3706       71 -0.447446655495E-07
            3706       72 -0.420072323545E-07
            3706       73 -0.394690067472E-07
            3706       74 -0.371132408931E-07
            3706       75 -0.349247792504E-07
            3706       76 -0.328898901398E-07
            3706       77 -0.309961168818E-07
            3706       78 -0.292321460336E-07
            3706       79 -0.275876905888E-07
            3706       80 -0.260533862919E-07
            3706       81 -0.246206994661E-07
            3706       82 -0.232818449633E-07
            3706       83 -0.220297130262E-07
            3706       84 -0.208578040103E-07
            3706       85 -0.197601700452E-07
            3706       86 -0.187313628327E-07
            3708        1 -0.104758230904E-02
            3708        2 -0.597520843837E-03
            3708        3 -0.343210344436E-03
            3708        4 -0.195570507809E-03
            3708        5 -0.108856078192E-03
            3708        6 -0.580117171139E-04
            3708        7 -0.286985266572E-04
            3708        8 -0.123121248975E-04
            3708        9 -0.360437386564E-05
            3708       10  0.682392806567E-06
            3708       11  0.251868011199E-05
            3708       12  0.305723915708E-05
            3708       13  0.295065045417E-05
            3708       14  0.256422046964E-05
            3708       15  0.209489689485E-05
            3708       16  0.164317007960E-05
            3708       17  0.124864600037E-05
            3708       18  0.932653226192E-06
            3708       19  0.683900220233E-06
            3708       20  0.496691366631E-06
            3708       21  0.360213307174E-06
            3708       22  0.261951550534E-06
            3708       23  0.191536214287E-06
            3708       24  0.140419644491E-06
            3708       25  0.103550521152E-06
            3708       26  0.765868467682E-07
            3708       27  0.567887508306E-07
            3708       28  0.419330516285E-07
            3708       29  0.310960980548E-07
            3708       30  0.233789792931E-07
            3708       31  0.178539582281E-07
            3708       32  0.136729586282E-07
            3708       33  0.105651699578E-07
            3708       34  0.833208831366E-08
            3708       35  0.676446744367E-08
            3708       36  0.558731571021E-08
            3708       37  0.469582821345E-08
            3708       38  0.403663966622E-08
            3708       39  0.355035514064E-08
            3708       40  0.314707776573E-08
            3708       41  0.280454603220E-08
            3708       42  0.251920411691E-08
            3708       43  0.227483086468E-08
            3708       44  0.196954121178E-08
            3708       45  0.160960426008E-08
            3708       46  0.141310712394E-08
            3708       47  0.123791742013E-08
            3708       48  0.107543888926E-08
            3708       49  0.936435496030E-09
            3708       50  0.817214397903E-09
            3708       51  0.714709619325E-09
            3708       52  0.626368069366E-09
            3708       53  0.550057621294E-09
            3708       54  0.483992732408E-09
            3708       55  0.426674059545E-09
            3708       56  0.376839280489E-09
            3708       57  0.333422918222E-09
            3708       58  0.295523421393E-09
            3708       59  0.262376112107E-09
            3708       60  0.233330892392E-09
            3708       61  0.207833821854E-09
            3708       62  0.185411853705E-09
            3708       63  0.165660154813E-09
            3708       64  0.148231545823E-09
            3708       65  0.132827685190E-09
            3708       66  0.119191691600E-09
            3708       67  0.107101955677E-09
            3708       68  0.963669374994E-10
            3708       69  0.868207832212E-10
            3708       70  0.783196238693E-10
            3708       71  0.707384435814E-10
            3708       72  0.639684242571E-10
            3708       73  0.579146896270E-10
            3708       74  0.524943849329E-10
            3708       75  0.476350391708E-10
            3708       76  0.432731657172E-10
            3708       77  0.393530644676E-10
            3708       78  0.358257946547E-10
            3708       79  0.326482924832E-10
            3708       80  0.297826118942E-10
            3708       81  0.271952701756E-10
            3708       82  0.248566830392E-10
            3708       83  0.227406761469E-10
            3708       84  0.208240620895E-10
            3708       85  0.190862734911E-10
            3708       86  0.175090443113E-10
            3710        1  0.477647788196E-02
            3710        2  0.303114175319E-02
            3710        3  0.195188724132E-02
            3710        4  0.126375263575E-02
            3710        5  0.817107989828E-03
            3710        6  0.524553025902E-03
            3710        7  0.332831405665E-03
            3710        8  0.207834435637E-03
            3710        9  0.127070896056E-03
            3710       10  0.755224821262E-04
            3710       11  0.431348638551E-04
            3710       12  0.231802535854E-04
            3710       13  0.111829585538E-04
            3710       14  0.420240176124E-05
            3710       15  0.326932808797E-06
            3710       16 -0.166863533244E-05
            3710       17 -0.256396697537E-05
            3710       18 -0.283608163836E-05
            3710       19 -0.275985319597E-05
            3710       20 -0.252830656753E-05
            3710       21 -0.222887926024E-05
            3710       22 -0.191983161023E-05
            3710       23 -0.162748953632E-05
            3710       24 -0.136779679179E-05
            3710       25 -0.114279199817E-05
            3710       26 -0.952055614542E-06
            3710       27 -0.791680856279E-06
            3710       28 -0.658578678416E-06
            3710       29 -0.549022100230E-06
            3710       30 -0.458973945122E-06
            3710       31 -0.384423257775E-06
            3710       32 -0.322785452739E-06
            3710       33 -0.272105126290E-06
            3710       34 -0.230471422703E-06
            3710       35 -0.195969529025E-06
            3710       36 -0.167183475915E-06
            3710       37 -0.143198028388E-06
            3710       38 -0.123186396581E-06
            3710       39 -0.106320759114E-06
            3710       40 -0.920038956175E-07
            3710       41 -0.798612103158E-07
            3710       42 -0.695570335018E-07
            3710       43 -0.607812991434E-07
            3710       44 -0.530226255577E-07
            3710       45 -0.459885514251E-07
            3710       46 -0.404773983288E-07
            3710       47 -0.357003394323E-07
            3710       48 -0.315253097972E-07
            3710       49 -0.278951911036E-07
            3710       50 -0.247316949922E-07
            3710       51 -0.219687798272E-07
            3710       52 -0.195505833061E-07
            3710       53 -0.174297289147E-07
            3710       54 -0.155659342666E-07
            3710       55 -0.139248640243E-07
            3710       56 -0.124771816271E-07
            3710       57 -0.111977631197E-07
            3710       58 -0.100650435624E-07
            3710       59 -0.906047219541E-08
            3710       60 -0.816805707087E-08
            3710       61 -0.737398349256E-08
            3710       62 -0.666629350796E-08
            3710       63 -0.603461603632E-08
            3710       64 -0.546993910072E-08
            3710       65 -0.496441715734E-08
            3710       66 -0.451120775202E-08
            3710       67 -0.410433274142E-08
            3710       68 -0.373856013597E-08
            3710       69 -0.340930329450E-08
            3710       70 -0.311253475024E-08
            3710       71 -0.284471240100E-08
            3710       72 -0.260271616941E-08
            3710       73 -0.238379354721E-08
            3710       74 -0.218551269245E-08
            3710       75 -0.200572196114E-08
            3710       76 -0.184251492979E-08
            3710       77 -0.169420011325E-08
            3710       78 -0.155927470420E-08
            3710       79 -0.143640176346E-08
            3710       80 -0.132439037660E-08
            3710       81 -0.122217836444E-08
            3710       82 -0.112881719601E-08
            3710       83 -0.104345880417E-08
            3710       84 -0.965344047127E-09
            3710       85 -0.893792596313E-09
            3710       86 -0.828194061907E-09
            3712        1 -0.144036316155E-02
            3712        2 -0.798782571952E-03
            3712        3 -0.464120177156E-03
            3712        4 -0.279472563714E-03
            3712        5 -0.172007960711E-03
            3712        6 -0.106804137550E-03
            3712        7 -0.662864143316E-04
            3712        8 -0.407945894285E-04
            3712        9 -0.247058344746E-04
            3712       10 -0.146328477420E-04
            3712       11 -0.842839415255E-05
            3712       12 -0.468536506122E-05
            3712       13 -0.247438952453E-05
            3712       14 -0.119757493439E-05
            3712       15 -0.479063822333E-06
            3712       16 -0.880385709473E-07
            3712       17  0.114948308863E-06
            3712       18  0.209567650170E-06
            3712       19  0.237476404647E-06
            3712       20  0.230968658352E-06
            3712       21  0.204666621536E-06
            3712       22  0.171060581191E-06
            3712       23  0.137171562396E-06
            3712       24  0.107846172998E-06
            3712       25  0.835601293212E-07
            3712       26  0.642764430951E-07
            3712       27  0.491735635205E-07
            3712       28  0.375700297253E-07
            3712       29  0.287892554672E-07
            3712       30  0.221668312119E-07
            3712       31  0.170359359798E-07
            3712       32  0.129594431808E-07
            3712       33  0.975128872886E-08
            3712       34  0.726008178928E-08
            3712       35  0.532905343609E-08
            3712       36  0.382428224401E-08
            3712       37  0.266615922430E-08
            3712       38  0.178460273542E-08
            3712       39  0.110569923241E-08
            3712       40  0.564920030984E-09
            3712       41  0.144528836142E-09
            3712       42 -0.164172325430E-09
            3712       43 -0.387857941155E-09
            3712       44 -0.868888798049E-09
            3712       45 -0.148607754939E-08
            3712       46 -0.157158701269E-08
            3712       47 -0.151792346300E-08
            3712       48 -0.145739532732E-08
            3712       49 -0.139423030849E-08
            3712       50 -0.132990087541E-08
            3712       51 -0.126552112730E-08
            3712       52 -0.120192392418E-08
            3712       53 -0.113972170220E-08
            3712       54 -0.107935447946E-08
            3712       55 -0.102112778403E-08
            3712       56 -0.965242636352E-09
            3712       57 -0.911819256598E-09
            3712       58 -0.860915807632E-09
            3712       59 -0.812543205297E-09
            3712       60 -0.766676809450E-09
            3712       61 -0.723265638117E-09
            3712       62 -0.682239613956E-09
            3712       63 -0.643515246066E-09
            3712       64 -0.607000067850E-09
            3712       65 -0.572596085633E-09
            3712       66 -0.540202441098E-09
            3712       67 -0.509717449313E-09
            3712       68 -0.481040141448E-09
            3712       69 -0.454071415311E-09
            3712       70 -0.428714876049E-09
            3712       71 -0.404877432817E-09
            3712       72 -0.382469704051E-09
            3712       73 -0.361406273271E-09
            3712       74 -0.341605829064E-09
            3712       75 -0.322991215887E-09
            3712       76 -0.305489417078E-09
            3712       77 -0.289031486989E-09
            3712       78 -0.273552445645E-09
            3712       79 -0.258991146611E-09
            3712       80 -0.245290126359E-09
            3712       81 -0.232395441767E-09
            3712       82 -0.220256500776E-09
            3712       83 -0.208825890215E-09
            3712       84 -0.198059203762E-09
            3712       85 -0.187914872320E-09
            3712       86 -0.178353998536E-09
            3714        1 -0.340187179332E-02
            3714        2 -0.218306523965E-02
            3714        3 -0.141590099526E-02
            3714        4 -0.919308811559E-03
            3714        5 -0.594275432236E-03
            3714        6 -0.380708245154E-03
            3714        7 -0.240796478737E-03
            3714        8 -0.149812780930E-03
            3714        9 -0.912606097895E-04
            3714       10 -0.540559542688E-04
            3714       11 -0.307607403470E-04
            3714       12 -0.164356556695E-04
            3714       13 -0.783346766298E-05
            3714       14 -0.283706142432E-05
            3714       15 -0.759086746164E-07
            3714       16  0.132896311852E-05
            3714       17  0.193969302271E-05
            3714       18  0.210462607386E-05
            3714       19  0.202551625890E-05
            3714       20  0.184369373968E-05
            3714       21  0.162069279092E-05
            3714       22  0.139593166275E-05
            3714       23  0.118532480807E-05
            3714       24  0.998316117888E-06
            3714       25  0.835918766747E-06
            3714       26  0.697652544799E-06
            3714       27  0.580896324888E-06
            3714       28  0.483629360291E-06
            3714       29  0.403297238957E-06
            3714       30  0.337066182188E-06
            3714       31  0.282123996868E-06
            3714       32  0.236670845141E-06
            3714       33  0.199295675029E-06
            3714       34  0.168589251931E-06
            3714       35  0.143141596344E-06
            3714       36  0.121923361103E-06
            3714       37  0.104262922590E-06
            3714       38  0.895414303679E-07
            3714       39  0.771402665816E-07
            3714       40  0.666210520318E-07
            3714       41  0.577078968972E-07
            3714       42  0.501483014632E-07
            3714       43  0.437201051074E-07
            3714       44  0.384172293994E-07
            3714       45  0.340526080829E-07
            3714       46  0.301726493825E-07
            3714       47  0.266101200290E-07
            3714       48  0.234981778213E-07
            3714       49  0.207923941525E-07
            3714       50  0.184344156803E-07
            3714       51  0.163750173052E-07
            3714       52  0.145725612204E-07
            3714       53  0.129917346104E-07
            3714       54  0.116025123610E-07
            3714       55  0.103793020723E-07
            3714       56  0.930023725135E-08
            3714       57  0.834659133166E-08
            3714       58  0.750229051083E-08
            3714       59  0.675350765063E-08
            3714       60  0.608832286275E-08
            3714       61  0.549643910755E-08
            3714       62  0.496894329915E-08
            3714       63  0.449810515260E-08
            3714       64  0.407720741377E-08
            3714       65  0.370040224939E-08
            3714       66  0.336258949658E-08
            3714       67  0.305931322192E-08
            3714       68  0.278667365123E-08
            3714       69  0.254125203270E-08
            3714       70  0.232004640567E-08
            3714       71  0.212041658528E-08
            3714       72  0.194003695110E-08
            3714       73  0.177685585763E-08
            3714       74  0.162906067448E-08
            3714       75  0.149504762254E-08
            3714       76  0.137339570296E-08
            3714       77  0.126284412569E-08
            3714       78  0.116227273580E-08
            3714       79  0.107068501179E-08
            3714       80  0.987193274951E-09
            3714       81  0.911005802307E-09
            3714       82  0.841415581178E-09
            3714       83  0.777790481920E-09
            3714       84  0.719564657512E-09
            3714       85  0.666231006242E-09
            3714       86  0.617334556948E-09
            3716        1  0.271577560205E-03
            3716        2  0.282010204868E-03
            3716        3  0.230439932662E-03
            3716        4  0.171770108505E-03
            3716        5  0.122079192892E-03
            3716        6  0.842250572217E-04
            3716        7  0.568365486053E-04
            3716        8  0.376684531760E-04
            3716        9  0.245654183422E-04
            3716       10  0.157529763728E-04
            3716       11  0.990903681498E-05
            3716       12  0.608886249414E-05
            3716       13  0.363313920272E-05
            3716       14  0.208485313623E-05
            3716       15  0.113022215319E-05
            3716       16  0.557445189947E-06
            3716       17  0.224294129041E-06
            3716       18  0.399003253461E-07
            3716       19 -0.549198280388E-07
            3716       20 -0.984594253518E-07
            3716       21 -0.112239040537E-06
            3716       22 -0.109739906845E-06
            3716       23 -0.993302444157E-07
            3716       24 -0.859086758338E-07
            3716       25 -0.717944423040E-07
            3716       26 -0.584290354544E-07
            3716       27 -0.465421241695E-07
            3716       28 -0.364265163489E-07
            3716       29 -0.279370767868E-07
            3716       30 -0.209820751934E-07
            3716       31 -0.154652848518E-07
            3716       32 -0.111768988261E-07
            3716       33 -0.786191716124E-08
            3716       34 -0.535383407103E-08
            3716       35 -0.348095389778E-08
            3716       36 -0.204459081986E-08
            3716       37 -0.938525297513E-09
            3716       38 -0.115822402142E-09
            3716       39  0.473594078482E-09
            3716       40  0.903445451119E-09
            3716       41  0.122011451234E-08
            3716       42  0.144697698122E-08
            3716       43  0.161226167438E-08
            3716       44  0.173659251385E-08
            3716       45  0.153396933640E-08
            3716       46  0.139781871328E-08
            3716       47  0.150020796100E-08
            3716       48  0.158252159172E-08
            3716       49  0.163080054224E-08
            3716       50  0.165236260273E-08
            3716       51  0.165309499560E-08
            3716       52  0.163773326972E-08
            3716       53  0.161008439296E-08
            3716       54  0.157320562113E-08
            3716       55  0.152954822345E-08
            3716       56  0.148107320372E-08
            3716       57  0.142934464994E-08
            3716       58  0.137560516863E-08
            3716       59  0.132083693915E-08
            3716       60  0.126581120083E-08
            3716       61  0.121112841547E-08
            3716       62  0.115725089943E-08
            3716       63  0.110452936191E-08
            3716       64  0.105322450445E-08
            3716       65  0.100352461078E-08
            3716       66  0.955559876692E-09
            3716       67  0.909414086119E-09
            3716       68  0.865134123641E-09
            3716       69  0.822737721760E-09
            3716       70  0.782219766216E-09
            3716       71  0.743557422482E-09
            3716       72  0.706714298040E-09
            3716       73  0.671643815428E-09
            3716       74  0.638291939222E-09
            3716       75  0.606599373870E-09
            3716       76  0.576503328410E-09
            3716       77  0.547938926567E-09
            3716       78  0.520840326723E-09
            3716       79  0.495141604773E-09
            3716       80  0.470777443328E-09
            3716       81  0.447683663039E-09
            3716       82  0.425797625445E-09
            3716       83  0.405058531520E-09
            3716       84  0.385407635818E-09
            3716       85  0.366788392549E-09
            3716       86  0.349146547015E-09
            3718        1 -0.652865047621E-02
            3718        2 -0.378446978678E-02
            3718        3 -0.216530452764E-02
            3718        4 -0.120312728930E-02
            3718        5 -0.635310764531E-03
            3718        6 -0.306952539601E-03
            3718        7 -0.123912076829E-03
            3718        8 -0.277427265729E-04
            3718        9  0.179437926253E-04
            3718       10  0.355699591557E-04
            3718       11  0.385976245447E-04
            3718       12  0.348288613556E-04
            3718       13  0.285628816053E-04
            3718       14  0.220022390687E-04
            3718       15  0.161504488116E-04
            3718       16  0.113618438176E-04
            3718       17  0.765863156148E-05
            3718       18  0.492692079074E-05
            3718       19  0.296459331913E-05
            3718       20  0.161706957351E-05
            3718       21  0.716354213155E-06
            3718       22  0.136972554987E-06
            3718       23 -0.218053776970E-06
            3718       24 -0.421313123050E-06
            3718       25 -0.522656325522E-06
            3718       26 -0.559792067885E-06
            3718       27 -0.557849604662E-06
            3718       28 -0.534274791886E-06
            3718       29 -0.495939429945E-06
            3718       30 -0.449709597115E-06
            3718       31 -0.402698555603E-06
            3718       32 -0.359120356188E-06
            3718       33 -0.318707479621E-06
            3718       34 -0.281651564396E-06
            3718       35 -0.248308945702E-06
            3718       36 -0.218692154908E-06
            3718       37 -0.192292269677E-06
            3718       38 -0.168904730757E-06
            3718       39 -0.148415313398E-06
            3718       40 -0.130555728981E-06
            3718       41 -0.114903809010E-06
            3718       42 -0.101176959664E-06
            3718       43 -0.890308195733E-07
            3718       44 -0.774940357422E-07
            3718       45 -0.688300892468E-07
            3718       46 -0.619806291015E-07
            3718       47 -0.549210879784E-07
            3718       48 -0.486924726282E-07
            3718       49 -0.432553203448E-07
            3718       50 -0.384985803171E-07
            3718       51 -0.343282096791E-07
            3718       52 -0.306643566880E-07
            3718       53 -0.274390445021E-07
            3718       54 -0.245942607094E-07
            3718       55 -0.220803768102E-07
            3718       56 -0.198548368794E-07
            3718       57 -0.178810664989E-07
            3718       58 -0.161275624861E-07
            3718       59 -0.145671314452E-07
            3718       60 -0.131762511720E-07
            3718       61 -0.119345337512E-07
            3718       62 -0.108242730561E-07
            3718       63 -0.983006248068E-08
            3718       64 -0.893847126224E-08
            3718       65 -0.813776980019E-08
            3718       66 -0.741769604790E-08
            3718       67 -0.676925641434E-08
            3718       68 -0.618455572715E-08
            3718       69 -0.565665172313E-08
            3718       70 -0.517943028367E-08
            3718       71 -0.474749825319E-08
            3718       72 -0.435609119068E-08
            3718       73 -0.400099382929E-08
            3718       74 -0.367847137146E-08
            3718       75 -0.338521004062E-08
            3718       76 -0.311826555519E-08
            3718       77 -0.287501839513E-08
            3718       78 -0.265313490299E-08
            3718       79 -0.245053340480E-08
            3718       80 -0.226535465752E-08
            3718       81 -0.209593603185E-08
            3718       82 -0.194078892429E-08
            3718       83 -0.179857896668E-08
            3718       84 -0.166810866174E-08
            3718       85 -0.154830212634E-08
            3718       86 -0.143819166844E-08
            3720        1  0.257415203845E-02
            3720        2  0.151577172285E-02
            3720        3  0.895608278800E-03
            3720        4  0.525846445697E-03
            3720        5  0.303808138676E-03
            3720        6  0.171120022586E-03
            3720        7  0.931259761733E-04
            3720        8  0.485349902275E-04
            3720        9  0.240461046953E-04
            3720       10  0.113419954240E-04
            3720       11  0.528230032070E-05
            3720       12  0.277766927475E-05
            3720       13  0.203481046846E-05
            3720       14  0.206027055626E-05
            3720       15  0.233824118220E-05
            3720       16  0.262417117844E-05
            3720       17  0.281940612740E-05
            3720       18  0.289683457049E-05
            3720       19  0.287652522933E-05
            3720       20  0.277158918619E-05
            3720       21  0.261380660037E-05
            3720       22  0.242446115599E-05
            3720       23  0.222072140296E-05
            3720       24  0.201464486576E-05
            3720       25  0.181489933112E-05
            3720       26  0.162728224655E-05
            3720       27  0.145472784709E-05
            3720       28  0.129839013785E-05
            3720       29  0.115738372264E-05
            3720       30  0.103117749733E-05
            3720       31  0.919335117516E-06
            3720       32  0.820762689378E-06
            3720       33  0.733786744626E-06
            3720       34  0.657114594048E-06
            3720       35  0.589515581277E-06
            3720       36  0.529788551751E-06
            3720       37  0.476952925259E-06
            3720       38  0.430219223534E-06
            3720       39  0.388831383419E-06
            3720       40  0.352063187046E-06
            3720       41  0.319341407144E-06
            3720       42  0.290179507919E-06
            3720       43  0.264079253326E-06
            3720       44  0.240570412321E-06
            3720       45  0.220364290558E-06
            3720       46  0.202152131093E-06
            3720       47  0.185124820900E-06
            3720       48  0.169763846424E-06
            3720       49  0.155917174902E-06
            3720       50  0.143412491413E-06
            3720       51  0.132099637892E-06
            3720       52  0.121847446033E-06
            3720       53  0.112541066955E-06
            3720       54  0.104079713027E-06
            3720       55  0.963747427465E-07
            3720       56  0.893480320673E-07
            3720       57  0.829305855985E-07
            3720       58  0.770613492896E-07
            3720       59  0.716861928112E-07
            3720       60  0.667570352605E-07
            3720       61  0.622310922322E-07
            3720       62  0.580702259286E-07
            3720       63  0.542403829637E-07
            3720       64  0.507111069822E-07
            3720       65  0.474551152564E-07
            3720       66  0.444479301197E-07
            3720       67  0.416675574978E-07
            3720       68  0.390942059890E-07
            3720       69  0.367100409188E-07
            3720       70  0.344989686250E-07
            3720       71  0.324464469268E-07
            3720       72  0.305393183140E-07
            3720       73  0.287656628848E-07
            3720       74  0.271146684903E-07
            3720       75  0.255765158825E-07
            3720       76  0.241422769838E-07
            3720       77  0.228038246389E-07
            3720       78  0.215537524359E-07
            3720       79  0.203853033738E-07
            3720       80  0.192923063092E-07
            3720       81  0.182691192583E-07
            3720       82  0.173105787470E-07
            3720       83  0.164119545049E-07
            3720       84  0.155689088889E-07
            3720       85  0.147774604962E-07
            3720       86  0.140339514966E-07
            3722        1 -0.380495004732E-03
            3722        2 -0.215401787308E-03
            3722        3 -0.128487686740E-03
            3722        4 -0.809568736508E-04
            3722        5 -0.534360485031E-04
            3722        6 -0.365514514725E-04
            3722        7 -0.257138369920E-04
            3722        8 -0.185352330889E-04
            3722        9 -0.136814325318E-04
            3722       10 -0.103416058486E-04
            3722       11 -0.799595194742E-05
            3722       12 -0.630710032675E-05
            3722       13 -0.505979723368E-05
            3722       14 -0.411955028002E-05
            3722       15 -0.339916475202E-05
            3722       16 -0.283794839567E-05
            3722       17 -0.239284514260E-05
            3722       18 -0.203353063259E-05
            3722       19 -0.173970108752E-05
            3722       20 -0.149620208496E-05
            3722       21 -0.129396817395E-05
            3722       22 -0.112513903649E-05
            3722       23 -0.982772847919E-06
            3722       24 -0.861409079184E-06
            3722       25 -0.757560302647E-06
            3722       26 -0.668220689427E-06
            3722       27 -0.591011088264E-06
            3722       28 -0.523888395409E-06
            3722       29 -0.465517638896E-06
            3722       30 -0.414736440552E-06
            3722       31 -0.370389592755E-06
            3722       32 -0.331420941717E-06
            3722       33 -0.297168736877E-06
            3722       34 -0.267073766346E-06
            3722       35 -0.240582890131E-06
            3722       36 -0.217185672070E-06
            3722       37 -0.196492556779E-06
            3722       38 -0.178144146946E-06
            3722       39 -0.161785948116E-06
            3722       40 -0.147125376018E-06
            3722       41 -0.133988990432E-06
            3722       42 -0.122224190698E-06
            3722       43 -0.111710793100E-06
            3722       44 -0.102607081579E-06
            3722       45 -0.944927404913E-07
            3722       46 -0.867247734199E-07
            3722       47 -0.796790821265E-07
            3722       48 -0.733238870543E-07
            3722       49 -0.675679392262E-07
            3722       50 -0.623462798994E-07
            3722       51 -0.576018820264E-07
            3722       52 -0.532845761487E-07
            3722       53 -0.493501356492E-07
            3722       54 -0.457594957161E-07
            3722       55 -0.424780848091E-07
            3722       56 -0.394752510415E-07
            3722       57 -0.367237688516E-07
            3722       58 -0.341994137612E-07
            3722       59 -0.318805950189E-07
            3722       60 -0.297480375714E-07
            3722       61 -0.277845061667E-07
            3722       62 -0.259745655272E-07
            3722       63 -0.243043714693E-07
            3722       64 -0.227614886276E-07
            3722       65 -0.213347311047E-07
            3722       66 -0.200140229095E-07
            3722       67 -0.187902755132E-07
            3722       68 -0.176552802412E-07
            3722       69 -0.166016135444E-07
            3722       70 -0.156225534754E-07
            3722       71 -0.147120059257E-07
            3722       72 -0.138644393862E-07
            3722       73 -0.130748271550E-07
            3722       74 -0.123385960731E-07
            3722       75 -0.116515809792E-07
            3722       76 -0.110099841954E-07
            3722       77 -0.104103394348E-07
            3722       78 -0.984947960635E-08
            3722       79 -0.932450806065E-08
            3722       80 -0.883277287400E-08
            3722       81 -0.837184382246E-08
            3722       82 -0.793949173908E-08
            3722       83 -0.753366998557E-08
            3722       84 -0.715249780276E-08
            3722       85 -0.679424533206E-08
            3722       86 -0.645732012534E-08
            3724        1 -0.196005857519E-02
            3724        2 -0.115308042361E-02
            3724        3 -0.670604693693E-03
            3724        4 -0.380908995128E-03
            3724        5 -0.208635522544E-03
            3724        6 -0.108275321279E-03
            3724        7 -0.517205710501E-04
            3724        8 -0.213510785088E-04
            3724        9 -0.618867260161E-05
            3724       10  0.492808754946E-06
            3724       11  0.269969319903E-05
            3724       12  0.274757352272E-05
            3724       13  0.192069728941E-05
            3724       14  0.881284386735E-06
            3724       15 -0.628044247787E-07
            3724       16 -0.796856032218E-06
            3724       17 -0.130231914117E-05
            3724       18 -0.160638285635E-05
            3724       19 -0.175598330628E-05
            3724       20 -0.178707294906E-05
            3724       21 -0.174197777109E-05
            3724       22 -0.164897417466E-05
            3724       23 -0.152973197988E-05
            3724       24 -0.139906141686E-05
            3724       25 -0.126674678476E-05
            3724       26 -0.113912889990E-05
            3724       27 -0.101981983425E-05
            3724       28 -0.910659242080E-06
            3724       29 -0.811468444381E-06
            3724       30 -0.722195979084E-06
            3724       31 -0.642873973341E-06
            3724       32 -0.572927296009E-06
            3724       33 -0.511191895193E-06
            3724       34 -0.456770303672E-06
            3724       35 -0.408822806109E-06
            3724       36 -0.366498280856E-06
            3724       37 -0.329083940937E-06
            3724       38 -0.296018243987E-06
            3724       39 -0.266771800638E-06
            3724       40 -0.240828676915E-06
            3724       41 -0.217779238659E-06
            3724       42 -0.197281670466E-06
            3724       43 -0.178966090184E-06
            3724       44 -0.162311984728E-06
            3724       45 -0.148037754119E-06
            3724       46 -0.135466156754E-06
            3724       47 -0.123759795537E-06
            3724       48 -0.113226138582E-06
            3724       49 -0.103759415960E-06
            3724       50 -0.952347925363E-07
            3724       51 -0.875439378929E-07
            3724       52 -0.805926019980E-07
            3724       53 -0.742985812430E-07
            3724       54 -0.685900066813E-07
            3724       55 -0.634038990976E-07
            3724       56 -0.586849457695E-07
            3724       57 -0.543844619948E-07
            3724       58 -0.504595070791E-07
            3724       59 -0.468721298251E-07
            3724       60 -0.435887229126E-07
            3724       61 -0.405794690836E-07
            3724       62 -0.378178649443E-07
            3724       63 -0.352803105504E-07
            3724       64 -0.329457548919E-07
            3724       65 -0.307953889934E-07
            3724       66 -0.288123796707E-07
            3724       67 -0.269816380777E-07
            3724       68 -0.252896180985E-07
            3724       69 -0.237241403900E-07
            3724       70 -0.222742385218E-07
            3724       71 -0.209300241899E-07
            3724       72 -0.196825689288E-07
            3724       73 -0.185238001188E-07
            3724       74 -0.174464094081E-07
            3724       75 -0.164437719314E-07
            3724       76 -0.155098749396E-07
            3724       77 -0.146392546432E-07
            3724       78 -0.138269402386E-07
            3724       79 -0.130684042275E-07
            3724       80 -0.123595182555E-07
            3724       81 -0.116965138031E-07
            3724       82 -0.110759471450E-07
            3724       83 -0.104946680738E-07
            3724       84 -0.994979194571E-08
            3724       85 -0.943867466295E-08
            3724       86 -0.895889025689E-08
