            1978        1  0.994444930205E-04
            1978        2  0.897959185222E-04
            1978        3  0.776698078631E-04
            1978        4  0.661318742859E-04
            1978        5  0.559470378855E-04
            1978        6  0.474223636489E-04
            1978        7  0.403854152301E-04
            1978        8  0.345485608122E-04
            1978        9  0.296435579824E-04
            1978       10  0.254910961023E-04
            1978       11  0.219456551476E-04
            1978       12  0.189232986117E-04
            1978       13  0.163603111305E-04
            1978       14  0.141950032133E-04
            1978       15  0.123664554755E-04
            1978       16  0.108185204551E-04
            1978       17  0.950231340443E-05
            1978       18  0.837637270309E-05
            1978       19  0.741044802508E-05
            1978       20  0.657643852348E-05
            1978       21  0.585491785392E-05
            1978       22  0.522839442397E-05
            1978       23  0.468281586000E-05
            1978       24  0.420562891397E-05
            1978       25  0.378756757850E-05
            1978       26  0.342019574986E-05
            1978       27  0.309644288146E-05
            1978       28  0.280974301932E-05
            1978       29  0.255560875822E-05
            1978       30  0.233008788488E-05
            1978       31  0.212918037068E-05
            1978       32  0.194904219629E-05
            1978       33  0.178736401561E-05
            1978       34  0.164217154173E-05
            1978       35  0.151146928518E-05
            1978       36  0.139336135184E-05
            1978       37  0.128655924004E-05
            1978       38  0.118988510712E-05
            1978       39  0.110215131160E-05
            1978       40  0.102226752114E-05
            1978       41  0.949481695439E-06
            1978       42  0.883091977371E-06
            1978       43  0.822348489956E-06
            1978       44  0.766339424338E-06
            1978       45  0.715468774672E-06
            1978       46  0.669020690658E-06
            1978       47  0.625989050141E-06
            1978       48  0.586337577809E-06
            1978       49  0.549773058140E-06
            1978       50  0.516011875419E-06
            1978       51  0.484800317994E-06
            1978       52  0.455911032661E-06
            1978       53  0.429139944571E-06
            1978       54  0.404303575715E-06
            1978       55  0.381236705577E-06
            1978       56  0.359790326218E-06
            1978       57  0.339829851170E-06
            1978       58  0.321233543677E-06
            1978       59  0.303891134876E-06
            1978       60  0.287702606756E-06
            1978       61  0.272577118384E-06
            1978       62  0.258432056912E-06
            1978       63  0.245192197480E-06
            1978       64  0.232788958308E-06
            1978       65  0.221159739164E-06
            1978       66  0.210247332965E-06
            1978       67  0.199999401652E-06
            1978       68  0.190368008632E-06
            1978       69  0.181309201096E-06
            1978       70  0.172782636364E-06
            1978       71  0.164751247179E-06
            1978       72  0.157180941484E-06
            1978       73  0.150040332780E-06
            1978       74  0.143300497654E-06
            1978       75  0.136934757466E-06
            1978       76  0.130918481552E-06
            1978       77  0.125228909609E-06
            1978       78  0.119844991218E-06
            1978       79  0.114747240685E-06
            1978       80  0.109917605584E-06
            1978       81  0.105339347595E-06
            1978       82  0.100996934362E-06
            1978       83  0.968759412598E-07
            1978       84  0.929629620639E-07
            1978       85  0.892455276394E-07
            1978       86  0.857120318588E-07
            1980        1 -0.909220853617E-03
            1980        2 -0.609171464909E-03
            1980        3 -0.418507944417E-03
            1980        4 -0.294011470092E-03
            1980        5 -0.211066757787E-03
            1980        6 -0.154782867258E-03
            1980        7 -0.115847820728E-03
            1980        8 -0.883741455555E-04
            1980        9 -0.686042098224E-04
            1980       10 -0.541071407853E-04
            1980       11 -0.432687277884E-04
            1980       12 -0.350164171929E-04
            1980       13 -0.286299861002E-04
            1980       14 -0.236191525674E-04
            1980       15 -0.196421360196E-04
            1980       16 -0.164542244790E-04
            1980       17 -0.138755379150E-04
            1980       18 -0.117723865072E-04
            1980       19 -0.100462280315E-04
            1980       20 -0.861576641203E-05
            1980       21 -0.742258289178E-05
            1980       22 -0.641989588096E-05
            1980       23 -0.557445801339E-05
            1980       24 -0.485847768465E-05
            1980       25 -0.425004944698E-05
            1980       26 -0.373047941388E-05
            1980       27 -0.328490069751E-05
            1980       28 -0.290111402775E-05
            1980       29 -0.257054915715E-05
            1980       30 -0.228522086546E-05
            1980       31 -0.203722889882E-05
            1980       32 -0.182021476130E-05
            1980       33 -0.163025734448E-05
            1980       34 -0.146378459335E-05
            1980       35 -0.131726422629E-05
            1980       36 -0.118779052196E-05
            1980       37 -0.107335151124E-05
            1980       38 -0.972048938710E-06
            1980       39 -0.882007341924E-06
            1980       40 -0.801691714301E-06
            1980       41 -0.730017045041E-06
            1980       42 -0.665949135585E-06
            1980       43 -0.608527914016E-06
            1980       44 -0.557443655194E-06
            1980       45 -0.511841525144E-06
            1980       46 -0.470221113340E-06
            1980       47 -0.432296220628E-06
            1980       48 -0.397963450749E-06
            1980       49 -0.366851505754E-06
            1980       50 -0.338613318340E-06
            1980       51 -0.312943912181E-06
            1980       52 -0.289574745412E-06
            1980       53 -0.268268886239E-06
            1980       54 -0.248816888002E-06
            1980       55 -0.231033253727E-06
            1980       56 -0.214753398828E-06
            1980       57 -0.199831035818E-06
            1980       58 -0.186135917420E-06
            1980       59 -0.173551884795E-06
            1980       60 -0.161975176108E-06
            1980       61 -0.151312957744E-06
            1980       62 -0.141482046361E-06
            1980       63 -0.132407794852E-06
            1980       64 -0.124023119379E-06
            1980       65 -0.116267648088E-06
            1980       66 -0.109086974968E-06
            1980       67 -0.102432004734E-06
            1980       68 -0.962583766850E-07
            1980       69 -0.905259571774E-07
            1980       70 -0.851983918308E-07
            1980       71 -0.802427098298E-07
            1980       72 -0.756289737314E-07
            1980       73 -0.713299690765E-07
            1980       74 -0.673209289041E-07
            1980       75 -0.635792888761E-07
            1980       76 -0.600844693343E-07
            1980       77 -0.568176810516E-07
            1980       78 -0.537617518810E-07
            1980       79 -0.509009718556E-07
            1980       80 -0.482209545996E-07
            1980       81 -0.457085131832E-07
            1980       82 -0.433515487817E-07
            1980       83 -0.411389506999E-07
            1980       84 -0.390605065011E-07
            1980       85 -0.371068211264E-07
            1980       86 -0.352692440249E-07
            1982        1  0.307677544234E-02
            1982        2  0.196814601336E-02
            1982        3  0.127498516921E-02
            1982        4  0.828326939595E-03
            1982        5  0.536426627937E-03
            1982        6  0.344540301621E-03
            1982        7  0.218592565108E-03
            1982        8  0.136447708011E-03
            1982        9  0.833902677290E-04
            1982       10  0.495310246594E-04
            1982       11  0.282388339541E-04
            1982       12  0.150984322791E-04
            1982       13  0.718533148413E-05
            1982       14  0.258047112039E-05
            1982       15  0.320771795547E-07
            1982       16 -0.126652183013E-05
            1982       17 -0.183314050571E-05
            1982       18 -0.198716859124E-05
            1982       19 -0.191400374140E-05
            1982       20 -0.174374583890E-05
            1982       21 -0.153404041194E-05
            1982       22 -0.132207899092E-05
            1982       23 -0.112304807112E-05
            1982       24 -0.946117069883E-06
            1982       25 -0.792498696989E-06
            1982       26 -0.661818479097E-06
            1982       27 -0.551426595864E-06
            1982       28 -0.459382492466E-06
            1982       29 -0.383308581423E-06
            1982       30 -0.320528681625E-06
            1982       31 -0.268397487801E-06
            1982       32 -0.225297835285E-06
            1982       33 -0.189896461543E-06
            1982       34 -0.160820384471E-06
            1982       35 -0.136700826700E-06
            1982       36 -0.116573167616E-06
            1982       37 -0.998109112604E-07
            1982       38 -0.858284442714E-07
            1982       39 -0.740425761722E-07
            1982       40 -0.640525488103E-07
            1982       41 -0.555950449983E-07
            1982       42 -0.484229690396E-07
            1982       43 -0.423272196959E-07
            1982       44 -0.369962039553E-07
            1982       45 -0.317390009554E-07
            1982       46 -0.276639005975E-07
            1982       47 -0.243894991314E-07
            1982       48 -0.215372692536E-07
            1982       49 -0.190572994508E-07
            1982       50 -0.168961068088E-07
            1982       51 -0.150085747505E-07
            1982       52 -0.133565407068E-07
            1982       53 -0.119076391776E-07
            1982       54 -0.106343510226E-07
            1982       55 -0.951321983728E-08
            1982       56 -0.852420414222E-08
            1982       57 -0.765014031150E-08
            1982       58 -0.687629607290E-08
            1982       59 -0.618999830339E-08
            1982       60 -0.558032194458E-08
            1982       61 -0.503782933907E-08
            1982       62 -0.455435127514E-08
            1982       63 -0.412280262299E-08
            1982       64 -0.373702673457E-08
            1982       65 -0.339166381976E-08
            1982       66 -0.308203935780E-08
            1982       67 -0.280406928982E-08
            1982       68 -0.255417929924E-08
            1982       69 -0.232923594606E-08
            1982       70 -0.212648779651E-08
            1982       71 -0.194351499937E-08
            1982       72 -0.177818601495E-08
            1982       73 -0.162862041325E-08
            1982       74 -0.149315683185E-08
            1982       75 -0.137032532967E-08
            1982       76 -0.125882349171E-08
            1982       77 -0.115749574150E-08
            1982       78 -0.106531540093E-08
            1982       79 -0.981369107584E-09
            1982       80 -0.904843258450E-09
            1982       81 -0.835012198377E-09
            1982       82 -0.771227913194E-09
            1982       83 -0.712911022573E-09
            1982       84 -0.659542897393E-09
            1982       85 -0.610658751445E-09
            1982       86 -0.565841578725E-09
            1984        1  0.218957491665E-02
            1984        2  0.142714124646E-02
            1984        3  0.934314894023E-03
            1984        4  0.609788172595E-03
            1984        5  0.394773903719E-03
            1984        6  0.252285690372E-03
            1984        7  0.158344516817E-03
            1984        8  0.970049863715E-04
            1984        9  0.574879350774E-04
            1984       10  0.324475404597E-04
            1984       11  0.169228641126E-04
            1984       12  0.755977134746E-05
            1984       13  0.211559401772E-05
            1984       14 -0.881583340840E-06
            1984       15 -0.238424886082E-05
            1984       16 -0.300019583691E-05
            1984       17 -0.311462912139E-05
            1984       18 -0.296408425508E-05
            1984       19 -0.268292808154E-05
            1984       20 -0.236406124591E-05
            1984       21 -0.204466937590E-05
            1984       22 -0.174831247311E-05
            1984       23 -0.148378114507E-05
            1984       24 -0.125526068371E-05
            1984       25 -0.105998187113E-05
            1984       26 -0.894742625092E-06
            1984       27 -0.755309898704E-06
            1984       28 -0.638703995919E-06
            1984       29 -0.541869680309E-06
            1984       30 -0.461359416412E-06
            1984       31 -0.393765302982E-06
            1984       32 -0.337111105377E-06
            1984       33 -0.289866527321E-06
            1984       34 -0.250391202449E-06
            1984       35 -0.217057150038E-06
            1984       36 -0.188787434880E-06
            1984       37 -0.164837318164E-06
            1984       38 -0.144467657274E-06
            1984       39 -0.126949858391E-06
            1984       40 -0.111831833272E-06
            1984       41 -0.987978739463E-07
            1984       42 -0.875318096090E-07
            1984       43 -0.777831674752E-07
            1984       44 -0.694108831974E-07
            1984       45 -0.614558339821E-07
            1984       46 -0.547473855910E-07
            1984       47 -0.490673801452E-07
            1984       48 -0.440508466602E-07
            1984       49 -0.396239197486E-07
            1984       50 -0.357086680831E-07
            1984       51 -0.322385548934E-07
            1984       52 -0.291566183393E-07
            1984       53 -0.264139660569E-07
            1984       54 -0.239685257093E-07
            1984       55 -0.217840048460E-07
            1984       56 -0.198290224444E-07
            1984       57 -0.180763817206E-07
            1984       58 -0.165024595365E-07
            1984       59 -0.150866923255E-07
            1984       60 -0.138111421484E-07
            1984       61 -0.126601294575E-07
            1984       62 -0.116199215468E-07
            1984       63 -0.106784676113E-07
            1984       64 -0.982517291603E-08
            1984       65 -0.905070586545E-08
            1984       66 -0.834683281604E-08
            1984       67 -0.770627633972E-08
            1984       68 -0.712259335340E-08
            1984       69 -0.659007011807E-08
            1984       70 -0.610363159202E-08
            1984       71 -0.565876302506E-08
            1984       72 -0.525144201276E-08
            1984       73 -0.487807950724E-08
            1984       74 -0.453546851184E-08
            1984       75 -0.422073938098E-08
            1984       76 -0.393132080825E-08
            1984       77 -0.366490572226E-08
            1984       78 -0.341942142428E-08
            1984       79 -0.319300339857E-08
            1984       80 -0.298397230806E-08
            1984       81 -0.279081375734E-08
            1984       82 -0.261216046356E-08
            1984       83 -0.244677652614E-08
            1984       84 -0.229354352838E-08
            1984       85 -0.215144824071E-08
            1984       86 -0.201957172617E-08
            1986        1  0.194891594632E-02
            1986        2  0.107749801540E-02
            1986        3  0.562172270885E-03
            1986        4  0.260001000567E-03
            1986        5  0.879689683612E-04
            1986        6 -0.477938191304E-05
            1986        7 -0.499275283772E-04
            1986        8 -0.674085784047E-04
            1986        9 -0.696839192593E-04
            1986       10 -0.643666983190E-04
            1986       11 -0.559184584035E-04
            1986       12 -0.468084895198E-04
            1986       13 -0.382820863400E-04
            1986       14 -0.308689267494E-04
            1986       15 -0.247023892636E-04
            1986       16 -0.197162023704E-04
            1986       17 -0.157581931414E-04
            1986       18 -0.126561585396E-04
            1986       19 -0.102351183083E-04
            1986       20 -0.835476486341E-05
            1986       21 -0.688819825074E-05
            1986       22 -0.573808888441E-05
            1986       23 -0.483000684876E-05
            1986       24 -0.410559801254E-05
            1986       25 -0.352269561822E-05
            1986       26 -0.304759464288E-05
            1986       27 -0.265553534445E-05
            1986       28 -0.232764683695E-05
            1986       29 -0.205324864327E-05
            1986       30 -0.182224178526E-05
            1986       31 -0.162447537880E-05
            1986       32 -0.145240365908E-05
            1986       33 -0.130272417928E-05
            1986       34 -0.117223135577E-05
            1986       35 -0.105767018289E-05
            1986       36 -0.956470218702E-06
            1986       37 -0.867093131258E-06
            1986       38 -0.787949895160E-06
            1986       39 -0.717425225917E-06
            1986       40 -0.654272656802E-06
            1986       41 -0.597742404585E-06
            1986       42 -0.547064575046E-06
            1986       43 -0.501545233613E-06
            1986       44 -0.461159534355E-06
            1986       45 -0.424006272085E-06
            1986       46 -0.389810054279E-06
            1986       47 -0.359330963523E-06
            1986       48 -0.331687637869E-06
            1986       49 -0.306537897849E-06
            1986       50 -0.283625492065E-06
            1986       51 -0.262723528744E-06
            1986       52 -0.243630788858E-06
            1986       53 -0.226168539476E-06
            1986       54 -0.210177774948E-06
            1986       55 -0.195516824568E-06
            1986       56 -0.182059274644E-06
            1986       57 -0.169692160725E-06
            1986       58 -0.158314392333E-06
            1986       59 -0.147835378123E-06
            1986       60 -0.138173824069E-06
            1986       61 -0.129256681288E-06
            1986       62 -0.121018223449E-06
            1986       63 -0.113399236592E-06
            1986       64 -0.106346306612E-06
            1986       65 -0.998111917123E-07
            1986       66 -0.937502689000E-07
            1986       67 -0.881240451072E-07
            1986       68 -0.828967247869E-07
            1986       69 -0.780358269385E-07
            1986       70 -0.735118454593E-07
            1986       71 -0.692979475247E-07
            1986       72 -0.653697053969E-07
            1986       73 -0.617048576432E-07
            1986       74 -0.582830962919E-07
            1986       75 -0.550858768563E-07
            1986       76 -0.520962485851E-07
            1986       77 -0.492987025936E-07
            1986       78 -0.466790358413E-07
            1986       79 -0.442242291632E-07
            1986       80 -0.419223377796E-07
            1986       81 -0.397623929016E-07
            1986       82 -0.377343132118E-07
            1986       83 -0.358288251456E-07
            1986       84 -0.340373910235E-07
            1986       85 -0.323521441960E-07
            1986       86 -0.307658304563E-07
            1988        1 -0.436328621614E-02
            1988        2 -0.254188508401E-02
            1988        3 -0.145645188727E-02
            1988        4 -0.807664788403E-03
            1988        5 -0.424490775048E-03
            1988        6 -0.203492028258E-03
            1988        7 -0.809349244945E-04
            1988        8 -0.170393247999E-04
            1988        9  0.129602448549E-04
            1988       10  0.242703701497E-04
            1988       11  0.259464231213E-04
            1988       12  0.232047699203E-04
            1988       13  0.188911543183E-04
            1988       14  0.144473209243E-04
            1988       15  0.105210169649E-04
            1988       16  0.733261477558E-05
            1988       17  0.488497032014E-05
            1988       18  0.309258221489E-05
            1988       19  0.181514992604E-05
            1988       20  0.944605448914E-06
            1988       21  0.367715012028E-06
            1988       22  0.500016975012E-09
            1988       23 -0.221541991718E-06
            1988       24 -0.346086438342E-06
            1988       25 -0.405176035492E-06
            1988       26 -0.422965920869E-06
            1988       27 -0.415716033262E-06
            1988       28 -0.394883279505E-06
            1988       29 -0.364973444524E-06
            1988       30 -0.330333106089E-06
            1988       31 -0.295491295232E-06
            1988       32 -0.263300976567E-06
            1988       33 -0.233608900081E-06
            1988       34 -0.206460014644E-06
            1988       35 -0.182017252918E-06
            1988       36 -0.160302292501E-06
            1988       37 -0.140960452038E-06
            1988       38 -0.123803351287E-06
            1988       39 -0.108709330789E-06
            1988       40 -0.955159100578E-07
            1988       41 -0.839459413302E-07
            1988       42 -0.737980036705E-07
            1988       43 -0.648204623523E-07
            1988       44 -0.557929855784E-07
            1988       45 -0.478390400209E-07
            1988       46 -0.423724729807E-07
            1988       47 -0.375280709337E-07
            1988       48 -0.332726886253E-07
            1988       49 -0.295579722234E-07
            1988       50 -0.263080669859E-07
            1988       51 -0.234587348532E-07
            1988       52 -0.209554306342E-07
            1988       53 -0.187517200707E-07
            1988       54 -0.168079750055E-07
            1988       55 -0.150902938935E-07
            1988       56 -0.135696061513E-07
            1988       57 -0.122209269447E-07
            1988       58 -0.110227354545E-07
            1988       59 -0.995645478621E-08
            1988       60 -0.900601578711E-08
            1988       61 -0.815749031902E-08
            1988       62 -0.739878217818E-08
            1988       63 -0.671936598477E-08
            1988       64 -0.611006609052E-08
            1988       65 -0.556286895214E-08
            1988       66 -0.507076355883E-08
            1988       67 -0.462760543127E-08
            1988       68 -0.422800047091E-08
            1988       69 -0.386720556266E-08
            1988       70 -0.354104334763E-08
            1988       71 -0.324582900618E-08
            1988       72 -0.297830724128E-08
            1988       73 -0.273559794248E-08
            1988       74 -0.251514925142E-08
            1988       75 -0.231469695045E-08
            1988       76 -0.213222926293E-08
            1988       77 -0.196595629339E-08
            1988       78 -0.181428345350E-08
            1988       79 -0.167578831703E-08
            1988       80 -0.154920043039E-08
            1988       81 -0.143338367483E-08
            1988       82 -0.132732083481E-08
            1988       83 -0.123010007726E-08
            1988       84 -0.114090308824E-08
            1988       85 -0.105899464946E-08
            1988       86 -0.983713467505E-09
            1990        1 -0.247231593654E-02
            1990        2 -0.135703948418E-02
            1990        3 -0.701412480304E-03
            1990        4 -0.319974471099E-03
            1990        5 -0.104839351803E-03
            1990        6  0.966097942898E-05
            1990        7  0.643096108362E-04
            1990        8  0.846203227938E-04
            1990        9  0.863808702922E-04
            1990       10  0.791203181791E-04
            1990       11  0.683321414918E-04
            1990       12  0.569786516632E-04
            1990       13  0.464939924649E-04
            1990       14  0.374469590582E-04
            1990       15  0.299523137078E-04
            1990       16  0.239084364848E-04
            1990       17  0.191174676128E-04
            1990       18  0.153712181114E-04
            1990       19  0.124500539718E-04
            1990       20  0.101799563908E-04
            1990       21  0.840985062064E-05
            1990       22  0.701951996565E-05
            1990       23  0.591918270914E-05
            1990       24  0.503790050094E-05
            1990       25  0.432588331039E-05
            1990       26  0.374300092938E-05
            1990       27  0.326034352275E-05
            1990       28  0.285548682217E-05
            1990       29  0.251581561432E-05
            1990       30  0.222946805052E-05
            1990       31  0.198450038958E-05
            1990       32  0.177167229588E-05
            1990       33  0.158677604005E-05
            1990       34  0.142586161349E-05
            1990       35  0.128491879297E-05
            1990       36  0.116060485593E-05
            1990       37  0.105093721472E-05
            1990       38  0.953974281916E-06
            1990       39  0.867742140552E-06
            1990       40  0.790634480342E-06
            1990       41  0.721685837304E-06
            1990       42  0.659945661459E-06
            1990       43  0.604492632174E-06
            1990       44  0.554862273393E-06
            1990       45  0.509618004485E-06
            1990       46  0.468485006848E-06
            1990       47  0.431582989807E-06
            1990       48  0.398111993041E-06
            1990       49  0.367692324054E-06
            1990       50  0.340006118453E-06
            1990       51  0.314772570692E-06
            1990       52  0.291743175549E-06
            1990       53  0.270697633958E-06
            1990       54  0.251440323404E-06
            1990       55  0.233797249105E-06
            1990       56  0.217613405414E-06
            1990       57  0.202750487972E-06
            1990       58  0.189084906344E-06
            1990       59  0.176506054535E-06
            1990       60  0.164914803308E-06
            1990       61  0.154222183550E-06
            1990       62  0.144348234565E-06
            1990       63  0.135220994949E-06
            1990       64  0.126775616976E-06
            1990       65  0.118953588134E-06
            1990       66  0.111702045805E-06
            1990       67  0.104973173001E-06
            1990       68  0.987236648110E-07
            1990       69  0.929142565727E-07
            1990       70  0.875093060426E-07
            1990       71  0.824764228735E-07
            1990       72  0.777861395954E-07
            1990       73  0.734116190457E-07
            1990       74  0.693283938956E-07
            1990       75  0.655141344259E-07
            1990       76  0.619484412538E-07
            1990       77  0.586126600851E-07
            1990       78  0.554897159599E-07
            1990       79  0.525639647630E-07
            1990       80  0.498210600471E-07
            1990       81  0.472478334540E-07
            1990       82  0.448321872264E-07
            1990       83  0.425629974806E-07
            1990       84  0.404300270732E-07
            1990       85  0.384238470240E-07
            1990       86  0.365357655842E-07
            1992        1  0.164540969561E-03
            1992        2  0.919105236590E-04
            1992        3  0.533968844739E-04
            1992        4  0.313219636408E-04
            1992        5  0.184109992658E-04
            1992        6  0.106907616191E-04
            1992        7  0.609881015757E-05
            1992        8  0.342692221231E-05
            1992        9  0.192389144362E-05
            1992       10  0.113455799783E-05
            1992       11  0.750180497221E-06
            1992       12  0.580137721308E-06
            1992       13  0.510576005245E-06
            1992       14  0.481120123399E-06
            1992       15  0.463831581872E-06
            1992       16  0.447318800887E-06
            1992       17  0.425320775378E-06
            1992       18  0.399104639283E-06
            1992       19  0.367798904070E-06
            1992       20  0.332087819360E-06
            1992       21  0.297149719045E-06
            1992       22  0.263864960165E-06
            1992       23  0.232547385794E-06
            1992       24  0.202820917627E-06
            1992       25  0.175703209424E-06
            1992       26  0.151455277564E-06
            1992       27  0.130148016134E-06
            1992       28  0.111420831232E-06
            1992       29  0.951237562209E-07
            1992       30  0.811739300633E-07
            1992       31  0.694676330361E-07
            1992       32  0.595965471679E-07
            1992       33  0.512674750696E-07
            1992       34  0.442867445614E-07
            1992       35  0.384551973849E-07
            1992       36  0.334786377410E-07
            1992       37  0.292138675493E-07
            1992       38  0.255829923847E-07
            1992       39  0.225035667065E-07
            1992       40  0.198449335580E-07
            1992       41  0.175468977644E-07
            1992       42  0.155751232883E-07
            1992       43  0.138007910443E-07
            1992       44  0.108978201249E-07
            1992       45  0.798047404276E-08
            1992       46  0.700816997560E-08
            1992       47  0.622620155031E-08
            1992       48  0.551565477613E-08
            1992       49  0.489612280798E-08
            1992       50  0.435471623217E-08
            1992       51  0.388053994221E-08
            1992       52  0.346435923800E-08
            1992       53  0.309832594212E-08
            1992       54  0.277575302786E-08
            1992       55  0.249092859310E-08
            1992       56  0.223896185120E-08
            1992       57  0.201565525814E-08
            1992       58  0.181739804162E-08
            1992       59  0.164107730790E-08
            1992       60  0.148400362762E-08
            1992       61  0.134384858183E-08
            1992       62  0.121859221488E-08
            1992       63  0.110647871515E-08
            1992       64  0.100597894694E-08
            1992       65  0.915758701601E-09
            1992       66  0.834651734817E-09
            1992       67  0.761636818501E-09
            1992       68  0.695818168262E-09
            1992       69  0.636408715404E-09
            1992       70  0.582715781229E-09
            1992       71  0.534128784677E-09
            1992       72  0.490108674434E-09
            1992       73  0.450178826713E-09
            1992       74  0.413917191093E-09
            1992       75  0.380949501316E-09
            1992       76  0.350943396426E-09
            1992       77  0.323603321571E-09
            1992       78  0.298666097769E-09
            1992       79  0.275897066638E-09
            1992       80  0.255086730178E-09
            1992       81  0.236047817533E-09
            1992       82  0.218612720574E-09
            1992       83  0.202631248653E-09
            1992       84  0.187968659951E-09
            1992       85  0.174503932897E-09
            1992       86  0.162128246303E-09
            1994        1  0.402445127969E-02
            1994        2  0.254915193087E-02
            1994        3  0.163341899597E-02
            1994        4  0.104336401169E-02
            1994        5  0.657914519164E-03
            1994        6  0.405502970574E-03
            1994        7  0.241454014175E-03
            1994        8  0.136225972862E-03
            1994        9  0.699164666362E-04
            1994       10  0.290615820753E-04
            1994       11  0.467076761281E-05
            1994       12 -0.922046862815E-05
            1994       13 -0.165234482821E-04
            1994       14 -0.197829978453E-04
            1994       15 -0.206427469527E-04
            1994       16 -0.201385135948E-04
            1994       17 -0.189563010595E-04
            1994       18 -0.174240811241E-04
            1994       19 -0.158151561676E-04
            1994       20 -0.142609660851E-04
            1994       21 -0.128051914339E-04
            1994       22 -0.114802967006E-04
            1994       23 -0.102914703271E-04
            1994       24 -0.923593634424E-05
            1994       25 -0.830146040424E-05
            1994       26 -0.747673961803E-05
            1994       27 -0.674686014552E-05
            1994       28 -0.610461211264E-05
            1994       29 -0.553978282805E-05
            1994       30 -0.503947579775E-05
            1994       31 -0.459159610471E-05
            1994       32 -0.419308636637E-05
            1994       33 -0.383905155493E-05
            1994       34 -0.352258627990E-05
            1994       35 -0.323725091770E-05
            1994       36 -0.298086587442E-05
            1994       37 -0.275049552998E-05
            1994       38 -0.254245636086E-05
            1994       39 -0.235334259803E-05
            1994       40 -0.218185894419E-05
            1994       41 -0.202631492530E-05
            1994       42 -0.188471807790E-05
            1994       43 -0.175508777855E-05
            1994       44 -0.163378107203E-05
            1994       45 -0.151907251952E-05
            1994       46 -0.141792706972E-05
            1994       47 -0.132748933277E-05
            1994       48 -0.124417483686E-05
            1994       49 -0.116724349045E-05
            1994       50 -0.109612319531E-05
            1994       51 -0.103030004432E-05
            1994       52 -0.969311759933E-06
            1994       53 -0.912741936796E-06
            1994       54 -0.860214983407E-06
            1994       55 -0.811391671889E-06
            1994       56 -0.765965217697E-06
            1994       57 -0.723657821340E-06
            1994       58 -0.684217613599E-06
            1994       59 -0.647415953513E-06
            1994       60 -0.613045035162E-06
            1994       61 -0.580915765135E-06
            1994       62 -0.550855877559E-06
            1994       63 -0.522708257898E-06
            1994       64 -0.496329450480E-06
            1994       65 -0.471588327882E-06
            1994       66 -0.448364903132E-06
            1994       67 -0.426549268078E-06
            1994       68 -0.406040643331E-06
            1994       69 -0.386746527050E-06
            1994       70 -0.368581931362E-06
            1994       71 -0.351468696580E-06
            1994       72 -0.335334874605E-06
            1994       73 -0.320114173873E-06
            1994       74 -0.305745459169E-06
            1994       75 -0.292172300371E-06
            1994       76 -0.279342564911E-06
            1994       77 -0.267208049312E-06
            1994       78 -0.255724145722E-06
            1994       79 -0.244849539805E-06
            1994       80 -0.234545936754E-06
            1994       81 -0.224777812581E-06
            1994       82 -0.215512188120E-06
            1994       83 -0.206718423476E-06
            1994       84 -0.198368030888E-06
            1994       85 -0.190434504220E-06
            1994       86 -0.182893163426E-06
            1996        1 -0.371203677880E-03
            1996        2 -0.143323536778E-03
            1996        3 -0.540279833797E-04
            1996        4 -0.189566650520E-04
            1996        5 -0.545338285166E-05
            1996        6 -0.158339606498E-06
            1996        7  0.195578025282E-05
            1996        8  0.281836115368E-05
            1996        9  0.314025071588E-05
            1996       10  0.318217390251E-05
            1996       11  0.307151510992E-05
            1996       12  0.288824249714E-05
            1996       13  0.268653586477E-05
            1996       14  0.249066728865E-05
            1996       15  0.230828290558E-05
            1996       16  0.213678838843E-05
            1996       17  0.198215697674E-05
            1996       18  0.182675235732E-05
            1996       19  0.168523172935E-05
            1996       20  0.155450843686E-05
            1996       21  0.143162861553E-05
            1996       22  0.131761503432E-05
            1996       23  0.121354792491E-05
            1996       24  0.111912179351E-05
            1996       25  0.103305533287E-05
            1996       26  0.954469674420E-06
            1996       27  0.882424276404E-06
            1996       28  0.817025919531E-06
            1996       29  0.757657281814E-06
            1996       30  0.703087517657E-06
            1996       31  0.652244097344E-06
            1996       32  0.605623360959E-06
            1996       33  0.563093506010E-06
            1996       34  0.523971466907E-06
            1996       35  0.487668104104E-06
            1996       36  0.454355198042E-06
            1996       37  0.423849234063E-06
            1996       38  0.395735392589E-06
            1996       39  0.369651514517E-06
            1996       40  0.345614107175E-06
            1996       41  0.323491562536E-06
            1996       42  0.303060705660E-06
            1996       43  0.284017726169E-06
            1996       44  0.264489064713E-06
            1996       45  0.244146377463E-06
            1996       46  0.227960843843E-06
            1996       47  0.214611894914E-06
            1996       48  0.202238504792E-06
            1996       49  0.190695480790E-06
            1996       50  0.179922920434E-06
            1996       51  0.169864991350E-06
            1996       52  0.160469786214E-06
            1996       53  0.151689141720E-06
            1996       54  0.143478436374E-06
            1996       55  0.135796377816E-06
            1996       56  0.128604787325E-06
            1996       57  0.121868386858E-06
            1996       58  0.115554592291E-06
            1996       59  0.109633315276E-06
            1996       60  0.104076775220E-06
            1996       61  0.988593222006E-07
            1996       62  0.939572711748E-07
            1996       63  0.893487474738E-07
            1996       64  0.850135433524E-07
            1996       65  0.809329851913E-07
            1996       66  0.770898108507E-07
            1996       67  0.734680566123E-07
            1996       68  0.700529531133E-07
            1996       69  0.668308296701E-07
            1996       70  0.637890263943E-07
            1996       71  0.609158135202E-07
            1996       72  0.582003173910E-07
            1996       73  0.556324525749E-07
            1996       74  0.532028596180E-07
            1996       75  0.509028479704E-07
            1996       76  0.487243436571E-07
            1996       77  0.466598412930E-07
            1996       78  0.447023600783E-07
            1996       79  0.428454034317E-07
            1996       80  0.410829219537E-07
            1996       81  0.394092794351E-07
            1996       82  0.378192216463E-07
            1996       83  0.363078476745E-07
            1996       84  0.348705835847E-07
            1996       85  0.335031582101E-07
            1996       86  0.322015808863E-07
            1998        1 -0.190151575632E-02
            1998        2 -0.121992831447E-02
            1998        3 -0.783193963658E-03
            1998        4 -0.498218187231E-03
            1998        5 -0.311843200527E-03
            1998        6 -0.190249651399E-03
            1998        7 -0.111648471237E-03
            1998        8 -0.615992225812E-04
            1998        9 -0.303923403146E-04
            1998       10 -0.114817756677E-04
            1998       11 -0.454748612459E-06
            1998       12  0.560189816639E-05
            1998       13  0.858729143183E-05
            1998       14  0.972439526203E-05
            1998       15  0.979194199469E-05
            1998       16  0.928217017344E-05
            1998       17  0.849215209931E-05
            1998       18  0.761917383540E-05
            1998       19  0.674350533905E-05
            1998       20  0.592966725640E-05
            1998       21  0.519846350076E-05
            1998       22  0.455501662724E-05
            1998       23  0.399364598151E-05
            1998       24  0.350706819581E-05
            1998       25  0.308701927494E-05
            1998       26  0.272478593644E-05
            1998       27  0.241248626048E-05
            1998       28  0.214195131087E-05
            1998       29  0.190784933407E-05
            1998       30  0.170570307097E-05
            1998       31  0.153081491109E-05
            1998       32  0.137767976069E-05
            1998       33  0.124336874323E-05
            1998       34  0.112573372456E-05
            1998       35  0.102249058860E-05
            1998       36  0.930907518150E-06
            1998       37  0.849532522853E-06
            1998       38  0.777251951593E-06
            1998       39  0.712873192732E-06
            1998       40  0.655013836373E-06
            1998       41  0.602943139808E-06
            1998       42  0.556072767219E-06
            1998       43  0.513844096624E-06
            1998       44  0.476319246519E-06
            1998       45  0.442953642933E-06
            1998       46  0.411811240995E-06
            1998       47  0.382862495900E-06
            1998       48  0.356444028159E-06
            1998       49  0.332323763759E-06
            1998       50  0.310260266491E-06
            1998       51  0.290041763805E-06
            1998       52  0.271481990668E-06
            1998       53  0.254416684175E-06
            1998       54  0.238700616838E-06
            1998       55  0.224205077498E-06
            1998       56  0.210815725509E-06
            1998       57  0.198430757223E-06
            1998       58  0.186959334689E-06
            1998       59  0.176320235183E-06
            1998       60  0.166440687321E-06
            1998       61  0.157255365269E-06
            1998       62  0.148705517347E-06
            1998       63  0.140738209139E-06
            1998       64  0.133305664510E-06
            1998       65  0.126364690478E-06
            1998       66  0.119876174162E-06
            1998       67  0.113804641783E-06
            1998       68  0.108117871259E-06
            1998       69  0.102786551162E-06
            1998       70  0.977839799011E-07
            1998       71  0.930857998666E-07
            1998       72  0.886697620322E-07
            1998       73  0.845155171464E-07
            1998       74  0.806044301825E-07
            1998       75  0.769194151721E-07
            1998       76  0.734447879405E-07
            1998       77  0.701661345888E-07
            1998       78  0.670701938570E-07
            1998       79  0.641447517401E-07
            1998       80  0.613785469416E-07
            1998       81  0.587611859292E-07
            1998       82  0.562830665064E-07
            1998       83  0.539353089579E-07
            1998       84  0.517096939303E-07
            1998       85  0.495986063203E-07
            1998       86  0.475949845242E-07
            2000        1 -0.177777317957E-02
            2000        2 -0.110556563605E-02
            2000        3 -0.702344524831E-03
            2000        4 -0.451184419337E-03
            2000        5 -0.291448810310E-03
            2000        6 -0.188487044823E-03
            2000        7 -0.121762284118E-03
            2000        8 -0.785649417718E-04
            2000        9 -0.507666555146E-04
            2000       10 -0.330384259262E-04
            2000       11 -0.218333866856E-04
            2000       12 -0.147949070939E-04
            2000       13 -0.103841846759E-04
            2000       14 -0.761858297489E-05
            2000       15 -0.587893788879E-05
            2000       16 -0.477362446645E-05
            2000       17 -0.406351964171E-05
            2000       18 -0.357385797770E-05
            2000       19 -0.323162619723E-05
            2000       20 -0.296588503491E-05
            2000       21 -0.274526788220E-05
            2000       22 -0.255063566326E-05
            2000       23 -0.237578410094E-05
            2000       24 -0.221510896930E-05
            2000       25 -0.206595894287E-05
            2000       26 -0.192656058450E-05
            2000       27 -0.179610599704E-05
            2000       28 -0.167440248954E-05
            2000       29 -0.156079060479E-05
            2000       30 -0.145453802057E-05
            2000       31 -0.135507985690E-05
            2000       32 -0.126269508931E-05
            2000       33 -0.117701104793E-05
            2000       34 -0.109738294228E-05
            2000       35 -0.102327666262E-05
            2000       36 -0.954717279379E-06
            2000       37 -0.891356253057E-06
            2000       38 -0.832707717746E-06
            2000       39 -0.778349086585E-06
            2000       40 -0.728134991333E-06
            2000       41 -0.681751968257E-06
            2000       42 -0.638833668109E-06
            2000       43 -0.598950145717E-06
            2000       44 -0.560717471509E-06
            2000       45 -0.524573841430E-06
            2000       46 -0.492554771631E-06
            2000       47 -0.463348224007E-06
            2000       48 -0.436196191190E-06
            2000       49 -0.410924390984E-06
            2000       50 -0.387388348623E-06
            2000       51 -0.365455003699E-06
            2000       52 -0.345001924056E-06
            2000       53 -0.325916531319E-06
            2000       54 -0.308095352245E-06
            2000       55 -0.291443305022E-06
            2000       56 -0.275873025898E-06
            2000       57 -0.261304238792E-06
            2000       58 -0.247663168737E-06
            2000       59 -0.234881998676E-06
            2000       60 -0.222898368271E-06
            2000       61 -0.211654912826E-06
            2000       62 -0.201098840083E-06
            2000       63 -0.191181542488E-06
            2000       64 -0.181858242438E-06
            2000       65 -0.173087668053E-06
            2000       66 -0.164831757088E-06
            2000       67 -0.157055386691E-06
            2000       68 -0.149726126843E-06
            2000       69 -0.142814015468E-06
            2000       70 -0.136291353310E-06
            2000       71 -0.130132516851E-06
            2000       72 -0.124313787662E-06
            2000       73 -0.118813196707E-06
            2000       74 -0.113610382261E-06
            2000       75 -0.108686460203E-06
            2000       76 -0.104023905571E-06
            2000       77 -0.996064443559E-07
            2000       78 -0.954189545935E-07
            2000       79 -0.914473759332E-07
            2000       80 -0.876786268982E-07
            2000       81 -0.841005291540E-07
            2000       82 -0.807017381483E-07
            2000       83 -0.774716795575E-07
            2000       84 -0.744004910144E-07
            2000       85 -0.714789686523E-07
            2000       86 -0.686985180362E-07
            2002        1  0.273427662979E-03
            2002        2  0.188702620762E-03
            2002        3  0.124567410551E-03
            2002        4  0.785885110283E-04
            2002        5  0.470805414813E-04
            2002        6  0.260105762743E-04
            2002        7  0.121920594225E-04
            2002        8  0.338841404548E-05
            2002        9 -0.195234486449E-05
            2002       10 -0.497340134326E-05
            2002       11 -0.648470945441E-05
            2002       12 -0.706202026024E-05
            2002       13 -0.709013330090E-05
            2002       14 -0.681073885035E-05
            2002       15 -0.636954009550E-05
            2002       16 -0.585330395390E-05
            2002       17 -0.531657242712E-05
            2002       18 -0.479241124934E-05
            2002       19 -0.430104198136E-05
            2002       20 -0.385211546224E-05
            2002       21 -0.344809579907E-05
            2002       22 -0.308752976551E-05
            2002       23 -0.276733078211E-05
            2002       24 -0.248351062095E-05
            2002       25 -0.223254872918E-05
            2002       26 -0.201084286173E-05
            2002       27 -0.181496935408E-05
            2002       28 -0.164166301327E-05
            2002       29 -0.148834845164E-05
            2002       30 -0.135266532948E-05
            2002       31 -0.123224409081E-05
            2002       32 -0.112489329915E-05
            2002       33 -0.102909508284E-05
            2002       34 -0.943501294346E-06
            2002       35 -0.866760335022E-06
            2002       36 -0.797657415975E-06
            2002       37 -0.735364644306E-06
            2002       38 -0.679134869828E-06
            2002       39 -0.628220393986E-06
            2002       40 -0.581955575492E-06
            2002       41 -0.539866452087E-06
            2002       42 -0.501512908443E-06
            2002       43 -0.466531567625E-06
            2002       44 -0.436087935215E-06
            2002       45 -0.410115612638E-06
            2002       46 -0.384013664766E-06
            2002       47 -0.358740586274E-06
            2002       48 -0.335478771571E-06
            2002       49 -0.314084241343E-06
            2002       50 -0.294378700950E-06
            2002       51 -0.276203557863E-06
            2002       52 -0.259417452203E-06
            2002       53 -0.243894132985E-06
            2002       54 -0.229520626644E-06
            2002       55 -0.216195653487E-06
            2002       56 -0.203828255058E-06
            2002       57 -0.192336601423E-06
            2002       58 -0.181646952361E-06
            2002       59 -0.171692750553E-06
            2002       60 -0.162413828273E-06
            2002       61 -0.153755711909E-06
            2002       62 -0.145669011003E-06
            2002       63 -0.138108880483E-06
            2002       64 -0.131034546419E-06
            2002       65 -0.124408887012E-06
            2002       66 -0.118198061746E-06
            2002       67 -0.112371182566E-06
            2002       68 -0.106900021855E-06
            2002       69 -0.101758752656E-06
            2002       70 -0.969237172039E-07
            2002       71 -0.923732203861E-07
            2002       72 -0.880873451487E-07
            2002       73 -0.840477872887E-07
            2002       74 -0.802377073841E-07
            2002       75 -0.766415978984E-07
            2002       76 -0.732451637482E-07
            2002       77 -0.700352148252E-07
            2002       78 -0.669995691580E-07
            2002       79 -0.641269655461E-07
            2002       80 -0.614069846489E-07
            2002       81 -0.588299776251E-07
            2002       82 -0.563870015244E-07
            2002       83 -0.540697607306E-07
            2002       84 -0.518705538258E-07
            2002       85 -0.497822253270E-07
            2002       86 -0.477981217980E-07
            2004        1  0.648592712283E-01
            2004        2  0.421592079520E-01
            2004        3  0.270429808227E-01
            2004        4  0.170650171528E-01
            2004        5  0.105509270020E-01
            2004        6  0.635211526596E-02
            2004        7  0.368603577525E-02
            2004        8  0.202318723897E-02
            2004        9  0.100876436079E-02
            2004       10  0.407556098211E-03
            2004       11  0.654424567412E-04
            2004       12 -0.117277393602E-03
            2004       13 -0.204240595391E-03
            2004       14 -0.235486431797E-03
            2004       15 -0.235793148956E-03
            2004       16 -0.220175697682E-03
            2004       17 -0.197558717068E-03
            2004       18 -0.172974112838E-03
            2004       19 -0.148966497693E-03
            2004       20 -0.127102360251E-03
            2004       21 -0.107794762495E-03
            2004       22 -0.911281488428E-04
            2004       23 -0.769311273101E-04
            2004       24 -0.649602864710E-04
            2004       25 -0.549232322740E-04
            2004       26 -0.465295618081E-04
            2004       27 -0.395089005029E-04
            2004       28 -0.336314710640E-04
            2004       29 -0.287285037940E-04
            2004       30 -0.246383775689E-04
            2004       31 -0.212008389058E-04
            2004       32 -0.182909988308E-04
            2004       33 -0.158327190197E-04
            2004       34 -0.137548015149E-04
            2004       35 -0.119868245596E-04
            2004       36 -0.104741582177E-04
            2004       37 -0.918128970513E-05
            2004       38 -0.807438858020E-05
            2004       39 -0.712009608690E-05
            2004       40 -0.629306934398E-05
            2004       41 -0.557658678386E-05
            2004       42 -0.495457356762E-05
            2004       43 -0.441103489656E-05
            2004       44 -0.393349621958E-05
            2004       45 -0.351958118737E-05
            2004       46 -0.315580992572E-05
            2004       47 -0.283244293096E-05
            2004       48 -0.254649982215E-05
            2004       49 -0.229325950994E-05
            2004       50 -0.206855106517E-05
            2004       51 -0.186878919883E-05
            2004       52 -0.169088468539E-05
            2004       53 -0.153216958157E-05
            2004       54 -0.139033462087E-05
            2004       55 -0.126337665838E-05
            2004       56 -0.114955443565E-05
            2004       57 -0.104735125288E-05
            2004       58 -0.955443391459E-06
            2004       59 -0.872673336378E-06
            2004       60 -0.798027015603E-06
            2004       61 -0.730614409708E-06
            2004       62 -0.669652996048E-06
            2004       63 -0.614453582652E-06
            2004       64 -0.564408161486E-06
            2004       65 -0.518979471931E-06
            2004       66 -0.477692015892E-06
            2004       67 -0.440124307676E-06
            2004       68 -0.405902176287E-06
            2004       69 -0.374692966684E-06
            2004       70 -0.346200510276E-06
            2004       71 -0.320160755016E-06
            2004       72 -0.296337962162E-06
            2004       73 -0.274521390679E-06
            2004       74 -0.254522402065E-06
            2004       75 -0.236171928334E-06
            2004       76 -0.219318254134E-06
            2004       77 -0.203825071113E-06
            2004       78 -0.189569768596E-06
            2004       79 -0.176441929696E-06
            2004       80 -0.164342006307E-06
            2004       81 -0.153180150100E-06
            2004       82 -0.142875179750E-06
            2004       83 -0.133353667324E-06
            2004       84 -0.124549129031E-06
            2004       85 -0.116401307514E-06
            2004       86 -0.108855534541E-06
            2005        1  0.153802028461E-03
            2005        2  0.747798272634E-04
            2005        3  0.390764815658E-04
            2005        4  0.229957507555E-04
            2005        5  0.151441592152E-04
            2005        6  0.106826171206E-04
            2005        7  0.766943569111E-05
            2005        8  0.544184134710E-05
            2005        9  0.377580886059E-05
            2005       10  0.255939671728E-05
            2005       11  0.170087732452E-05
            2005       12  0.111233764759E-05
            2005       13  0.712405484131E-06
            2005       14  0.442581892969E-06
            2005       15  0.262669800535E-06
            2005       16  0.144972860823E-06
            2005       17  0.690074032822E-07
            2005       18  0.213421186040E-07
            2005       19 -0.717290340463E-08
            2005       20 -0.229037937705E-07
            2005       21 -0.293326358589E-07
            2005       22 -0.296830680742E-07
            2005       23 -0.270729572865E-07
            2005       24 -0.236079925329E-07
            2005       25 -0.199304909309E-07
            2005       26 -0.164728884292E-07
            2005       27 -0.134300334983E-07
            2005       28 -0.108962406041E-07
            2005       29 -0.881779828609E-08
            2005       30 -0.716756307174E-08
            2005       31 -0.591251853926E-08
            2005       32 -0.499718243459E-08
            2005       33 -0.433398782166E-08
            2005       34 -0.385469462341E-08
            2005       35 -0.348986798945E-08
            2005       36 -0.317692471542E-08
            2005       37 -0.289444809353E-08
            2005       38 -0.263997778953E-08
            2005       39 -0.241007827379E-08
            2005       40 -0.219521079455E-08
            2005       41 -0.199442252713E-08
            2005       42 -0.181373743143E-08
            2005       43 -0.164939380037E-08
            2005       44 -0.117459510418E-08
            2005       45 -0.283954668120E-09
            2005       46 -0.174980677121E-11
            2005       47  0.821329114260E-12
            2005       48  0.747455399075E-12
            2005       49  0.681058195605E-12
            2005       50  0.621309586151E-12
            2005       51  0.567479218546E-12
            2005       52  0.518922479717E-12
            2005       53  0.475070080419E-12
            2005       54  0.435418843498E-12
            2005       55  0.399523696646E-12
            2005       56  0.366990554379E-12
            2005       57  0.337470174421E-12
            2005       58  0.310652726964E-12
            2005       59  0.286263052425E-12
            2005       60  0.264056530675E-12
            2005       61  0.243815438711E-12
            2005       62  0.225345801775E-12
            2005       63  0.208474588049E-12
            2005       64  0.193047283024E-12
            2005       65  0.178925750817E-12
            2005       66  0.165986374017E-12
            2005       67  0.154118380644E-12
            2005       68  0.143222419011E-12
            2005       69  0.133209274212E-12
            2005       70  0.123998749616E-12
            2005       71  0.115518675368E-12
            2005       72  0.107704037003E-12
            2005       73  0.100496202825E-12
            2005       74  0.938422482079E-13
            2005       75  0.876943403164E-13
            2005       76  0.820092160203E-13
            2005       77  0.767476967810E-13
            2005       78  0.718742744165E-13
            2005       79  0.673567339590E-13
            2005       80  0.631658197125E-13
            2005       81  0.592749366632E-13
            2005       82  0.556598915568E-13
            2005       83  0.522986517426E-13
            2005       84  0.491711343774E-13
            2005       85  0.462590171194E-13
            2005       86  0.435455739560E-13
            2006        1  0.777738793087E-04
            2006        2  0.342857822390E-04
            2006        3  0.179019523934E-04
            2006        4  0.112872875091E-04
            2006        5  0.773603671937E-05
            2006        6  0.513040048378E-05
            2006        7  0.306165985197E-05
            2006        8  0.150502180058E-05
            2006        9  0.444099120326E-06
            2006       10 -0.197313569222E-06
            2006       11 -0.523622728637E-06
            2006       12 -0.642416135226E-06
            2006       13 -0.642987797569E-06
            2006       14 -0.587364363780E-06
            2006       15 -0.511210889029E-06
            2006       16 -0.432267678775E-06
            2006       17 -0.358939899514E-06
            2006       18 -0.294414647350E-06
            2006       19 -0.239047679507E-06
            2006       20 -0.192943882247E-06
            2006       21 -0.153706056628E-06
            2006       22 -0.120315279185E-06
            2006       23 -0.936346746614E-07
            2006       24 -0.736668037859E-07
            2006       25 -0.587166124448E-07
            2006       26 -0.472402452761E-07
            2006       27 -0.383931065511E-07
            2006       28 -0.316010274683E-07
            2006       29 -0.264747917231E-07
            2006       30 -0.225005674338E-07
            2006       31 -0.191762830968E-07
            2006       32 -0.163082853437E-07
            2006       33 -0.138784754408E-07
            2006       34 -0.117889007438E-07
            2006       35 -0.994900676780E-08
            2006       36 -0.837017537877E-08
            2006       37 -0.703877563714E-08
            2006       38 -0.589847557443E-08
            2006       39 -0.489785855404E-08
            2006       40 -0.404469534471E-08
            2006       41 -0.333757099056E-08
            2006       42 -0.275696171276E-08
            2006       43 -0.227673688413E-08
            2006       44 -0.151674309660E-08
            2006       45 -0.380956344347E-09
            2006       46 -0.168494509423E-10
            2006       47 -0.887936471172E-11
            2006       48 -0.849258292930E-11
            2006       49 -0.810010759280E-11
            2006       50 -0.770863054252E-11
            2006       51 -0.732307571618E-11
            2006       52 -0.694699882338E-11
            2006       53 -0.658289889490E-11
            2006       54 -0.623246120116E-11
            2006       55 -0.589674715349E-11
            2006       56 -0.557634241493E-11
            2006       57 -0.527147279858E-11
            2006       58 -0.498209454386E-11
            2006       59 -0.470796487003E-11
            2006       60 -0.444869681399E-11
            2006       61 -0.420380184369E-11
            2006       62 -0.397272279244E-11
            2006       63 -0.375485929848E-11
            2006       64 -0.354958718472E-11
            2006       65 -0.335627325958E-11
            2006       66 -0.317428637573E-11
            2006       67 -0.300300564822E-11
            2006       68 -0.284182641094E-11
            2006       69 -0.269016441599E-11
            2006       70 -0.254745869444E-11
            2006       71 -0.241317331451E-11
            2006       72 -0.228679838871E-11
            2006       73 -0.216785041998E-11
            2006       74 -0.205587221046E-11
            2006       75 -0.195043241285E-11
            2006       76 -0.185112484149E-11
            2006       77 -0.175756759669E-11
            2006       78 -0.166940208010E-11
            2006       79 -0.158629192391E-11
            2006       80 -0.150792189301E-11
            2006       81 -0.143399675714E-11
            2006       82 -0.136424017931E-11
            2006       83 -0.129839362241E-11
            2006       84 -0.123621527903E-11
            2006       85 -0.117747904430E-11
            2006       86 -0.112197353559E-11
            2007        1  0.332632270054E-03
            2007        2  0.219572722947E-03
            2007        3  0.148558244358E-03
            2007        4  0.102481405986E-03
            2007        5  0.717854830123E-04
            2007        6  0.508663910317E-04
            2007        7  0.364047724323E-04
            2007        8  0.263537648220E-04
            2007        9  0.193349740221E-04
            2007       10  0.144052512944E-04
            2007       11  0.109114914233E-04
            2007       12  0.840629417203E-05
            2007       13  0.658654179309E-05
            2007       14  0.524481034006E-05
            2007       15  0.423915888057E-05
            2007       16  0.347260661559E-05
            2007       17  0.287822710531E-05
            2007       18  0.241027035039E-05
            2007       19  0.203887131530E-05
            2007       20  0.173974080452E-05
            2007       21  0.149559165868E-05
            2007       22  0.129298499859E-05
            2007       23  0.112414630387E-05
            2007       24  0.982427324452E-06
            2007       25  0.861997714660E-06
            2007       26  0.758462091428E-06
            2007       27  0.669007107620E-06
            2007       28  0.591501539253E-06
            2007       29  0.524375166672E-06
            2007       30  0.466130333710E-06
            2007       31  0.415296811142E-06
            2007       32  0.370775395713E-06
            2007       33  0.331799411482E-06
            2007       34  0.297642186708E-06
            2007       35  0.267587000756E-06
            2007       36  0.241052298179E-06
            2007       37  0.217615901587E-06
            2007       38  0.196882456457E-06
            2007       39  0.178463614037E-06
            2007       40  0.162055182003E-06
            2007       41  0.147429280086E-06
            2007       42  0.134367738426E-06
            2007       43  0.122654547309E-06
            2007       44  0.111651365263E-06
            2007       45  0.101026410712E-06
            2007       46  0.923086640277E-07
            2007       47  0.848504437356E-07
            2007       48  0.781078418247E-07
            2007       49  0.719981804831E-07
            2007       50  0.664532075476E-07
            2007       51  0.614129546093E-07
            2007       52  0.568246228461E-07
            2007       53  0.526416329082E-07
            2007       54  0.488228126718E-07
            2007       55  0.453317011700E-07
            2007       56  0.421359506795E-07
            2007       57  0.392068119501E-07
            2007       58  0.365186900335E-07
            2007       59  0.340487602048E-07
            2007       60  0.317766351540E-07
            2007       61  0.296840760166E-07
            2007       62  0.277547409759E-07
            2007       63  0.259739661308E-07
            2007       64  0.243285741322E-07
            2007       65  0.228067067655E-07
            2007       66  0.213976782252E-07
            2007       67  0.200918462997E-07
            2007       68  0.188804990942E-07
            2007       69  0.177557552513E-07
            2007       70  0.167104759234E-07
            2007       71  0.157381869901E-07
            2007       72  0.148330102265E-07
            2007       73  0.139896022992E-07
            2007       74  0.132031006249E-07
            2007       75  0.124690752493E-07
            2007       76  0.117834860199E-07
            2007       77  0.111426444180E-07
            2007       78  0.105431794980E-07
            2007       79  0.998200745475E-08
            2007       80  0.945630439620E-08
            2007       81  0.896348195505E-08
            2007       82  0.850116541710E-08
            2007       83  0.806717408309E-08
            2007       84  0.765950361612E-08
            2007       85  0.727631015566E-08
            2007       86  0.691589600590E-08
            2008        1 -0.437604165777E-03
            2008        2 -0.283576918589E-03
            2008        3 -0.194936362138E-03
            2008        4 -0.140412005896E-03
            2008        5 -0.104525562720E-03
            2008        6 -0.795859714442E-04
            2008        7 -0.617042023681E-04
            2008        8 -0.485894111637E-04
            2008        9 -0.387977490291E-04
            2008       10 -0.313972745974E-04
            2008       11 -0.257541014363E-04
            2008       12 -0.214058189974E-04
            2008       13 -0.180044485282E-04
            2008       14 -0.152990798796E-04
            2008       15 -0.131128451481E-04
            2008       16 -0.113220356141E-04
            2008       17 -0.983798080085E-05
            2008       18 -0.859979830715E-05
            2008       19 -0.755973601386E-05
            2008       20 -0.667902800797E-05
            2008       21 -0.592834688556E-05
            2008       22 -0.528284795912E-05
            2008       23 -0.472414771496E-05
            2008       24 -0.423705263275E-05
            2008       25 -0.381076870729E-05
            2008       26 -0.343611850884E-05
            2008       27 -0.310580724258E-05
            2008       28 -0.281336978034E-05
            2008       29 -0.255428596033E-05
            2008       30 -0.232460783570E-05
            2008       31 -0.212034965439E-05
            2008       32 -0.193767666856E-05
            2008       33 -0.177410825281E-05
            2008       34 -0.162753330018E-05
            2008       35 -0.149582948143E-05
            2008       36 -0.137701548973E-05
            2008       37 -0.126973990997E-05
            2008       38 -0.117279269046E-05
            2008       39 -0.108496069224E-05
            2008       40 -0.100513231341E-05
            2008       41 -0.932518683024E-06
            2008       42 -0.866392448322E-06
            2008       43 -0.806030498809E-06
            2008       44 -0.751207457944E-06
            2008       45 -0.701827520687E-06
            2008       46 -0.655874138016E-06
            2008       47 -0.613188040624E-06
            2008       48 -0.573909023831E-06
            2008       49 -0.537728701604E-06
            2008       50 -0.504358000264E-06
            2008       51 -0.473538858443E-06
            2008       52 -0.445040477924E-06
            2008       53 -0.418656077451E-06
            2008       54 -0.394200075463E-06
            2008       55 -0.371505639633E-06
            2008       56 -0.350422550883E-06
            2008       57 -0.330815337554E-06
            2008       58 -0.312561642292E-06
            2008       59 -0.295550789791E-06
            2008       60 -0.279682528290E-06
            2008       61 -0.264865921697E-06
            2008       62 -0.251018372550E-06
            2008       63 -0.238064758854E-06
            2008       64 -0.225936670225E-06
            2008       65 -0.214571730798E-06
            2008       66 -0.203912998077E-06
            2008       67 -0.193908428363E-06
            2008       68 -0.184510400679E-06
            2008       69 -0.175675292144E-06
            2008       70 -0.167363098699E-06
            2008       71 -0.159537095851E-06
            2008       72 -0.152163534807E-06
            2008       73 -0.145211369937E-06
            2008       74 -0.138652014008E-06
            2008       75 -0.132459118091E-06
            2008       76 -0.126608373395E-06
            2008       77 -0.121077332637E-06
            2008       78 -0.115845248819E-06
            2008       79 -0.110892929557E-06
            2008       80 -0.106202605306E-06
            2008       81 -0.101757810022E-06
            2008       82 -0.975432729743E-07
            2008       83 -0.935448205601E-07
            2008       84 -0.897492871027E-07
            2008       85 -0.861444337292E-07
            2008       86 -0.827188745232E-07
            2009        1  0.196525017075E-03
            2009        2  0.128443853714E-03
            2009        3  0.872197744704E-04
            2009        4  0.618963056008E-04
            2009        5  0.457688343754E-04
            2009        6  0.349353647093E-04
            2009        7  0.272184476576E-04
            2009        8  0.215388470439E-04
            2009        9  0.173044115943E-04
            2009       10  0.141131500272E-04
            2009       11  0.116566470423E-04
            2009       12  0.972032618315E-05
            2009       13  0.816185275652E-05
            2009       14  0.689229826234E-05
            2009       15  0.585374051010E-05
            2009       16  0.500433832384E-05
            2009       17  0.430731654761E-05
            2009       18  0.373001223714E-05
            2009       19  0.324826906605E-05
            2009       20  0.284159049452E-05
            2009       21  0.249595774570E-05
            2009       22  0.220051399082E-05
            2009       23  0.194854678430E-05
            2009       24  0.173354697758E-05
            2009       25  0.154896054743E-05
            2009       26  0.138913660900E-05
            2009       27  0.124998681679E-05
            2009       28  0.112815323698E-05
            2009       29  0.102134856534E-05
            2009       30  0.927354098795E-06
            2009       31  0.843954515506E-06
            2009       32  0.769450008234E-06
            2009       33  0.702894557991E-06
            2009       34  0.643379621789E-06
            2009       35  0.589996629885E-06
            2009       36  0.542001621542E-06
            2009       37  0.498840932979E-06
            2009       38  0.459955906814E-06
            2009       39  0.424789991081E-06
            2009       40  0.392900879721E-06
            2009       41  0.363969734865E-06
            2009       42  0.337678054980E-06
            2009       43  0.313720725474E-06
            2009       44  0.291912138335E-06
            2009       45  0.271961881331E-06
            2009       46  0.253620644326E-06
            2009       47  0.236801155818E-06
            2009       48  0.221358094752E-06
            2009       49  0.207157442104E-06
            2009       50  0.194080859307E-06
            2009       51  0.182022979851E-06
            2009       52  0.170889806367E-06
            2009       53  0.160597327490E-06
            2009       54  0.151070321459E-06
            2009       55  0.142241318829E-06
            2009       56  0.134049701099E-06
            2009       57  0.126440915727E-06
            2009       58  0.119365791042E-06
            2009       59  0.112779937117E-06
            2009       60  0.106643220763E-06
            2009       61  0.100919304585E-06
            2009       62  0.955752415138E-07
            2009       63  0.905811174934E-07
            2009       64  0.859097360365E-07
            2009       65  0.815363392649E-07
            2009       66  0.774383607985E-07
            2009       67  0.735952065008E-07
            2009       68  0.699880596265E-07
            2009       69  0.665997073931E-07
            2009       70  0.634143863825E-07
            2009       71  0.604176445281E-07
            2009       72  0.575962177318E-07
            2009       73  0.549379194041E-07
            2009       74  0.524315414413E-07
            2009       75  0.500667653348E-07
            2009       76  0.478340822757E-07
            2009       77  0.457247212498E-07
            2009       78  0.437305842476E-07
            2009       79  0.418441878113E-07
            2009       80  0.400586102391E-07
            2009       81  0.383674438442E-07
            2009       82  0.367647517335E-07
            2009       83  0.352450286393E-07
            2009       84  0.338031653812E-07
            2009       85  0.324344165906E-07
            2009       86  0.311343713674E-07
            2010        1 -0.172255099777E-02
            2010        2 -0.104145064644E-02
            2010        3 -0.626631048953E-03
            2010        4 -0.368973034964E-03
            2010        5 -0.207522107531E-03
            2010        6 -0.106805243549E-03
            2010        7 -0.451032152439E-04
            2010        8 -0.859627509794E-05
            2010        9  0.117845235126E-04
            2010       10  0.220588524656E-04
            2010       11  0.261833922265E-04
            2010       12  0.267343367185E-04
            2010       13  0.253511849735E-04
            2010       14  0.230437743981E-04
            2010       15  0.204098850462E-04
            2010       16  0.177836565767E-04
            2010       17  0.153405074711E-04
            2010       18  0.131551517276E-04
            2010       19  0.112448799531E-04
            2010       20  0.960444525699E-05
            2010       21  0.820658652953E-05
            2010       22  0.702118412683E-05
            2010       23  0.601970777160E-05
            2010       24  0.517482130384E-05
            2010       25  0.446243322872E-05
            2010       26  0.386085995289E-05
            2010       27  0.335187199675E-05
            2010       28  0.291954597078E-05
            2010       29  0.255263382123E-05
            2010       30  0.224105865579E-05
            2010       31  0.197475541194E-05
            2010       32  0.174494258708E-05
            2010       33  0.154650277610E-05
            2010       34  0.137507049440E-05
            2010       35  0.122627887206E-05
            2010       36  0.109625716708E-05
            2010       37  0.982582991490E-06
            2010       38  0.883103186719E-06
            2010       39  0.795660923675E-06
            2010       40  0.718337914639E-06
            2010       41  0.649922758033E-06
            2010       42  0.589322512519E-06
            2010       43  0.535444321053E-06
            2010       44  0.487276254592E-06
            2010       45  0.444565782761E-06
            2010       46  0.406393955949E-06
            2010       47  0.371846918716E-06
            2010       48  0.340758805147E-06
            2010       49  0.312748248063E-06
            2010       50  0.287464757029E-06
            2010       51  0.264602803336E-06
            2010       52  0.243895426698E-06
            2010       53  0.225108836977E-06
            2010       54  0.208037843165E-06
            2010       55  0.192501972215E-06
            2010       56  0.178342164857E-06
            2010       57  0.165417955402E-06
            2010       58  0.153605058613E-06
            2010       59  0.142793299928E-06
            2010       60  0.132884835994E-06
            2010       61  0.123792621334E-06
            2010       62  0.115439084170E-06
            2010       63  0.107754980437E-06
            2010       64  0.100678399927E-06
            2010       65  0.941539026353E-07
            2010       66  0.881317667730E-07
            2010       67  0.825673327519E-07
            2010       68  0.774204298310E-07
            2010       69  0.726548740987E-07
            2010       70  0.682380281399E-07
            2010       71  0.641404141461E-07
            2010       72  0.603353734147E-07
            2010       73  0.567987661789E-07
            2010       74  0.535087065835E-07
            2010       75  0.504453283117E-07
            2010       76  0.475905770213E-07
            2010       77  0.449280262396E-07
            2010       78  0.424427138371E-07
            2010       79  0.401209965728E-07
            2010       80  0.379504205371E-07
            2010       81  0.359196055998E-07
            2010       82  0.340181422134E-07
            2010       83  0.322364991331E-07
            2010       84  0.305659407960E-07
            2010       85  0.289984532553E-07
            2010       86  0.275266777074E-07
            2011        1 -0.360099644954E-03
            2011        2 -0.228525709329E-03
            2011        3 -0.150064777940E-03
            2011        4 -0.101450625826E-03
            2011        5 -0.705806578668E-04
            2011        6 -0.505433637843E-04
            2011        7 -0.372251430244E-04
            2011        8 -0.281281403279E-04
            2011        9 -0.217208852093E-04
            2011       10 -0.170786863735E-04
            2011       11 -0.136227944655E-04
            2011       12 -0.109924086790E-04
            2011       13 -0.895623537139E-05
            2011       14 -0.736052494324E-05
            2011       15 -0.609725395855E-05
            2011       16 -0.508722006095E-05
            2011       17 -0.427187626597E-05
            2011       18 -0.360716569546E-05
            2011       19 -0.306231956171E-05
            2011       20 -0.261158642812E-05
            2011       21 -0.223634582376E-05
            2011       22 -0.192192205393E-05
            2011       23 -0.165857278156E-05
            2011       24 -0.143760648630E-05
            2011       25 -0.125155046685E-05
            2011       26 -0.109386115752E-05
            2011       27 -0.959572640934E-06
            2011       28 -0.844554321395E-06
            2011       29 -0.746053305744E-06
            2011       30 -0.661468385092E-06
            2011       31 -0.588213478529E-06
            2011       32 -0.524231523815E-06
            2011       33 -0.468361201970E-06
            2011       34 -0.419516615819E-06
            2011       35 -0.376621382429E-06
            2011       36 -0.338814954571E-06
            2011       37 -0.305503735058E-06
            2011       38 -0.276103874188E-06
            2011       39 -0.250036459051E-06
            2011       40 -0.226842860346E-06
            2011       41 -0.206211136201E-06
            2011       42 -0.187836016556E-06
            2011       43 -0.171385444070E-06
            2011       44 -0.155959124404E-06
            2011       45 -0.141541260172E-06
            2011       46 -0.129543026607E-06
            2011       47 -0.119063418169E-06
            2011       48 -0.109588754330E-06
            2011       49 -0.101004887792E-06
            2011       50 -0.932155968018E-07
            2011       51 -0.861363594530E-07
            2011       52 -0.796927769900E-07
            2011       53 -0.738192297372E-07
            2011       54 -0.684577284549E-07
            2011       55 -0.635569303086E-07
            2011       56 -0.590712938640E-07
            2011       57 -0.549603518023E-07
            2011       58 -0.511880835604E-07
            2011       59 -0.477223729976E-07
            2011       60 -0.445345385820E-07
            2011       61 -0.415989255671E-07
            2011       62 -0.388925512796E-07
            2011       63 -0.363947960069E-07
            2011       64 -0.340871331154E-07
            2011       65 -0.319528929932E-07
            2011       66 -0.299770562108E-07
            2011       67 -0.281460719680E-07
            2011       68 -0.264476984706E-07
            2011       69 -0.248708623550E-07
            2011       70 -0.234055346907E-07
            2011       71 -0.220426214348E-07
            2011       72 -0.207738665082E-07
            2011       73 -0.195917659086E-07
            2011       74 -0.184894914980E-07
            2011       75 -0.174608232741E-07
            2011       76 -0.165000891024E-07
            2011       77 -0.156021110125E-07
            2011       78 -0.147621572805E-07
            2011       79 -0.139758996204E-07
            2011       80 -0.132393748898E-07
            2011       81 -0.125489507936E-07
            2011       82 -0.119012951297E-07
            2011       83 -0.112933481787E-07
            2011       84 -0.107222978883E-07
            2011       85 -0.101855575439E-07
            2011       86 -0.968074565399E-08
            2012        1 -0.973276452812E-03
            2012        2 -0.687094003029E-03
            2012        3 -0.501058540366E-03
            2012        4 -0.376004508014E-03
            2012        5 -0.288823896644E-03
            2012        6 -0.226219961367E-03
            2012        7 -0.180125234238E-03
            2012        8 -0.145494737983E-03
            2012        9 -0.119038961020E-03
            2012       10 -0.985474321775E-04
            2012       11 -0.824621585252E-04
            2012       12 -0.696636511873E-04
            2012       13 -0.593392429545E-04
            2012       14 -0.509069011604E-04
            2012       15 -0.439499033397E-04
            2012       16 -0.381645617544E-04
            2012       17 -0.333199714893E-04
            2012       18 -0.292347508144E-04
            2012       19 -0.257708693643E-04
            2012       20 -0.228091394678E-04
            2012       21 -0.202650263556E-04
            2012       22 -0.180660505468E-04
            2012       23 -0.161581468125E-04
            2012       24 -0.144942896591E-04
            2012       25 -0.130392511611E-04
            2012       26 -0.117617556749E-04
            2012       27 -0.106365287407E-04
            2012       28 -0.964096594655E-05
            2012       29 -0.875944621429E-05
            2012       30 -0.797798115855E-05
            2012       31 -0.728247433630E-05
            2012       32 -0.665984553965E-05
            2012       33 -0.610193624807E-05
            2012       34 -0.560158679057E-05
            2012       35 -0.515159835911E-05
            2012       36 -0.474538354435E-05
            2012       37 -0.437843542406E-05
            2012       38 -0.404660049741E-05
            2012       39 -0.374570832156E-05
            2012       40 -0.347200989823E-05
            2012       41 -0.322287034539E-05
            2012       42 -0.299581338045E-05
            2012       43 -0.278832047543E-05
            2012       44 -0.259804992740E-05
            2012       45 -0.242431494317E-05
            2012       46 -0.226513571019E-05
            2012       47 -0.211848948908E-05
            2012       48 -0.198349781131E-05
            2012       49 -0.185908935082E-05
            2012       50 -0.174428391222E-05
            2012       51 -0.163820559633E-05
            2012       52 -0.154007030743E-05
            2012       53 -0.144917491946E-05
            2012       54 -0.136488785950E-05
            2012       55 -0.128664090566E-05
            2012       56 -0.121392202776E-05
            2012       57 -0.114626912556E-05
            2012       58 -0.108326454118E-05
            2012       59 -0.102453024080E-05
            2012       60 -0.969723576195E-06
            2012       61 -0.918533549533E-06
            2012       62 -0.870677515982E-06
            2012       63 -0.825898267759E-06
            2012       64 -0.783961451276E-06
            2012       65 -0.744653275607E-06
            2012       66 -0.707778476224E-06
            2012       67 -0.673158502808E-06
            2012       68 -0.640629904038E-06
            2012       69 -0.610042885895E-06
            2012       70 -0.581260022977E-06
            2012       71 -0.554155105010E-06
            2012       72 -0.528612102987E-06
            2012       73 -0.504524241280E-06
            2012       74 -0.481793163828E-06
            2012       75 -0.460328183885E-06
            2012       76 -0.440045608157E-06
            2012       77 -0.420868127200E-06
            2012       78 -0.402724264964E-06
            2012       79 -0.385547881142E-06
            2012       80 -0.369277720786E-06
            2012       81 -0.353857006241E-06
            2012       82 -0.339233067017E-06
            2012       83 -0.325357003743E-06
            2012       84 -0.312183382724E-06
            2012       85 -0.299669958059E-06
            2012       86 -0.287777418566E-06
            2013        1 -0.171559020226E-02
            2013        2 -0.111330732058E-02
            2013        3 -0.727197064963E-03
            2013        4 -0.473495164216E-03
            2013        5 -0.305904521534E-03
            2013        6 -0.195374960539E-03
            2013        7 -0.123019858502E-03
            2013        8 -0.761188469726E-04
            2013        9 -0.460656168267E-04
            2013       10 -0.270548436609E-04
            2013       11 -0.152153677084E-04
            2013       12 -0.798167605085E-05
            2013       13 -0.367469906352E-05
            2013       14 -0.120131185491E-05
            2013       15  0.144436203889E-06
            2013       16  0.812680947156E-06
            2013       17  0.108779406066E-05
            2013       18  0.114438813239E-05
            2013       19  0.108317443154E-05
            2013       20  0.974760746762E-06
            2013       21  0.849605179472E-06
            2013       22  0.727049150905E-06
            2013       23  0.614396448555E-06
            2013       24  0.515776657086E-06
            2013       25  0.431026938644E-06
            2013       26  0.359363630203E-06
            2013       27  0.299137668214E-06
            2013       28  0.249102501364E-06
            2013       29  0.207867849842E-06
            2013       30  0.173890171535E-06
            2013       31  0.145641791758E-06
            2013       32  0.122167560616E-06
            2013       33  0.102783485161E-06
            2013       34  0.868024701842E-07
            2013       35  0.735369190243E-07
            2013       36  0.624869799621E-07
            2013       37  0.533094385577E-07
            2013       38  0.456766525151E-07
            2013       39  0.392617725085E-07
            2013       40  0.338377265406E-07
            2013       41  0.292585406480E-07
            2013       42  0.253863316601E-07
            2013       43  0.221054118208E-07
            2013       44  0.195818560899E-07
            2013       45  0.178078591311E-07
            2013       46  0.159603331627E-07
            2013       47  0.140812496165E-07
            2013       48  0.124345198285E-07
            2013       49  0.110027134664E-07
            2013       50  0.975495234249E-08
            2013       51  0.866518854011E-08
            2013       52  0.771138901252E-08
            2013       53  0.687486762930E-08
            2013       54  0.613973628875E-08
            2013       55  0.549245249603E-08
            2013       56  0.492144535213E-08
            2013       57  0.441680547785E-08
            2013       58  0.397002722877E-08
            2013       59  0.357379380442E-08
            2013       60  0.322179764458E-08
            2013       61  0.290858993614E-08
            2013       62  0.262945419988E-08
            2013       63  0.238029984865E-08
            2013       64  0.215757235207E-08
            2013       65  0.195817724395E-08
            2013       66  0.177941569688E-08
            2013       67  0.161892978542E-08
            2013       68  0.147465588283E-08
            2013       69  0.134478490165E-08
            2013       70  0.122772830504E-08
            2013       71  0.112208899475E-08
            2013       72  0.102663632873E-08
            2013       73  0.940284642708E-09
            2013       74  0.862074750770E-09
            2013       75  0.791157983805E-09
            2013       76  0.726782393676E-09
            2013       77  0.668280809272E-09
            2013       78  0.615060478790E-09
            2013       79  0.566594073108E-09
            2013       80  0.522411859081E-09
            2013       81  0.482094880166E-09
            2013       82  0.445269005764E-09
            2013       83  0.411599730957E-09
            2013       84  0.380787625477E-09
            2013       85  0.352564345219E-09
            2013       86  0.326689131938E-09
            2014        1  0.408658230701E-02
            2014        2  0.260851617513E-02
            2014        3  0.168623527315E-02
            2014        4  0.109361471721E-02
            2014        5  0.707063753974E-03
            2014        6  0.453307195499E-03
            2014        7  0.286990145566E-03
            2014        8  0.178691576315E-03
            2014        9  0.108887150063E-03
            2014       10  0.644847384369E-04
            2014       11  0.366961594986E-04
            2014       12  0.196357355329E-04
            2014       13  0.940597205741E-05
            2014       14  0.346352335886E-05
            2014       15  0.168578652672E-06
            2014       16 -0.152311720731E-05
            2014       17 -0.227505696338E-05
            2014       18 -0.249429998632E-05
            2014       19 -0.241597225670E-05
            2014       20 -0.220614331800E-05
            2014       21 -0.194103870541E-05
            2014       22 -0.167089746394E-05
            2014       23 -0.141654117382E-05
            2014       24 -0.119063139803E-05
            2014       25 -0.995066728087E-06
            2014       26 -0.829460497463E-06
            2014       27 -0.690239113857E-06
            2014       28 -0.574628864335E-06
            2014       29 -0.479407921290E-06
            2014       30 -0.401052120251E-06
            2014       31 -0.336067092563E-06
            2014       32 -0.282246296346E-06
            2014       33 -0.237930499883E-06
            2014       34 -0.201473332801E-06
            2014       35 -0.171227159280E-06
            2014       36 -0.145991035889E-06
            2014       37 -0.124970744250E-06
            2014       38 -0.107432815196E-06
            2014       39 -0.926440549130E-07
            2014       40 -0.800863666867E-07
            2014       41 -0.694373688650E-07
            2014       42 -0.604040458482E-07
            2014       43 -0.527240063123E-07
            2014       44 -0.461766968247E-07
            2014       45 -0.404666034490E-07
            2014       46 -0.357038533863E-07
            2014       47 -0.314855335617E-07
            2014       48 -0.278034312949E-07
            2014       49 -0.246019027459E-07
            2014       50 -0.218119032260E-07
            2014       51 -0.193751887452E-07
            2014       52 -0.172424927319E-07
            2014       53 -0.153720324552E-07
            2014       54 -0.137282816851E-07
            2014       55 -0.122809590561E-07
            2014       56 -0.110041917611E-07
            2014       57 -0.987582220787E-08
            2014       58 -0.887683160065E-08
            2014       59 -0.799085943547E-08
            2014       60 -0.720380189920E-08
            2014       61 -0.650347536103E-08
            2014       62 -0.587933370791E-08
            2014       63 -0.532223033697E-08
            2014       64 -0.482421728068E-08
            2014       65 -0.437837528499E-08
            2014       66 -0.397866975211E-08
            2014       67 -0.361982834743E-08
            2014       68 -0.329723679334E-08
            2014       69 -0.300684996596E-08
            2014       70 -0.274511589572E-08
            2014       71 -0.250891067224E-08
            2014       72 -0.229548258302E-08
            2014       73 -0.210240408728E-08
            2014       74 -0.192753045091E-08
            2014       75 -0.176896405610E-08
            2014       76 -0.162502355367E-08
            2014       77 -0.149421715619E-08
            2014       78 -0.137521947797E-08
            2014       79 -0.126685141849E-08
            2014       80 -0.116806266183E-08
            2014       81 -0.107791642841E-08
            2014       82 -0.995576169329E-09
            2014       83 -0.920293938502E-09
            2014       84 -0.851400216531E-09
            2014       85 -0.788294992439E-09
            2014       86 -0.730439936964E-09
