            4143        1 -0.186197654899E-02
            4143        2 -0.109251457003E-02
            4143        3 -0.630150666406E-03
            4143        4 -0.346929681616E-03
            4143        5 -0.172425681168E-03
            4143        6 -0.661794218940E-04
            4143        7 -0.354533371598E-05
            4143        8  0.311981452470E-04
            4143        9  0.483668503142E-04
            4143       10  0.547826722503E-04
            4143       11  0.549050259263E-04
            4143       12  0.516069841750E-04
            4143       13  0.466948893851E-04
            4143       14  0.412521561790E-04
            4143       15  0.358925607781E-04
            4143       16  0.309318643548E-04
            4143       17  0.265098073794E-04
            4143       18  0.226567831651E-04
            4143       19  0.193471032293E-04
            4143       20  0.165336568608E-04
            4143       21  0.141511006886E-04
            4143       22  0.121369971031E-04
            4143       23  0.104383010573E-04
            4143       24  0.900525974520E-05
            4143       25  0.779491491035E-05
            4143       26  0.676980255948E-05
            4143       27  0.589934591910E-05
            4143       28  0.515722816146E-05
            4143       29  0.452488163649E-05
            4143       30  0.398552872701E-05
            4143       31  0.352245254643E-05
            4143       32  0.312138919314E-05
            4143       33  0.277387068219E-05
            4143       34  0.247253908208E-05
            4143       35  0.221005649814E-05
            4143       36  0.198005003996E-05
            4143       37  0.177841178341E-05
            4143       38  0.160142849028E-05
            4143       39  0.144539593634E-05
            4143       40  0.130710748453E-05
            4143       41  0.118447987181E-05
            4143       42  0.107560487847E-05
            4143       43  0.978612204631E-06
            4143       44  0.891927354632E-06
            4143       45  0.814619988743E-06
            4143       46  0.745430839268E-06
            4143       47  0.682928262581E-06
            4143       48  0.626602262491E-06
            4143       49  0.575776494963E-06
            4143       50  0.529832964456E-06
            4143       51  0.488231917946E-06
            4143       52  0.450500859222E-06
            4143       53  0.416225252399E-06
            4143       54  0.385040633095E-06
            4143       55  0.356625896098E-06
            4143       56  0.330697569232E-06
            4143       57  0.307004916208E-06
            4143       58  0.285325738218E-06
            4143       59  0.265462766065E-06
            4143       60  0.247240552643E-06
            4143       61  0.230502790411E-06
            4143       62  0.215109990747E-06
            4143       63  0.200937472134E-06
            4143       64  0.187873612527E-06
            4143       65  0.175818328203E-06
            4143       66  0.164681747193E-06
            4143       67  0.154383050230E-06
            4143       68  0.144849456215E-06
            4143       69  0.136015332616E-06
            4143       70  0.127821414045E-06
            4143       71  0.120214114724E-06
            4143       72  0.113144922558E-06
            4143       73  0.106569864269E-06
            4143       74  0.100449032535E-06
            4143       75  0.947461672951E-07
            4143       76  0.894282844800E-07
            4143       77  0.844653463085E-07
            4143       78  0.798299680891E-07
            4143       79  0.754971571237E-07
            4143       80  0.714440798839E-07
            4143       81  0.676498541265E-07
            4143       82  0.640953630378E-07
            4143       83  0.607630888622E-07
            4143       84  0.576369637914E-07
            4143       85  0.547022361614E-07
            4143       86  0.519453502437E-07
            4145        1  0.738047455887E-03
            4145        2  0.411475361599E-03
            4145        3  0.238844017233E-03
            4145        4  0.142271560442E-03
            4145        5  0.862918167314E-04
            4145        6  0.528726169438E-04
            4145        7  0.326237888485E-04
            4145        8  0.202823464262E-04
            4145        9  0.127552700088E-04
            4145       10  0.815712536961E-05
            4145       11  0.533610368311E-05
            4145       12  0.359063898048E-05
            4145       13  0.249964420637E-05
            4145       14  0.180715339159E-05
            4145       15  0.135659953657E-05
            4145       16  0.105203773932E-05
            4145       17  0.837585967296E-06
            4145       18  0.676625527968E-06
            4145       19  0.555320660794E-06
            4145       20  0.460028700766E-06
            4145       21  0.384586392518E-06
            4145       22  0.323846418379E-06
            4145       23  0.274907315724E-06
            4145       24  0.234577558733E-06
            4145       25  0.200974441920E-06
            4145       26  0.172559889665E-06
            4145       27  0.148457202264E-06
            4145       28  0.127789789530E-06
            4145       29  0.110159524613E-06
            4145       30  0.951701432060E-07
            4145       31  0.823963342453E-07
            4145       32  0.714071757671E-07
            4145       33  0.620222333206E-07
            4145       34  0.540190395758E-07
            4145       35  0.471580562678E-07
            4145       36  0.412181023246E-07
            4145       37  0.360997045407E-07
            4145       38  0.316853066429E-07
            4145       39  0.278468952763E-07
            4145       40  0.244807906775E-07
            4145       41  0.215613402605E-07
            4145       42  0.190554951286E-07
            4145       43  0.167792808706E-07
            4145       44  0.119069191305E-07
            4145       45  0.480958873557E-08
            4145       46  0.246008245909E-08
            4145       47  0.215435861504E-08
            4145       48  0.193127392890E-08
            4145       49  0.173414754215E-08
            4145       50  0.155963999160E-08
            4145       51  0.140488072682E-08
            4145       52  0.126739699207E-08
            4145       53  0.114505425712E-08
            4145       54  0.103600620400E-08
            4145       55  0.938652639756E-09
            4145       56  0.851603998760E-09
            4145       57  0.773651336679E-09
            4145       58  0.703740911313E-09
            4145       59  0.640952603445E-09
            4145       60  0.584481559485E-09
            4145       61  0.533622543138E-09
            4145       62  0.487756569726E-09
            4145       63  0.446339467997E-09
            4145       64  0.408892072742E-09
            4145       65  0.374991800062E-09
            4145       66  0.344265397150E-09
            4145       67  0.316382691679E-09
            4145       68  0.291051193582E-09
            4145       69  0.268011425006E-09
            4145       70  0.247032873444E-09
            4145       71  0.227910479154E-09
            4145       72  0.210461581417E-09
            4145       73  0.194523259549E-09
            4145       74  0.179950014056E-09
            4145       75  0.166611741389E-09
            4145       76  0.154391962494E-09
            4145       77  0.143186271153E-09
            4145       78  0.132900972870E-09
            4145       79  0.123451889281E-09
            4145       80  0.114763306519E-09
            4145       81  0.106767048972E-09
            4145       82  0.994016624086E-10
            4145       83  0.926116926398E-10
            4145       84  0.863470477436E-10
            4145       85  0.805624334749E-10
            4145       86  0.752168528588E-10
            4147        1 -0.390399839143E-02
            4147        2 -0.238392070871E-02
            4147        3 -0.149794044962E-02
            4147        4 -0.957012458329E-03
            4147        5 -0.616221073887E-03
            4147        6 -0.397133036493E-03
            4147        7 -0.255070031457E-03
            4147        8 -0.162809830631E-03
            4147        9 -0.103090992837E-03
            4147       10 -0.646874204801E-04
            4147       11 -0.402000705463E-04
            4147       12 -0.247346547233E-04
            4147       13 -0.150640591969E-04
            4147       14 -0.908280672756E-05
            4147       15 -0.542603140397E-05
            4147       16 -0.321940680567E-05
            4147       17 -0.190260415036E-05
            4147       18 -0.113041685354E-05
            4147       19 -0.696292309416E-06
            4147       20 -0.451694279724E-06
            4147       21 -0.321566438040E-06
            4147       22 -0.253365362144E-06
            4147       23 -0.220195845786E-06
            4147       24 -0.203421369804E-06
            4147       25 -0.194313877792E-06
            4147       26 -0.187254164875E-06
            4147       27 -0.180328150477E-06
            4147       28 -0.172737939491E-06
            4147       29 -0.164657400989E-06
            4147       30 -0.156033684643E-06
            4147       31 -0.146846126164E-06
            4147       32 -0.137510771985E-06
            4147       33 -0.128307672035E-06
            4147       34 -0.119243816432E-06
            4147       35 -0.110357016174E-06
            4147       36 -0.101922282560E-06
            4147       37 -0.940113556060E-07
            4147       38 -0.865625930397E-07
            4147       39 -0.795365115711E-07
            4147       40 -0.730404952024E-07
            4147       41 -0.670702584276E-07
            4147       42 -0.615580777105E-07
            4147       43 -0.565210847487E-07
            4147       44 -0.526492959369E-07
            4147       45 -0.484871339646E-07
            4147       46 -0.440173186987E-07
            4147       47 -0.404468450771E-07
            4147       48 -0.372326848849E-07
            4147       49 -0.343012202138E-07
            4147       50 -0.316260720442E-07
            4147       51 -0.291833155666E-07
            4147       52 -0.269512840676E-07
            4147       53 -0.249103770594E-07
            4147       54 -0.230428766817E-07
            4147       55 -0.213327747816E-07
            4147       56 -0.197656119327E-07
            4147       57 -0.183283288735E-07
            4147       58 -0.170091303244E-07
            4147       59 -0.157973607947E-07
            4147       60 -0.146833917819E-07
            4147       61 -0.136585196378E-07
            4147       62 -0.127148733231E-07
            4147       63 -0.118453312479E-07
            4147       64 -0.110434464166E-07
            4147       65 -0.103033791192E-07
            4147       66 -0.961983645873E-08
            4147       67 -0.898801805156E-08
            4147       68 -0.840356728612E-08
            4147       69 -0.786252758159E-08
            4147       70 -0.736130313449E-08
            4147       71 -0.689662369044E-08
            4147       72 -0.646551292321E-08
            4147       73 -0.606526004404E-08
            4147       74 -0.569339430321E-08
            4147       75 -0.534766208001E-08
            4147       76 -0.502600628937E-08
            4147       77 -0.472654786195E-08
            4147       78 -0.444756907992E-08
            4147       79 -0.418749857445E-08
            4147       80 -0.394489781115E-08
            4147       81 -0.371844890861E-08
            4147       82 -0.350694365156E-08
            4147       83 -0.330927357530E-08
            4147       84 -0.312442101108E-08
            4147       85 -0.295145099387E-08
            4147       86 -0.278950394463E-08
            4149        1  0.279255110067E-02
            4149        2  0.164608202266E-02
            4149        3  0.100516838030E-02
            4149        4  0.627469849100E-03
            4149        5  0.396097978622E-03
            4149        6  0.250430759491E-03
            4149        7  0.157454365750E-03
            4149        8  0.978532286216E-04
            4149        9  0.597693344459E-04
            4149       10  0.356561664028E-04
            4149       11  0.205886633760E-04
            4149       12  0.113280365309E-04
            4149       13  0.574693130056E-05
            4149       14  0.247062648513E-05
            4149       15  0.618269965996E-06
            4149       16 -0.369496339400E-06
            4149       17 -0.848253035658E-06
            4149       18 -0.103479581094E-05
            4149       19 -0.105164286007E-05
            4149       20 -0.988172889232E-06
            4149       21 -0.886127277407E-06
            4149       22 -0.774002346427E-06
            4149       23 -0.663329925171E-06
            4149       24 -0.562081320664E-06
            4149       25 -0.472865571338E-06
            4149       26 -0.396712034076E-06
            4149       27 -0.332201496896E-06
            4149       28 -0.278325690152E-06
            4149       29 -0.233709790975E-06
            4149       30 -0.196767489871E-06
            4149       31 -0.165933589227E-06
            4149       32 -0.140300384158E-06
            4149       33 -0.119122676005E-06
            4149       34 -0.101614357323E-06
            4149       35 -0.869929847265E-07
            4149       36 -0.747201453923E-07
            4149       37 -0.644357436084E-07
            4149       38 -0.557929562823E-07
            4149       39 -0.484468283837E-07
            4149       40 -0.421633640239E-07
            4149       41 -0.367965009065E-07
            4149       42 -0.322087597023E-07
            4149       43 -0.283579410865E-07
            4149       44 -0.260598236788E-07
            4149       45 -0.236512560817E-07
            4149       46 -0.206092958276E-07
            4149       47 -0.182555821399E-07
            4149       48 -0.162282545775E-07
            4149       49 -0.144558059610E-07
            4149       50 -0.129026305775E-07
            4149       51 -0.115385732766E-07
            4149       52 -0.103380249572E-07
            4149       53 -0.927917937481E-08
            4149       54 -0.834342056956E-08
            4149       55 -0.751481640448E-08
            4149       56 -0.677969859037E-08
            4149       57 -0.612631342275E-08
            4149       58 -0.554453051183E-08
            4149       59 -0.502559921610E-08
            4149       60 -0.456194442888E-08
            4149       61 -0.414699492051E-08
            4149       62 -0.377503868636E-08
            4149       63 -0.344110075642E-08
            4149       64 -0.314083973525E-08
            4149       65 -0.287046000001E-08
            4149       66 -0.262663702015E-08
            4149       67 -0.240645369992E-08
            4149       68 -0.220734600115E-08
            4149       69 -0.202705639785E-08
            4149       70 -0.186359395415E-08
            4149       71 -0.171520001579E-08
            4149       72 -0.158031866955E-08
            4149       73 -0.145757126016E-08
            4149       74 -0.134573436748E-08
            4149       75 -0.124372074008E-08
            4149       76 -0.115056275963E-08
            4149       77 -0.106539807577E-08
            4149       78 -0.987457105941E-09
            4149       79 -0.916052140189E-09
            4149       80 -0.850567830025E-09
            4149       81 -0.790452872459E-09
            4149       82 -0.735212728059E-09
            4149       83 -0.684403234992E-09
            4149       84 -0.637625000625E-09
            4149       85 -0.594518469032E-09
            4149       86 -0.554759576893E-09
            4151        1 -0.353906659524E-02
            4151        2 -0.225086887468E-02
            4151        3 -0.144709897122E-02
            4151        4 -0.930159691395E-03
            4151        5 -0.593850655285E-03
            4151        6 -0.374296104970E-03
            4151        7 -0.231569967681E-03
            4151        8 -0.139662217449E-03
            4151        9 -0.812865062618E-04
            4151       10 -0.448481305679E-04
            4151       11 -0.225866508950E-04
            4151       12 -0.935684644108E-05
            4151       13 -0.179543356150E-05
            4151       14  0.226650852220E-05
            4151       15  0.421356365716E-05
            4151       16  0.492148630159E-05
            4151       17  0.494267166555E-05
            4151       18  0.461585871077E-05
            4151       19  0.412563498043E-05
            4151       20  0.360356291472E-05
            4151       21  0.310125195613E-05
            4151       22  0.264903385818E-05
            4151       23  0.225013335475E-05
            4151       24  0.190548346961E-05
            4151       25  0.161125850120E-05
            4151       26  0.136283574416E-05
            4151       27  0.115307699497E-05
            4151       28  0.977238558765E-06
            4151       29  0.830856745600E-06
            4151       30  0.708743388372E-06
            4151       31  0.605778244864E-06
            4151       32  0.519149979470E-06
            4151       33  0.446678891555E-06
            4151       34  0.385914681664E-06
            4151       35  0.334430544556E-06
            4151       36  0.290699132355E-06
            4151       37  0.253628119195E-06
            4151       38  0.222077738650E-06
            4151       39  0.194926390592E-06
            4151       40  0.171508080421E-06
            4151       41  0.151345352545E-06
            4151       42  0.133938985541E-06
            4151       43  0.118894645530E-06
            4151       44  0.106366569682E-06
            4151       45  0.945509832502E-07
            4151       46  0.840781568223E-07
            4151       47  0.753924605768E-07
            4151       48  0.677518875008E-07
            4151       49  0.610023525766E-07
            4151       50  0.550268924959E-07
            4151       51  0.497255415848E-07
            4151       52  0.450126319924E-07
            4151       53  0.408145578011E-07
            4151       54  0.370679175327E-07
            4151       55  0.337179663183E-07
            4151       56  0.307173223116E-07
            4151       57  0.280248824975E-07
            4151       58  0.256049114855E-07
            4151       59  0.234262736331E-07
            4151       60  0.214617842660E-07
            4151       61  0.196876601379E-07
            4151       62  0.180830528047E-07
            4151       63  0.166296514585E-07
            4151       64  0.153113440952E-07
            4151       65  0.141139277976E-07
            4151       66  0.130248604685E-07
            4151       67  0.120330476313E-07
            4151       68  0.111286589610E-07
            4151       69  0.103029700828E-07
            4151       70  0.954822588784E-08
            4151       71  0.885752221202E-08
            4151       72  0.822470322036E-08
            4151       73  0.764427224835E-08
            4151       74  0.711131419797E-08
            4151       75  0.662142787366E-08
            4151       76  0.617066688456E-08
            4151       77  0.575548794343E-08
            4151       78  0.537270556313E-08
            4151       79  0.501945229636E-08
            4151       80  0.469314378661E-08
            4151       81  0.439144800177E-08
            4151       82  0.411225810995E-08
            4151       83  0.385366853182E-08
            4151       84  0.361395376780E-08
            4151       85  0.339154965271E-08
            4151       86  0.318503673711E-08
            4153        1 -0.196445165962E-02
            4153        2 -0.135683578857E-02
            4153        3 -0.919590612677E-03
            4153        4 -0.612924150875E-03
            4153        5 -0.401755433855E-03
            4153        6 -0.258693876931E-03
            4153        7 -0.163327279070E-03
            4153        8 -0.100789938990E-03
            4153        9 -0.604348081073E-04
            4153       10 -0.348279586314E-04
            4153       11 -0.188952080192E-04
            4153       12 -0.922375121007E-05
            4153       13 -0.354723554655E-05
            4153       14 -0.372094441029E-06
            4153       15  0.127489602512E-05
            4153       16  0.201581048709E-05
            4153       17  0.224275289886E-05
            4153       18  0.219363690078E-05
            4153       19  0.200261847552E-05
            4153       20  0.176332473018E-05
            4153       21  0.151594751540E-05
            4153       22  0.128531731375E-05
            4153       23  0.107899045693E-05
            4153       24  0.900907813139E-06
            4153       25  0.749709752311E-06
            4153       26  0.623157287104E-06
            4153       27  0.517525028054E-06
            4153       28  0.430082261596E-06
            4153       29  0.358265162136E-06
            4153       30  0.299304148170E-06
            4153       31  0.250442840641E-06
            4153       32  0.209940325447E-06
            4153       33  0.176563893993E-06
            4153       34  0.149080786189E-06
            4153       35  0.126254733715E-06
            4153       36  0.107206173231E-06
            4153       37  0.913595198897E-07
            4153       38  0.781714747906E-07
            4153       39  0.670980043179E-07
            4153       40  0.577627723160E-07
            4153       41  0.499126742495E-07
            4153       42  0.433073446274E-07
            4153       43  0.376110517853E-07
            4153       44  0.312129036231E-07
            4153       45  0.252370262040E-07
            4153       46  0.219721349004E-07
            4153       47  0.193595497627E-07
            4153       48  0.170737719905E-07
            4153       49  0.150882787565E-07
            4153       50  0.133597256849E-07
            4153       51  0.118515723546E-07
            4153       52  0.105329306651E-07
            4153       53  0.937762188270E-08
            4153       54  0.836340213395E-08
            4153       55  0.747132431687E-08
            4153       56  0.668521085343E-08
            4153       57  0.599121678282E-08
            4153       58  0.537746671157E-08
            4153       59  0.483375232303E-08
            4153       60  0.435127968507E-08
            4153       61  0.392245762152E-08
            4153       62  0.354072003654E-08
            4153       63  0.320037638637E-08
            4153       64  0.289648554547E-08
            4153       65  0.262474916497E-08
            4153       66  0.238142131168E-08
            4153       67  0.216323173733E-08
            4153       68  0.196732058501E-08
            4153       69  0.179118271479E-08
            4153       70  0.163262013637E-08
            4153       71  0.148970128950E-08
            4153       72  0.136072612023E-08
            4153       73  0.124419607268E-08
            4153       74  0.113878825772E-08
            4153       75  0.104333317828E-08
            4153       76  0.956795488282E-09
            4153       77  0.878257344196E-09
            4153       78  0.806903976271E-09
            4153       79  0.742011163312E-09
            4153       80  0.682934342885E-09
            4153       81  0.629099128860E-09
            4153       82  0.579993042027E-09
            4153       83  0.535158288011E-09
            4153       84  0.494185440780E-09
            4153       85  0.456707910416E-09
            4153       86  0.422397091133E-09
            4155        1  0.253427255608E-02
            4155        2  0.163760938232E-02
            4155        3  0.110592580685E-02
            4155        4  0.773278149574E-03
            4155        5  0.555790332890E-03
            4155        6  0.408400280480E-03
            4155        7  0.305801151611E-03
            4155        8  0.232856527141E-03
            4155        9  0.180086006236E-03
            4155       10  0.141314330311E-03
            4155       11  0.112398260196E-03
            4155       12  0.905079353310E-04
            4155       13  0.736877012861E-04
            4155       14  0.605793340513E-04
            4155       15  0.502325904957E-04
            4155       16  0.419745815857E-04
            4155       17  0.353168587569E-04
            4155       18  0.299022708826E-04
            4155       19  0.254708684738E-04
            4155       20  0.218086390258E-04
            4155       21  0.187666291878E-04
            4155       22  0.162215825253E-04
            4155       23  0.140818548262E-04
            4155       24  0.122712104775E-04
            4155       25  0.107335593076E-04
            4155       26  0.942098127436E-05
            4155       27  0.829539056940E-05
            4155       28  0.732530672781E-05
            4155       29  0.648929413287E-05
            4155       30  0.576760338393E-05
            4155       31  0.514063115273E-05
            4155       32  0.459213546345E-05
            4155       33  0.411216646477E-05
            4155       34  0.369174802060E-05
            4155       35  0.332197055537E-05
            4155       36  0.299530452085E-05
            4155       37  0.270662192901E-05
            4155       38  0.245113400120E-05
            4155       39  0.222409025483E-05
            4155       40  0.202152162815E-05
            4155       41  0.184070543683E-05
            4155       42  0.167907326570E-05
            4155       43  0.153412251758E-05
            4155       44  0.140385618013E-05
            4155       45  0.128664183858E-05
            4155       46  0.118114353412E-05
            4155       47  0.108577239002E-05
            4155       48  0.999478522930E-06
            4155       49  0.921286957953E-06
            4155       50  0.850323749687E-06
            4155       51  0.785821061325E-06
            4155       52  0.727102886701E-06
            4155       53  0.673572875783E-06
            4155       54  0.624703927669E-06
            4155       55  0.580029272821E-06
            4155       56  0.539134813428E-06
            4155       57  0.501652529320E-06
            4155       58  0.467254788625E-06
            4155       59  0.435649428447E-06
            4155       60  0.406575492457E-06
            4155       61  0.379799530151E-06
            4155       62  0.355112377436E-06
            4155       63  0.332326350548E-06
            4155       64  0.311272795662E-06
            4155       65  0.291799945225E-06
            4155       66  0.273771039305E-06
            4155       67  0.257062676328E-06
            4155       68  0.241563362795E-06
            4155       69  0.227172235871E-06
            4155       70  0.213797936432E-06
            4155       71  0.201357613327E-06
            4155       72  0.189776042235E-06
            4155       73  0.178984844750E-06
            4155       74  0.168921795341E-06
            4155       75  0.159530205374E-06
            4155       76  0.150758374929E-06
            4155       77  0.142559104246E-06
            4155       78  0.134889257777E-06
            4155       79  0.127709374652E-06
            4155       80  0.120983320208E-06
            4155       81  0.114677973837E-06
            4155       82  0.108762949064E-06
            4155       83  0.103210342204E-06
            4155       84  0.979945064448E-07
            4155       85  0.930918485335E-07
            4155       86  0.884806456183E-07
            4157        1 -0.637895564446E-02
            4157        2 -0.373371166714E-02
            4157        3 -0.216623466929E-02
            4157        4 -0.122992443603E-02
            4157        5 -0.673921368006E-03
            4157        6 -0.349260229241E-03
            4157        7 -0.165257206283E-03
            4157        8 -0.656175585007E-04
            4157        9 -0.153273605269E-04
            4157       10  0.718295034347E-05
            4157       11  0.148661549997E-04
            4157       12  0.152618690378E-04
            4157       13  0.125641159239E-04
            4157       14  0.897065696495E-05
            4157       15  0.553798743908E-05
            4157       16  0.269807213890E-05
            4157       17  0.554120505108E-06
            4157       18 -0.934216837758E-06
            4157       19 -0.190430157068E-05
            4157       20 -0.245898858798E-05
            4157       21 -0.272113424558E-05
            4157       22 -0.278208775690E-05
            4157       23 -0.271483804869E-05
            4157       24 -0.257232435345E-05
            4157       25 -0.238822142365E-05
            4157       26 -0.218705493016E-05
            4157       27 -0.198441092251E-05
            4157       28 -0.179039163741E-05
            4157       29 -0.160722420974E-05
            4157       30 -0.143730590204E-05
            4157       31 -0.128330870781E-05
            4157       32 -0.114620230063E-05
            4157       33 -0.102405369919E-05
            4157       34 -0.915433739180E-06
            4157       35 -0.819086341202E-06
            4157       36 -0.733789189158E-06
            4157       37 -0.658187336533E-06
            4157       38 -0.591214167769E-06
            4157       39 -0.531899780997E-06
            4157       40 -0.479338197590E-06
            4157       41 -0.432680295252E-06
            4157       42 -0.391212934115E-06
            4157       43 -0.354230132765E-06
            4157       44 -0.320643499762E-06
            4157       45 -0.291108560185E-06
            4157       46 -0.265523736357E-06
            4157       47 -0.242239779333E-06
            4157       48 -0.221344987407E-06
            4157       49 -0.202594062802E-06
            4157       50 -0.185733153560E-06
            4157       51 -0.170542329605E-06
            4157       52 -0.156830553860E-06
            4157       53 -0.144431469432E-06
            4157       54 -0.133199859464E-06
            4157       55 -0.123008663286E-06
            4157       56 -0.113746454129E-06
            4157       57 -0.105315300989E-06
            4157       58 -0.976289511933E-07
            4157       59 -0.906112814712E-07
            4157       60 -0.841949744811E-07
            4157       61 -0.783203851655E-07
            4157       62 -0.729345673658E-07
            4157       63 -0.679904360843E-07
            4157       64 -0.634460448513E-07
            4157       65 -0.592639610096E-07
            4157       66 -0.554107244902E-07
            4157       67 -0.518563779405E-07
            4157       68 -0.485740579797E-07
            4157       69 -0.455396389213E-07
            4157       70 -0.427314216379E-07
            4157       71 -0.401298613401E-07
            4157       72 -0.377173289726E-07
            4157       73 -0.354779017013E-07
            4157       74 -0.333971786360E-07
            4157       75 -0.314621184681E-07
            4157       76 -0.296608961915E-07
            4157       77 -0.279827764571E-07
            4157       78 -0.264180014581E-07
            4157       79 -0.249576915279E-07
            4157       80 -0.235937568793E-07
            4157       81 -0.223188191219E-07
            4157       82 -0.211261413785E-07
            4157       83 -0.200095659696E-07
            4157       84 -0.189634587744E-07
            4157       85 -0.179826594866E-07
            4157       86 -0.170624370829E-07
            4159        1  0.106978306961E-02
            4159        2  0.587276434662E-03
            4159        3  0.317090702069E-03
            4159        4  0.163154720126E-03
            4159        5  0.752712186942E-04
            4159        6  0.259865808464E-04
            4159        7 -0.336890028598E-06
            4159        8 -0.130730805969E-04
            4159        9 -0.180016725254E-04
            4159       10 -0.186929260224E-04
            4159       11 -0.172954313407E-04
            4159       12 -0.150490865450E-04
            4159       13 -0.126247480818E-04
            4159       14 -0.103551940720E-04
            4159       15 -0.838051673602E-05
            4159       16 -0.673689471990E-05
            4159       17 -0.540768276327E-05
            4159       18 -0.435349501988E-05
            4159       19 -0.352256708593E-05
            4159       20 -0.287292524828E-05
            4159       21 -0.236384200541E-05
            4159       22 -0.196398663580E-05
            4159       23 -0.164809572647E-05
            4159       24 -0.139636842209E-05
            4159       25 -0.119465596618E-05
            4159       26 -0.103133519252E-05
            4159       27 -0.897401386766E-06
            4159       28 -0.785961729672E-06
            4159       29 -0.693194777564E-06
            4159       30 -0.615467949581E-06
            4159       31 -0.549126261788E-06
            4159       32 -0.491466115328E-06
            4159       33 -0.441356161069E-06
            4159       34 -0.397674536653E-06
            4159       35 -0.359278629383E-06
            4159       36 -0.325285590718E-06
            4159       37 -0.295212853800E-06
            4159       38 -0.268550081967E-06
            4159       39 -0.244774904291E-06
            4159       40 -0.223479946423E-06
            4159       41 -0.204410741005E-06
            4159       42 -0.187296188129E-06
            4159       43 -0.171932315088E-06
            4159       44 -0.158779243013E-06
            4159       45 -0.147185128247E-06
            4159       46 -0.135944235548E-06
            4159       47 -0.125395583435E-06
            4159       48 -0.115781418776E-06
            4159       49 -0.107030758152E-06
            4159       50 -0.990553524279E-07
            4159       51 -0.917769926485E-07
            4159       52 -0.851262605586E-07
            4159       53 -0.790414466670E-07
            4159       54 -0.734676119863E-07
            4159       55 -0.683557731377E-07
            4159       56 -0.636621935267E-07
            4159       57 -0.593477658466E-07
            4159       58 -0.553774733287E-07
            4159       59 -0.517199189890E-07
            4159       60 -0.483469136753E-07
            4159       61 -0.452331150349E-07
            4159       62 -0.423557106472E-07
            4159       63 -0.396941395141E-07
            4159       64 -0.372298469148E-07
            4159       65 -0.349460683245E-07
            4159       66 -0.328276386874E-07
            4159       67 -0.308608238351E-07
            4159       68 -0.290331712821E-07
            4159       69 -0.273333779935E-07
            4159       70 -0.257511730408E-07
            4159       71 -0.242772133383E-07
            4159       72 -0.229029908833E-07
            4159       73 -0.216207501269E-07
            4159       74 -0.204234142840E-07
            4159       75 -0.193045195302E-07
            4159       76 -0.182581561777E-07
            4159       77 -0.172789160269E-07
            4159       78 -0.163618451905E-07
            4159       79 -0.155024017768E-07
            4159       80 -0.146964178876E-07
            4159       81 -0.139400654559E-07
            4159       82 -0.132298255007E-07
            4159       83 -0.125624604310E-07
            4159       84 -0.119349890680E-07
            4159       85 -0.113446640994E-07
            4159       86 -0.107889517055E-07
            4161        1 -0.148759638357E-02
            4161        2 -0.800605771400E-03
            4161        3 -0.402883600163E-03
            4161        4 -0.173977950213E-03
            4161        5 -0.469581241844E-04
            4161        6  0.190700835970E-04
            4161        7  0.492642975383E-04
            4161        8  0.592405947846E-04
            4161        9  0.585350197138E-04
            4161       10  0.528177112873E-04
            4161       11  0.452987171950E-04
            4161       12  0.376731606101E-04
            4161       13  0.307423894820E-04
            4161       14  0.248070104317E-04
            4161       15  0.199070576195E-04
            4161       16  0.159584578776E-04
            4161       17  0.128264935161E-04
            4161       18  0.103686471292E-04
            4161       19  0.844599601858E-05
            4161       20  0.694681943876E-05
            4161       21  0.577242832094E-05
            4161       22  0.484708328028E-05
            4161       23  0.411104420924E-05
            4161       24  0.351824830166E-05
            4161       25  0.303638184458E-05
            4161       26  0.264002573639E-05
            4161       27  0.231002493515E-05
            4161       28  0.203188384387E-05
            4161       29  0.179717975062E-05
            4161       30  0.159809879028E-05
            4161       31  0.142681350485E-05
            4161       32  0.127745963738E-05
            4161       33  0.114719970945E-05
            4161       34  0.103335272965E-05
            4161       35  0.933210074162E-06
            4161       36  0.844617819466E-06
            4161       37  0.766241335028E-06
            4161       38  0.696751096509E-06
            4161       39  0.634803235945E-06
            4161       40  0.579333560051E-06
            4161       41  0.529644795438E-06
            4161       42  0.485040082772E-06
            4161       43  0.444947129539E-06
            4161       44  0.410528454758E-06
            4161       45  0.380212690212E-06
            4161       46  0.350520515791E-06
            4161       47  0.323083350480E-06
            4161       48  0.298166124849E-06
            4161       49  0.275503883962E-06
            4161       50  0.254863935428E-06
            4161       51  0.236040387298E-06
            4161       52  0.218850760116E-06
            4161       53  0.203133062568E-06
            4161       54  0.188743262888E-06
            4161       55  0.175553098675E-06
            4161       56  0.163448176587E-06
            4161       57  0.152326320734E-06
            4161       58  0.142096134836E-06
            4161       59  0.132675748400E-06
            4161       60  0.123991721592E-06
            4161       61  0.115978087182E-06
            4161       62  0.108575511091E-06
            4161       63  0.101730555710E-06
            4161       64  0.953950324311E-07
            4161       65  0.895254317330E-07
            4161       66  0.840824207950E-07
            4161       67  0.790303999973E-07
            4161       68  0.743371108564E-07
            4161       69  0.699732889431E-07
            4161       70  0.659123562048E-07
            4161       71  0.621301478537E-07
            4161       72  0.586046696243E-07
            4161       73  0.553158817318E-07
            4161       74  0.522455063709E-07
            4161       75  0.493768559556E-07
            4161       76  0.466946796987E-07
            4161       77  0.441850263955E-07
            4161       78  0.418351215622E-07
            4161       79  0.396332573004E-07
            4161       80  0.375686934577E-07
            4161       81  0.356315688276E-07
            4161       82  0.338128212820E-07
            4161       83  0.321041158623E-07
            4161       84  0.304977799673E-07
            4161       85  0.289867448776E-07
            4161       86  0.275644929445E-07
            4163        1 -0.106307748235E-02
            4163        2 -0.601198312020E-03
            4163        3 -0.316030576367E-03
            4163        4 -0.145401422669E-03
            4163        5 -0.477552985983E-04
            4163        6  0.444838327422E-05
            4163        7  0.293462446048E-04
            4163        8  0.385261343937E-04
            4163        9  0.392169419691E-04
            4163       10  0.357819598513E-04
            4163       11  0.307356700945E-04
            4163       12  0.254434045826E-04
            4163       13  0.205764249745E-04
            4163       14  0.164023589514E-04
            4163       15  0.129718351674E-04
            4163       16  0.102294054148E-04
            4163       17  0.807714859860E-05
            4163       18  0.640896233608E-05
            4163       19  0.512287737859E-05
            4163       20  0.413769256892E-05
            4163       21  0.338075380821E-05
            4163       22  0.279675080828E-05
            4163       23  0.234228431159E-05
            4163       24  0.198396955967E-05
            4163       25  0.169849663795E-05
            4163       26  0.146773643887E-05
            4163       27  0.127839999427E-05
            4163       28  0.112064392117E-05
            4163       29  0.989086763748E-06
            4163       30  0.878651536576E-06
            4163       31  0.784223024551E-06
            4163       32  0.702100800902E-06
            4163       33  0.630715600452E-06
            4163       34  0.568502643047E-06
            4163       35  0.513860633041E-06
            4163       36  0.465550973108E-06
            4163       37  0.422853942233E-06
            4163       38  0.385007057769E-06
            4163       39  0.351228473080E-06
            4163       40  0.320928134598E-06
            4163       41  0.293756903514E-06
            4163       42  0.269347108766E-06
            4163       43  0.247303134496E-06
            4163       44  0.227482724356E-06
            4163       45  0.210247108661E-06
            4163       46  0.194137938562E-06
            4163       47  0.179151118690E-06
            4163       48  0.165516857478E-06
            4163       49  0.153095249817E-06
            4163       50  0.141763944818E-06
            4163       51  0.131414278105E-06
            4163       52  0.121949606556E-06
            4163       53  0.113283859567E-06
            4163       54  0.105340277317E-06
            4163       55  0.980503106161E-07
            4163       56  0.913526604947E-07
            4163       57  0.851924387437E-07
            4163       58  0.795204332482E-07
            4163       59  0.742924642090E-07
            4163       60  0.694688192820E-07
            4163       61  0.650137573137E-07
            4163       62  0.608950717809E-07
            4163       63  0.570837062516E-07
            4163       64  0.535534152285E-07
            4163       65  0.502804646386E-07
            4163       66  0.472433669967E-07
            4163       67  0.444226469276E-07
            4163       68  0.418006333155E-07
            4163       69  0.393612748216E-07
            4163       70  0.370899759455E-07
            4163       71  0.349734511665E-07
            4163       72  0.329995950178E-07
            4163       73  0.311573662114E-07
            4163       74  0.294366841838E-07
            4163       75  0.278283366143E-07
            4163       76  0.263238966700E-07
            4163       77  0.249156488647E-07
            4163       78  0.235965225659E-07
            4163       79  0.223600322967E-07
            4163       80  0.212002240809E-07
            4163       81  0.201116271699E-07
            4163       82  0.190892105666E-07
            4163       83  0.181283438306E-07
            4163       84  0.172247617082E-07
            4163       85  0.163745321820E-07
            4163       86  0.155740275829E-07
            4165        1  0.271624268558E-05
            4165        2 -0.572007650666E-04
            4165        3 -0.977292685968E-04
            4165        4 -0.123494590177E-03
            4165        5 -0.136055953434E-03
            4165        6 -0.138599708777E-03
            4165        7 -0.134310322589E-03
            4165        8 -0.125859779691E-03
            4165        9 -0.115229305333E-03
            4165       10 -0.103808376787E-03
            4165       11 -0.924944601424E-04
            4165       12 -0.818168189075E-04
            4165       13 -0.720420709347E-04
            4165       14 -0.632744850480E-04
            4165       15 -0.555203165548E-04
            4165       16 -0.487287343473E-04
            4165       17 -0.428195944534E-04
            4165       18 -0.376976758214E-04
            4165       19 -0.332684477709E-04
            4165       20 -0.294382671595E-04
            4165       21 -0.261252301695E-04
            4165       22 -0.232531843231E-04
            4165       23 -0.207584093351E-04
            4165       24 -0.185838750426E-04
            4165       25 -0.166847711776E-04
            4165       26 -0.150207369727E-04
            4165       27 -0.135580706105E-04
            4165       28 -0.122671013804E-04
            4165       29 -0.111269748474E-04
            4165       30 -0.101187026148E-04
            4165       31 -0.922318592285E-05
            4165       32 -0.842327757033E-05
            4165       33 -0.770815586170E-05
            4165       34 -0.706819166006E-05
            4165       35 -0.649371160072E-05
            4165       36 -0.597604219146E-05
            4165       37 -0.550922426596E-05
            4165       38 -0.508773598371E-05
            4165       39 -0.470603879874E-05
            4165       40 -0.435924970380E-05
            4165       41 -0.404394643880E-05
            4165       42 -0.375690572525E-05
            4165       43 -0.349487371254E-05
            4165       44 -0.325476773258E-05
            4165       45 -0.303513097034E-05
            4165       46 -0.283430703270E-05
            4165       47 -0.264978442724E-05
            4165       48 -0.248004931054E-05
            4165       49 -0.232371615857E-05
            4165       50 -0.217953218626E-05
            4165       51 -0.204637946939E-05
            4165       52 -0.192325855875E-05
            4165       53 -0.180927430762E-05
            4165       54 -0.170362358379E-05
            4165       55 -0.160558459108E-05
            4165       56 -0.151450756869E-05
            4165       57 -0.142980667322E-05
            4165       58 -0.135095287784E-05
            4165       59 -0.127746774898E-05
            4165       60 -0.120891798099E-05
            4165       61 -0.114491058765E-05
            4165       62 -0.108508866349E-05
            4165       63 -0.102912764098E-05
            4165       64 -0.976731979604E-06
            4165       65 -0.927632232162E-06
            4165       66 -0.881582440997E-06
            4165       67 -0.838357823413E-06
            4165       68 -0.797752710895E-06
            4165       69 -0.759578711590E-06
            4165       70 -0.723663069428E-06
            4165       71 -0.689847196726E-06
            4165       72 -0.657985360136E-06
            4165       73 -0.627943502283E-06
            4165       74 -0.599598183696E-06
            4165       75 -0.572835631509E-06
            4165       76 -0.547550883103E-06
            4165       77 -0.523647014227E-06
            4165       78 -0.501034442474E-06
            4165       79 -0.479630297969E-06
            4165       80 -0.459357854169E-06
            4165       81 -0.440146012436E-06
            4165       82 -0.421928834795E-06
            4165       83 -0.404645119925E-06
            4165       84 -0.388238017973E-06
            4165       85 -0.372654680276E-06
            4165       86 -0.357845940511E-06
            4167        1  0.337795447392E-02
            4167        2  0.214224260763E-02
            4167        3  0.138551466100E-02
            4167        4  0.901537096773E-03
            4167        5  0.585499675609E-03
            4167        6  0.377264371588E-03
            4167        7  0.240272336193E-03
            4167        8  0.150713087206E-03
            4167        9  0.926567642663E-04
            4167       10  0.553473220844E-04
            4167       11  0.316297741788E-04
            4167       12  0.167671243470E-04
            4167       13  0.763868794128E-05
            4167       14  0.218908358488E-05
            4167       15 -0.934391523801E-06
            4167       16 -0.260570223990E-05
            4167       17 -0.343516311893E-05
            4167       18 -0.370946782979E-05
            4167       19 -0.370656354089E-05
            4167       20 -0.356286419495E-05
            4167       21 -0.333838348191E-05
            4167       22 -0.308585366083E-05
            4167       23 -0.282887315278E-05
            4167       24 -0.258263728646E-05
            4167       25 -0.235169226105E-05
            4167       26 -0.214052258591E-05
            4167       27 -0.194697143251E-05
            4167       28 -0.177607304743E-05
            4167       29 -0.162576550915E-05
            4167       30 -0.149009357836E-05
            4167       31 -0.136408457722E-05
            4167       32 -0.125219524822E-05
            4167       33 -0.115375539599E-05
            4167       34 -0.106518878561E-05
            4167       35 -0.983489743800E-06
            4167       36 -0.910142680582E-06
            4167       37 -0.844475131519E-06
            4167       38 -0.784729239730E-06
            4167       39 -0.729483338536E-06
            4167       40 -0.679461909755E-06
            4167       41 -0.634214771752E-06
            4167       42 -0.592837004100E-06
            4167       43 -0.554495580099E-06
            4167       44 -0.517233992427E-06
            4167       45 -0.479990524414E-06
            4167       46 -0.448860024063E-06
            4167       47 -0.422214802208E-06
            4167       48 -0.397475946000E-06
            4167       49 -0.374422449922E-06
            4167       50 -0.352931088905E-06
            4167       51 -0.332887102095E-06
            4167       52 -0.314183891592E-06
            4167       53 -0.296722643588E-06
            4167       54 -0.280411903909E-06
            4167       55 -0.265167131070E-06
            4167       56 -0.250910243323E-06
            4167       57 -0.237569171146E-06
            4167       58 -0.225077423038E-06
            4167       59 -0.213373669755E-06
            4167       60 -0.202401350145E-06
            4167       61 -0.192108300320E-06
            4167       62 -0.182446406841E-06
            4167       63 -0.173371283905E-06
            4167       64 -0.164841973973E-06
            4167       65 -0.156820670970E-06
            4167       66 -0.149272464959E-06
            4167       67 -0.142165107056E-06
            4167       68 -0.135468793323E-06
            4167       69 -0.129155966318E-06
            4167       70 -0.123201133034E-06
            4167       71 -0.117580697983E-06
            4167       72 -0.112272810242E-06
            4167       73 -0.107257223337E-06
            4167       74 -0.102515166915E-06
            4167       75 -0.980292292187E-07
            4167       76 -0.937832494602E-07
            4167       77 -0.897622192421E-07
            4167       78 -0.859521922595E-07
            4167       79 -0.823402015622E-07
            4167       80 -0.789141837261E-07
            4167       81 -0.756629093354E-07
            4167       82 -0.725759192244E-07
            4167       83 -0.696434659842E-07
            4167       84 -0.668564602710E-07
            4167       85 -0.642064215052E-07
            4167       86 -0.616854325780E-07
            4169        1  0.125229299419E-03
            4169        2  0.179737213076E-03
            4169        3  0.155841892902E-03
            4169        4  0.117359989878E-03
            4169        5  0.827740835795E-04
            4169        6  0.564226292400E-04
            4169        7  0.375844736853E-04
            4169        8  0.246255905378E-04
            4169        9  0.159591459958E-04
            4169       10  0.103008521712E-04
            4169       11  0.667241033424E-05
            4169       12  0.437706558474E-05
            4169       13  0.294512633974E-05
            4169       14  0.206076809139E-05
            4169       15  0.151597362427E-05
            4169       16  0.118080180092E-05
            4169       17  0.977727128305E-06
            4169       18  0.847528879887E-06
            4169       19  0.765162090935E-06
            4169       20  0.706103427456E-06
            4169       21  0.660112186534E-06
            4169       22  0.621123755216E-06
            4169       23  0.586381876680E-06
            4169       24  0.553700777963E-06
            4169       25  0.522676398037E-06
            4169       26  0.493026650519E-06
            4169       27  0.464652486232E-06
            4169       28  0.437652844456E-06
            4169       29  0.412037256281E-06
            4169       30  0.387575350481E-06
            4169       31  0.364092589138E-06
            4169       32  0.341877507310E-06
            4169       33  0.321010634575E-06
            4169       34  0.301326870417E-06
            4169       35  0.282697076829E-06
            4169       36  0.265256541790E-06
            4169       37  0.248990064850E-06
            4169       38  0.233771759442E-06
            4169       39  0.219494961015E-06
            4169       40  0.206186603029E-06
            4169       41  0.193794795318E-06
            4169       42  0.182217498945E-06
            4169       43  0.171329559972E-06
            4169       44  0.161029251003E-06
            4169       45  0.152201424103E-06
            4169       46  0.143968207445E-06
            4169       47  0.135677679279E-06
            4169       48  0.127893096758E-06
            4169       49  0.120626697594E-06
            4169       50  0.113841686557E-06
            4169       51  0.107503667187E-06
            4169       52  0.101580579913E-06
            4169       53  0.960426120131E-07
            4169       54  0.908620898041E-07
            4169       55  0.860133606756E-07
            4169       56  0.814726704678E-07
            4169       57  0.772180401017E-07
            4169       58  0.732291442167E-07
            4169       59  0.694871936859E-07
            4169       60  0.659748232346E-07
            4169       61  0.626759849139E-07
            4169       62  0.595758478296E-07
            4169       63  0.566607042805E-07
            4169       64  0.539178822777E-07
            4169       65  0.513356642957E-07
            4169       66  0.489032120202E-07
            4169       67  0.466104968061E-07
            4169       68  0.444482355253E-07
            4169       69  0.424078314709E-07
            4169       70  0.404813199794E-07
            4169       71  0.386613184365E-07
            4169       72  0.369409803437E-07
            4169       73  0.353139531355E-07
            4169       74  0.337743394530E-07
            4169       75  0.323166615983E-07
            4169       76  0.309358289116E-07
            4169       77  0.296271078289E-07
            4169       78  0.283860944007E-07
            4169       79  0.272086890630E-07
            4169       80  0.260910734726E-07
            4169       81  0.250296892325E-07
            4169       82  0.240212183465E-07
            4169       83  0.230625652571E-07
            4169       84  0.221508403323E-07
            4169       85  0.212833446786E-07
            4169       86  0.204575561668E-07
            4171        1 -0.117086166465E-02
            4171        2 -0.812454624006E-03
            4171        3 -0.553794853853E-03
            4171        4 -0.371892970252E-03
            4171        5 -0.246435410473E-03
            4171        6 -0.161206953020E-03
            4171        7 -0.104155899908E-03
            4171        8 -0.664999266138E-04
            4171        9 -0.419752673065E-04
            4171       10 -0.262105144718E-04
            4171       11 -0.162197457898E-04
            4171       12 -0.997708375798E-05
            4171       13 -0.613815357196E-05
            4171       14 -0.382261529925E-05
            4171       15 -0.245708234372E-05
            4171       16 -0.167019078720E-05
            4171       17 -0.123183495788E-05
            4171       18 -0.987454714447E-06
            4171       19 -0.863315672589E-06
            4171       20 -0.799097087278E-06
            4171       21 -0.766658326353E-06
            4171       22 -0.748405892593E-06
            4171       23 -0.734456286029E-06
            4171       24 -0.718251257589E-06
            4171       25 -0.699034123765E-06
            4171       26 -0.676942439197E-06
            4171       27 -0.652273442445E-06
            4171       28 -0.625665282769E-06
            4171       29 -0.597635271345E-06
            4171       30 -0.568707602640E-06
            4171       31 -0.539489749488E-06
            4171       32 -0.510832511220E-06
            4171       33 -0.482963859452E-06
            4171       34 -0.455919338599E-06
            4171       35 -0.429796182712E-06
            4171       36 -0.404941263193E-06
            4171       37 -0.381395721789E-06
            4171       38 -0.359103165499E-06
            4171       39 -0.338042291145E-06
            4171       40 -0.318308609026E-06
            4171       41 -0.299843652831E-06
            4171       42 -0.282548792165E-06
            4171       43 -0.266210334930E-06
            4171       44 -0.249070318536E-06
            4171       45 -0.232141981958E-06
            4171       46 -0.218645755776E-06
            4171       47 -0.206685121009E-06
            4171       48 -0.195455195294E-06
            4171       49 -0.184901318626E-06
            4171       50 -0.174985407644E-06
            4171       51 -0.165670143182E-06
            4171       52 -0.156919363450E-06
            4171       53 -0.148698327355E-06
            4171       54 -0.140973880212E-06
            4171       55 -0.133714546580E-06
            4171       56 -0.126890569179E-06
            4171       57 -0.120473908335E-06
            4171       58 -0.114438213039E-06
            4171       59 -0.108758772031E-06
            4171       60 -0.103412451310E-06
            4171       61 -0.983776229194E-07
            4171       62 -0.936340886166E-07
            4171       63 -0.891630011576E-07
            4171       64 -0.849467851738E-07
            4171       65 -0.809690590956E-07
            4171       66 -0.772145591443E-07
            4171       67 -0.736690661043E-07
            4171       68 -0.703193353341E-07
            4171       69 -0.671530303018E-07
            4171       70 -0.641586597825E-07
            4171       71 -0.613255187625E-07
            4171       72 -0.586436330143E-07
            4171       73 -0.561037072555E-07
            4171       74 -0.536970767693E-07
            4171       75 -0.514156623340E-07
            4171       76 -0.492519283012E-07
            4171       77 -0.471988436466E-07
            4171       78 -0.452498458205E-07
            4171       79 -0.433988072200E-07
            4171       80 -0.416400041143E-07
            4171       81 -0.399680878558E-07
            4171       82 -0.383780582176E-07
            4171       83 -0.368652387082E-07
            4171       84 -0.354252537187E-07
            4171       85 -0.340540073682E-07
            4171       86 -0.327476639218E-07
            4173        1 -0.123121272819E-02
            4173        2 -0.844821067264E-03
            4173        3 -0.577154504756E-03
            4173        4 -0.391323325390E-03
            4173        5 -0.263351021441E-03
            4173        6 -0.176148074437E-03
            4173        7 -0.117419363990E-03
            4173        8 -0.782546111095E-04
            4173        9 -0.523182166968E-04
            4173       10 -0.352314243756E-04
            4173       11 -0.240374711168E-04
            4173       12 -0.167397762439E-04
            4173       13 -0.119986577972E-04
            4173       14 -0.892102189713E-05
            4173       15 -0.691309654975E-05
            4173       16 -0.558145392437E-05
            4173       17 -0.467661136866E-05
            4173       18 -0.403042124517E-05
            4173       19 -0.355866095873E-05
            4173       20 -0.319256877746E-05
            4173       21 -0.289657151953E-05
            4173       22 -0.264720621146E-05
            4173       23 -0.243134828501E-05
            4173       24 -0.223914541978E-05
            4173       25 -0.206596896898E-05
            4173       26 -0.190849519779E-05
            4173       27 -0.176457048740E-05
            4173       28 -0.163261746050E-05
            4173       29 -0.151151028052E-05
            4173       30 -0.140017855897E-05
            4173       31 -0.129762643744E-05
            4173       32 -0.120332741645E-05
            4173       33 -0.111669298819E-05
            4173       34 -0.103699146498E-05
            4173       35 -0.963548009383E-06
            4173       36 -0.896029264891E-06
            4173       37 -0.834004498883E-06
            4173       38 -0.776958219497E-06
            4173       39 -0.724407508751E-06
            4173       40 -0.676045639574E-06
            4173       41 -0.631533401523E-06
            4173       42 -0.590499258387E-06
            4173       43 -0.552544500913E-06
            4173       44 -0.517150870683E-06
            4173       45 -0.485119492542E-06
            4173       46 -0.455637694642E-06
            4173       47 -0.427954520728E-06
            4173       48 -0.402266312832E-06
            4173       49 -0.378421054619E-06
            4173       50 -0.356269002508E-06
            4173       51 -0.335673492649E-06
            4173       52 -0.316509800447E-06
            4173       53 -0.298664082498E-06
            4173       54 -0.282032400912E-06
            4173       55 -0.266519827856E-06
            4173       56 -0.252039626736E-06
            4173       57 -0.238512505505E-06
            4173       58 -0.225865937243E-06
            4173       59 -0.214033542955E-06
            4173       60 -0.202954531571E-06
            4173       61 -0.192573192306E-06
            4173       62 -0.182838434765E-06
            4173       63 -0.173703372462E-06
            4173       64 -0.165124945745E-06
            4173       65 -0.157063580399E-06
            4173       66 -0.149482878537E-06
            4173       67 -0.142349338673E-06
            4173       68 -0.135632102148E-06
            4173       69 -0.129302723347E-06
            4173       70 -0.123334961389E-06
            4173       71 -0.117704591198E-06
            4173       72 -0.112389232057E-06
            4173       73 -0.107368191943E-06
            4173       74 -0.102622326110E-06
            4173       75 -0.981339085387E-07
            4173       76 -0.938865149999E-07
            4173       77 -0.898649166242E-07
            4173       78 -0.860549829637E-07
            4173       79 -0.824435936392E-07
            4173       80 -0.790185577605E-07
            4173       81 -0.757685403845E-07
            4173       82 -0.726829953471E-07
            4173       83 -0.697521038795E-07
            4173       84 -0.669667184654E-07
            4173       85 -0.643183114601E-07
            4173       86 -0.617989280336E-07
            4175        1 -0.140317310837E-02
            4175        2 -0.859004767033E-03
            4175        3 -0.528406516539E-03
            4175        4 -0.320609291256E-03
            4175        5 -0.186751946777E-03
            4175        6 -0.999789681224E-04
            4175        7 -0.443000134994E-04
            4175        8 -0.957019474985E-05
            4175        9  0.110619956516E-04
            4175       10  0.223534943695E-04
            4175       11  0.275988627341E-04
            4175       12  0.290742935512E-04
            4175       13  0.283275181890E-04
            4175       14  0.263789199838E-04
            4175       15  0.238773551246E-04
            4175       16  0.212163724199E-04
            4175       17  0.186250762114E-04
            4175       18  0.162202518511E-04
            4175       19  0.140529839991E-04
            4175       20  0.121401834621E-04
            4175       21  0.104727469036E-04
            4175       22  0.903101431934E-05
            4175       23  0.779289249950E-05
            4175       24  0.673399720198E-05
            4175       25  0.583080121485E-05
            4175       26  0.506087935304E-05
            4175       27  0.440447673315E-05
            4175       28  0.384358862671E-05
            4175       29  0.336477659180E-05
            4175       30  0.295612067987E-05
            4175       31  0.260575126570E-05
            4175       32  0.230296610758E-05
            4175       33  0.204111287986E-05
            4175       34  0.181458990269E-05
            4175       35  0.161782266512E-05
            4175       36  0.144582008662E-05
            4175       37  0.129537081032E-05
            4175       38  0.116366070506E-05
            4175       39  0.104788647426E-05
            4175       40  0.945530345481E-06
            4175       41  0.854973690317E-06
            4175       42  0.774776455482E-06
            4175       43  0.703512286106E-06
            4175       44  0.640060573073E-06
            4175       45  0.584003442289E-06
            4175       46  0.533635085931E-06
            4175       47  0.487984548974E-06
            4175       48  0.446934047052E-06
            4175       49  0.409974902157E-06
            4175       50  0.376637803415E-06
            4175       51  0.346514096434E-06
            4175       52  0.319247091950E-06
            4175       53  0.294524737698E-06
            4175       54  0.272073421837E-06
            4175       55  0.251652718558E-06
            4175       56  0.233050920570E-06
            4175       57  0.216081230663E-06
            4175       58  0.200578506897E-06
            4175       59  0.186396474081E-06
            4175       60  0.173405329061E-06
            4175       61  0.161489679427E-06
            4175       62  0.150546765253E-06
            4175       63  0.140484921654E-06
            4175       64  0.131222246731E-06
            4175       65  0.122685445107E-06
            4175       66  0.114808821889E-06
            4175       67  0.107533405792E-06
            4175       68  0.100806183401E-06
            4175       69  0.945794292514E-07
            4175       70  0.888101186839E-07
            4175       71  0.834594123615E-07
            4175       72  0.784922029249E-07
            4175       73  0.738767156314E-07
            4175       74  0.695841559977E-07
            4175       75  0.655883984045E-07
            4175       76  0.618657104991E-07
            4175       77  0.583945089008E-07
            4175       78  0.551551423450E-07
            4175       79  0.521296989077E-07
            4175       80  0.493018343977E-07
            4175       81  0.466566193853E-07
            4175       82  0.441804026614E-07
            4175       83  0.418606892052E-07
            4175       84  0.396860309797E-07
            4175       85  0.376459290858E-07
            4175       86  0.357307459872E-07
            4177        1  0.633359652316E-01
            4177        2  0.412215911324E-01
            4177        3  0.264718062249E-01
            4177        4  0.167213097566E-01
            4177        5  0.103458440285E-01
            4177        6  0.622978556909E-02
            4177        7  0.361195584692E-02
            4177        8  0.197656814411E-02
            4177        9  0.977401583505E-03
            4177       10  0.384519138557E-03
            4177       11  0.469661206751E-04
            4177       12 -0.133121168761E-03
            4177       13 -0.218371617576E-03
            4177       14 -0.248313362630E-03
            4177       15 -0.247487518510E-03
            4177       16 -0.230813609605E-03
            4177       17 -0.207187191374E-03
            4177       18 -0.181634800609E-03
            4177       19 -0.156713615822E-03
            4177       20 -0.133993269478E-03
            4177       21 -0.113899556733E-03
            4177       22 -0.965208497007E-04
            4177       23 -0.816852120294E-04
            4177       24 -0.691463007645E-04
            4177       25 -0.586082435071E-04
            4177       26 -0.497754087903E-04
            4177       27 -0.423708669098E-04
            4177       28 -0.361583467695E-04
            4177       29 -0.309632448022E-04
            4177       30 -0.266188109869E-04
            4177       31 -0.229597754642E-04
            4177       32 -0.198565002869E-04
            4177       33 -0.172291705647E-04
            4177       34 -0.150034581525E-04
            4177       35 -0.131058791505E-04
            4177       36 -0.114791192145E-04
            4177       37 -0.100857339737E-04
            4177       38 -0.889018530982E-05
            4177       39 -0.785744348466E-05
            4177       40 -0.696070691962E-05
            4177       41 -0.618223550751E-05
            4177       42 -0.550504395416E-05
            4177       43 -0.491230304065E-05
            4177       44 -0.439137825096E-05
            4177       45 -0.393818049820E-05
            4177       46 -0.353849508640E-05
            4177       47 -0.318315583929E-05
            4177       48 -0.286843352900E-05
            4177       49 -0.258921374511E-05
            4177       50 -0.234101172863E-05
            4177       51 -0.211996805581E-05
            4177       52 -0.192275348573E-05
            4177       53 -0.174648946225E-05
            4177       54 -0.158868150692E-05
            4177       55 -0.144716325956E-05
            4177       56 -0.132004933958E-05
            4177       57 -0.120569553532E-05
            4177       58 -0.110266509801E-05
            4177       59 -0.100970013528E-05
            4177       60 -0.925697275111E-06
            4177       61 -0.849686915605E-06
            4177       62 -0.780815492619E-06
            4177       63 -0.718330293662E-06
            4177       64 -0.661566425009E-06
            4177       65 -0.609935603782E-06
            4177       66 -0.562916500243E-06
            4177       67 -0.520046399743E-06
            4177       68 -0.480913990301E-06
            4177       69 -0.445153112450E-06
            4177       70 -0.412437333136E-06
            4177       71 -0.382475226802E-06
            4177       72 -0.355006264487E-06
            4177       73 -0.329797226597E-06
            4177       74 -0.306639067529E-06
            4177       75 -0.285344170912E-06
            4177       76 -0.265743943039E-06
            4177       77 -0.247686699624E-06
            4177       78 -0.231035807391E-06
            4177       79 -0.215668047384E-06
            4177       80 -0.201472171510E-06
            4177       81 -0.188347627739E-06
            4177       82 -0.176203432723E-06
            4177       83 -0.164957173465E-06
            4177       84 -0.154534122131E-06
            4177       85 -0.144866450164E-06
            4177       86 -0.135892529714E-06
            4178        1 -0.459388897282E-04
            4178        2 -0.204467312488E-04
            4178        3 -0.983814586747E-05
            4178        4 -0.543813141519E-05
            4178        5 -0.340984063325E-05
            4178        6 -0.232448444290E-05
            4178        7 -0.161992307635E-05
            4178        8 -0.108820830399E-05
            4178        9 -0.695310256219E-06
            4178       10 -0.414249404761E-06
            4178       11 -0.230631094463E-06
            4178       12 -0.119883300219E-06
            4178       13 -0.583045875709E-07
            4178       14 -0.242638537115E-07
            4178       15 -0.435309261777E-08
            4178       16  0.738227577237E-08
            4178       17  0.126391564950E-07
            4178       18  0.140605558405E-07
            4178       19  0.130951123698E-07
            4178       20  0.118164125235E-07
            4178       21  0.975977747497E-08
            4178       22  0.711645101285E-08
            4178       23  0.487049238732E-08
            4178       24  0.368815836226E-08
            4178       25  0.290036556070E-08
            4178       26  0.220924853137E-08
            4178       27  0.158983502466E-08
            4178       28  0.115447772399E-08
            4178       29  0.856085722538E-09
            4178       30  0.640564962269E-09
            4178       31  0.470557799995E-09
            4178       32  0.378436850780E-09
            4178       33  0.334814441729E-09
            4178       34  0.320323431011E-09
            4178       35  0.320781296979E-09
            4178       36  0.331071215350E-09
            4178       37  0.344295225802E-09
            4178       38  0.367292726162E-09
            4178       39  0.409523788902E-09
            4178       40  0.472935879815E-09
            4178       41  0.538938546906E-09
            4178       42  0.592600702633E-09
            4178       43  0.637741987069E-09
            4178       44  0.575148679168E-09
            4178       45  0.145358981031E-09
            4178       46  0.793442038434E-12
            4178       47  0.395371974854E-11
            4178       48  0.352783146665E-11
            4178       49  0.315367732080E-11
            4178       50  0.282428302251E-11
            4178       51  0.253370472466E-11
            4178       52  0.227686382535E-11
            4178       53  0.204941028487E-11
            4178       54  0.184760917980E-11
            4178       55  0.166824626645E-11
            4178       56  0.150854916037E-11
            4178       57  0.136612137068E-11
            4178       58  0.123888692683E-11
            4178       59  0.112504380970E-11
            4178       60  0.102302466366E-11
            4178       61  0.931463580963E-12
            4178       62  0.849167959783E-12
            4178       63  0.775094593899E-12
            4178       64  0.708329324055E-12
            4178       65  0.648069673821E-12
            4178       66  0.593610010434E-12
            4178       67  0.544328828896E-12
            4178       68  0.499677838521E-12
            4178       69  0.459172577360E-12
            4178       70  0.422384324326E-12
            4178       71  0.388933119378E-12
            4178       72  0.358481724148E-12
            4178       73  0.330730393760E-12
            4178       74  0.305412334530E-12
            4178       75  0.282289762375E-12
            4178       76  0.261150464814E-12
            4178       77  0.241804805470E-12
            4178       78  0.224083108252E-12
            4178       79  0.207833367348E-12
            4178       80  0.192919242641E-12
            4178       81  0.179218298963E-12
            4178       82  0.166620461878E-12
            4178       83  0.155026656024E-12
            4178       84  0.144347608111E-12
            4178       85  0.134502788378E-12
            4178       86  0.125419478009E-12
