            4698        1 -0.408677145898E-03
            4698        2 -0.216056499926E-03
            4698        3 -0.121326604393E-03
            4698        4 -0.721914134199E-04
            4698        5 -0.452166525238E-04
            4698        6 -0.294388358250E-04
            4698        7 -0.197690238527E-04
            4698        8 -0.136330900440E-04
            4698        9 -0.960195713618E-05
            4698       10 -0.686790248241E-05
            4698       11 -0.498241305057E-05
            4698       12 -0.366537609332E-05
            4698       13 -0.272973393572E-05
            4698       14 -0.205854652275E-05
            4698       15 -0.157337448185E-05
            4698       16 -0.121744589766E-05
            4698       17 -0.950743473606E-06
            4698       18 -0.748046099257E-06
            4698       19 -0.593070652579E-06
            4698       20 -0.474022170279E-06
            4698       21 -0.382541893859E-06
            4698       22 -0.311904873010E-06
            4698       23 -0.256887556459E-06
            4698       24 -0.213508764078E-06
            4698       25 -0.178977802780E-06
            4698       26 -0.151079701833E-06
            4698       27 -0.128278475314E-06
            4698       28 -0.109411918822E-06
            4698       29 -0.937781187381E-07
            4698       30 -0.807614996337E-07
            4698       31 -0.697564495310E-07
            4698       32 -0.602934923491E-07
            4698       33 -0.521545276056E-07
            4698       34 -0.451701160538E-07
            4698       35 -0.391758222553E-07
            4698       36 -0.340293781660E-07
            4698       37 -0.296061190754E-07
            4698       38 -0.257874349017E-07
            4698       39 -0.224582887786E-07
            4698       40 -0.195369809907E-07
            4698       41 -0.169976378560E-07
            4698       42 -0.148242031820E-07
            4698       43 -0.130198339807E-07
            4698       44 -0.101973200744E-07
            4698       45 -0.322264315662E-08
            4698       46  0.321216885759E-09
            4698       47  0.422372051448E-09
            4698       48  0.376972304542E-09
            4698       49  0.337077190765E-09
            4698       50  0.301945831932E-09
            4698       51  0.270946657284E-09
            4698       52  0.243539902959E-09
            4698       53  0.219263126920E-09
            4698       54  0.197719183995E-09
            4698       55  0.178566214433E-09
            4698       56  0.161509285381E-09
            4698       57  0.146293393523E-09
            4698       58  0.132697591722E-09
            4698       59  0.120530046533E-09
            4698       60  0.109623868717E-09
            4698       61  0.998335873681E-10
            4698       62  0.910321613182E-10
            4698       63  0.831084401667E-10
            4698       64  0.759650025048E-10
            4698       65  0.695163113280E-10
            4698       66  0.636871367948E-10
            4698       67  0.584112048127E-10
            4698       68  0.536300368199E-10
            4698       69  0.492919517750E-10
            4698       70  0.453512060503E-10
            4698       71  0.417672508056E-10
            4698       72  0.385040896429E-10
            4698       73  0.355297220238E-10
            4698       74  0.328156601684E-10
            4698       75  0.303365090394E-10
            4698       76  0.280696005688E-10
            4698       77  0.259946746209E-10
            4698       78  0.240936002777E-10
            4698       79  0.223501319862E-10
            4698       80  0.207496958843E-10
            4698       81  0.192792022997E-10
            4698       82  0.179268809795E-10
            4698       83  0.166821360954E-10
            4698       84  0.155354184728E-10
            4698       85  0.144781128518E-10
            4698       86  0.135024382784E-10
            4700        1  0.189241358795E-02
            4700        2  0.117226586793E-02
            4700        3  0.766367110660E-03
            4700        4  0.522582518773E-03
            4700        5  0.368402287783E-03
            4700        6  0.266465638655E-03
            4700        7  0.196929835243E-03
            4700        8  0.148343799709E-03
            4700        9  0.113688014655E-03
            4700       10  0.885095511072E-04
            4700       11  0.699073642275E-04
            4700       12  0.559412460230E-04
            4700       13  0.452887734474E-04
            4700       14  0.370472379871E-04
            4700       15  0.305880152802E-04
            4700       16  0.254642294088E-04
            4700       17  0.213526060426E-04
            4700       18  0.180214546277E-04
            4700       19  0.153050918525E-04
            4700       20  0.130687373934E-04
            4700       21  0.112183706113E-04
            4700       22  0.967606860732E-05
            4700       23  0.838394026922E-05
            4700       24  0.729390588326E-05
            4700       25  0.637065776689E-05
            4700       26  0.558420805522E-05
            4700       27  0.491101619714E-05
            4700       28  0.433174500897E-05
            4700       29  0.383332123360E-05
            4700       30  0.340368576829E-05
            4700       31  0.303086707946E-05
            4700       32  0.270498958547E-05
            4700       33  0.242008291112E-05
            4700       34  0.217076568132E-05
            4700       35  0.195169519998E-05
            4700       36  0.175835107838E-05
            4700       37  0.158765019815E-05
            4700       38  0.143670983042E-05
            4700       39  0.130266987951E-05
            4700       40  0.118315174942E-05
            4700       41  0.107655581543E-05
            4700       42  0.981378452874E-06
            4700       43  0.896087810778E-06
            4700       44  0.817595523721E-06
            4700       45  0.743340097043E-06
            4700       46  0.679599099777E-06
            4700       47  0.624597234496E-06
            4700       48  0.574947143753E-06
            4700       49  0.529959743903E-06
            4700       50  0.489131987323E-06
            4700       51  0.452021917756E-06
            4700       52  0.418240447761E-06
            4700       53  0.387444347830E-06
            4700       54  0.359330253634E-06
            4700       55  0.333629531054E-06
            4700       56  0.310103865825E-06
            4700       57  0.288541466885E-06
            4700       58  0.268753790758E-06
            4700       59  0.250572709375E-06
            4700       60  0.233848056191E-06
            4700       61  0.218445495717E-06
            4700       62  0.204244670216E-06
            4700       63  0.191137584381E-06
            4700       64  0.179027194814E-06
            4700       65  0.167826176100E-06
            4700       66  0.157455839455E-06
            4700       67  0.147845183435E-06
            4700       68  0.138930059203E-06
            4700       69  0.130652435306E-06
            4700       70  0.122959749063E-06
            4700       71  0.115804333498E-06
            4700       72  0.109142910222E-06
            4700       73  0.102936140017E-06
            4700       74  0.971482239976E-07
            4700       75  0.917465491289E-07
            4700       76  0.867013727625E-07
            4700       77  0.819855414977E-07
            4700       78  0.775742403127E-07
            4700       79  0.734447684171E-07
            4700       80  0.695763387266E-07
            4700       81  0.659498982508E-07
            4700       82  0.625479670197E-07
            4700       83  0.593544934638E-07
            4700       84  0.563547244214E-07
            4700       85  0.535350881566E-07
            4700       86  0.508830889751E-07
            4702        1 -0.903004608573E-02
            4702        2 -0.533149168674E-02
            4702        3 -0.315459637668E-02
            4702        4 -0.185310811387E-02
            4702        5 -0.107266231248E-02
            4702        6 -0.607847849188E-03
            4702        7 -0.335781537858E-03
            4702        8 -0.180702967924E-03
            4702        9 -0.954477844460E-04
            4702       10 -0.507519406066E-04
            4702       11 -0.287952724276E-04
            4702       12 -0.189832649718E-04
            4702       13 -0.152297087025E-04
            4702       14 -0.141905351301E-04
            4702       15 -0.141285871970E-04
            4702       16 -0.142118566959E-04
            4702       17 -0.140995345238E-04
            4702       18 -0.136909626141E-04
            4702       19 -0.130468947622E-04
            4702       20 -0.122054715830E-04
            4702       21 -0.112602928737E-04
            4702       22 -0.102739059609E-04
            4702       23 -0.929629991730E-05
            4702       24 -0.836008329325E-05
            4702       25 -0.748510892796E-05
            4702       26 -0.668291957258E-05
            4702       27 -0.595714222642E-05
            4702       28 -0.530716665831E-05
            4702       29 -0.472686460275E-05
            4702       30 -0.421118656003E-05
            4702       31 -0.375546929712E-05
            4702       32 -0.335403748128E-05
            4702       33 -0.300018743536E-05
            4702       34 -0.268836709290E-05
            4702       35 -0.241325878830E-05
            4702       36 -0.217006153025E-05
            4702       37 -0.195489904480E-05
            4702       38 -0.176445703582E-05
            4702       39 -0.159555128594E-05
            4702       40 -0.144533483034E-05
            4702       41 -0.131157975576E-05
            4702       42 -0.119231715463E-05
            4702       43 -0.108554674704E-05
            4702       44 -0.988975940425E-06
            4702       45 -0.903951455340E-06
            4702       46 -0.828295627163E-06
            4702       47 -0.759100029218E-06
            4702       48 -0.696691006142E-06
            4702       49 -0.640372207668E-06
            4702       50 -0.589458061596E-06
            4702       51 -0.543350167953E-06
            4702       52 -0.501524979324E-06
            4702       53 -0.463523391747E-06
            4702       54 -0.428941924402E-06
            4702       55 -0.397425224663E-06
            4702       56 -0.368659682111E-06
            4702       57 -0.342367973192E-06
            4702       58 -0.318304389097E-06
            4702       59 -0.296250824585E-06
            4702       60 -0.276013326096E-06
            4702       61 -0.257419114302E-06
            4702       62 -0.240314010192E-06
            4702       63 -0.224560205151E-06
            4702       64 -0.210034325024E-06
            4702       65 -0.196625745961E-06
            4702       66 -0.184235126425E-06
            4702       67 -0.172773125112E-06
            4702       68 -0.162159279193E-06
            4702       69 -0.152321021005E-06
            4702       70 -0.143192814597E-06
            4702       71 -0.134715396217E-06
            4702       72 -0.126835105107E-06
            4702       73 -0.119503292890E-06
            4702       74 -0.112675801522E-06
            4702       75 -0.106312501097E-06
            4702       76 -0.100376880061E-06
            4702       77 -0.948356813252E-07
            4702       78 -0.896585786941E-07
            4702       79 -0.848178887319E-07
            4702       80 -0.802883138330E-07
            4702       81 -0.760467128141E-07
            4702       82 -0.720718958115E-07
            4702       83 -0.683444406743E-07
            4702       84 -0.648465283976E-07
            4702       85 -0.615617954401E-07
            4702       86 -0.584752010365E-07
            4704        1  0.365327278491E-03
            4704        2  0.255950115866E-03
            4704        3  0.186243572609E-03
            4704        4  0.138722471126E-03
            4704        5  0.105082233321E-03
            4704        6  0.806464452567E-04
            4704        7  0.626431838059E-04
            4704        8  0.492147466654E-04
            4704        9  0.390802794305E-04
            4704       10  0.313447809947E-04
            4704       11  0.253650840690E-04
            4704       12  0.206917557160E-04
            4704       13  0.170064481737E-04
            4704       14  0.140758358030E-04
            4704       15  0.117267002411E-04
            4704       16  0.983023285406E-05
            4704       17  0.828778463011E-05
            4704       18  0.702607377882E-05
            4704       19  0.598880356466E-05
            4704       20  0.512978943428E-05
            4704       21  0.441499053197E-05
            4704       22  0.381627339716E-05
            4704       23  0.331295140300E-05
            4704       24  0.288743368887E-05
            4704       25  0.252615957452E-05
            4704       26  0.221769490245E-05
            4704       27  0.195310268435E-05
            4704       28  0.172508455931E-05
            4704       29  0.152861693561E-05
            4704       30  0.135904042273E-05
            4704       31  0.121173378977E-05
            4704       32  0.108291227599E-05
            4704       33  0.970222407563E-06
            4704       34  0.871532226056E-06
            4704       35  0.784726651329E-06
            4704       36  0.708025782412E-06
            4704       37  0.640224130907E-06
            4704       38  0.580204020019E-06
            4704       39  0.526856881662E-06
            4704       40  0.479250411198E-06
            4704       41  0.436731208884E-06
            4704       42  0.398683303314E-06
            4704       43  0.364482461375E-06
            4704       44  0.334056139373E-06
            4704       45  0.308299913277E-06
            4704       46  0.284198114830E-06
            4704       47  0.261293662575E-06
            4704       48  0.240519577356E-06
            4704       49  0.221696943696E-06
            4704       50  0.204615138982E-06
            4704       51  0.189089133225E-06
            4704       52  0.174956041960E-06
            4704       53  0.162072187574E-06
            4704       54  0.150310587753E-06
            4704       55  0.139558803709E-06
            4704       56  0.129717092282E-06
            4704       57  0.120696815358E-06
            4704       58  0.112419067725E-06
            4704       59  0.104813490785E-06
            4704       60  0.978172448324E-07
            4704       61  0.913741168416E-07
            4704       62  0.854337443996E-07
            4704       63  0.799509393396E-07
            4704       64  0.748850971687E-07
            4704       65  0.701996804680E-07
            4704       66  0.658617661967E-07
            4704       67  0.618416483054E-07
            4704       68  0.581124883206E-07
            4704       69  0.546500075991E-07
            4704       70  0.514322158527E-07
            4704       71  0.484391712936E-07
            4704       72  0.456527683988E-07
            4704       73  0.430565498262E-07
            4704       74  0.406355395053E-07
            4704       75  0.383760942942E-07
            4704       76  0.362657719696E-07
            4704       77  0.342932135846E-07
            4704       78  0.324480384940E-07
            4704       79  0.307207505651E-07
            4704       80  0.291026542739E-07
            4704       81  0.275857795529E-07
            4704       82  0.261628143983E-07
            4704       83  0.248270443618E-07
            4704       84  0.235722981631E-07
            4704       85  0.223928987478E-07
            4704       86  0.212836191970E-07
            4706        1 -0.268499785492E-03
            4706        2 -0.107156738592E-03
            4706        3 -0.690836594354E-05
            4706        4  0.490654548452E-04
            4706        5  0.757500447118E-04
            4706        6  0.840557814669E-04
            4706        7  0.817598189591E-04
            4706        8  0.740324111777E-04
            4706        9  0.641125076522E-04
            4706       10  0.539180943690E-04
            4706       11  0.444651911749E-04
            4706       12  0.362056218752E-04
            4706       13  0.292595371659E-04
            4706       14  0.235692844314E-04
            4706       15  0.189900033863E-04
            4706       16  0.153455592816E-04
            4706       17  0.124639061225E-04
            4706       18  0.101914476590E-04
            4706       19  0.839934536479E-05
            4706       20  0.698361714714E-05
            4706       21  0.585754979588E-05
            4706       22  0.495474097036E-05
            4706       23  0.422564860784E-05
            4706       24  0.363119257288E-05
            4706       25  0.314251815097E-05
            4706       26  0.273650681065E-05
            4706       27  0.239584836903E-05
            4706       28  0.210724735033E-05
            4706       29  0.186258803072E-05
            4706       30  0.165420159080E-05
            4706       31  0.147442781860E-05
            4706       32  0.131753339249E-05
            4706       33  0.118063987142E-05
            4706       34  0.106098145161E-05
            4706       35  0.955779514147E-06
            4706       36  0.862846028693E-06
            4706       37  0.780767118363E-06
            4706       38  0.708113969881E-06
            4706       39  0.643452752440E-06
            4706       40  0.585678198255E-06
            4706       41  0.534071051482E-06
            4706       42  0.487907527557E-06
            4706       43  0.446448499239E-06
            4706       44  0.408559718050E-06
            4706       45  0.373146376746E-06
            4706       46  0.342069152813E-06
            4706       47  0.314988110555E-06
            4706       48  0.290488147305E-06
            4706       49  0.268228612210E-06
            4706       50  0.247975375180E-06
            4706       51  0.229521687283E-06
            4706       52  0.212684654751E-06
            4706       53  0.197302206463E-06
            4706       54  0.183230480689E-06
            4706       55  0.170341568715E-06
            4706       56  0.158521562888E-06
            4706       57  0.147668864831E-06
            4706       58  0.137692716455E-06
            4706       59  0.128511922122E-06
            4706       60  0.120053735127E-06
            4706       61  0.112252885672E-06
            4706       62  0.105050730940E-06
            4706       63  0.983945106720E-07
            4706       64  0.922366941077E-07
            4706       65  0.865344061585E-07
            4706       66  0.812489224175E-07
            4706       67  0.763452240650E-07
            4706       68  0.717916049894E-07
            4706       69  0.675593244826E-07
            4706       70  0.636222997873E-07
            4706       71  0.599568335416E-07
            4706       72  0.565413718325E-07
            4706       73  0.533562891204E-07
            4706       74  0.503836968169E-07
            4706       75  0.476072726740E-07
            4706       76  0.450121085494E-07
            4706       77  0.425845743876E-07
            4706       78  0.403121965470E-07
            4706       79  0.381835488317E-07
            4706       80  0.361881547848E-07
            4706       81  0.343163999817E-07
            4706       82  0.325594532109E-07
            4706       83  0.309091955636E-07
            4706       84  0.293581565714E-07
            4706       85  0.278994566288E-07
            4706       86  0.265267550298E-07
            4708        1  0.257460307715E-03
            4708        2  0.116959525776E-03
            4708        3  0.540092125068E-04
            4708        4  0.256609819442E-04
            4708        5  0.125864883357E-04
            4708        6  0.634456325661E-05
            4708        7  0.333763210170E-05
            4708        8  0.189826458448E-05
            4708        9  0.118745800291E-05
            4708       10  0.782880460606E-06
            4708       11  0.521361074717E-06
            4708       12  0.347702984674E-06
            4708       13  0.236398256385E-06
            4708       14  0.168289600590E-06
            4708       15  0.128129108870E-06
            4708       16  0.103236773463E-06
            4708       17  0.853709593656E-07
            4708       18  0.705078919601E-07
            4708       19  0.580458681666E-07
            4708       20  0.467727081139E-07
            4708       21  0.377127801689E-07
            4708       22  0.312321365576E-07
            4708       23  0.268872047687E-07
            4708       24  0.238006175932E-07
            4708       25  0.217501268515E-07
            4708       26  0.204510062404E-07
            4708       27  0.196740184311E-07
            4708       28  0.189648528853E-07
            4708       29  0.181605779808E-07
            4708       30  0.173054985682E-07
            4708       31  0.164295929489E-07
            4708       32  0.153556269981E-07
            4708       33  0.141153089946E-07
            4708       34  0.128504585704E-07
            4708       35  0.116931108089E-07
            4708       36  0.106253829617E-07
            4708       37  0.960828003487E-08
            4708       38  0.862809283071E-08
            4708       39  0.766610419305E-08
            4708       40  0.669032125855E-08
            4708       41  0.577124863713E-08
            4708       42  0.500383250423E-08
            4708       43  0.437403503816E-08
            4708       44  0.932629588833E-10
            4708       45 -0.108364663451E-07
            4708       46 -0.146187502982E-07
            4708       47 -0.134264085796E-07
            4708       48 -0.121885862099E-07
            4708       49 -0.110823261078E-07
            4708       50 -0.100918479848E-07
            4708       51 -0.920347337203E-08
            4708       52 -0.840531865950E-08
            4708       53 -0.768703679417E-08
            4708       54 -0.703959933522E-08
            4708       55 -0.645511207728E-08
            4708       56 -0.592665867440E-08
            4708       57 -0.544816768423E-08
            4708       58 -0.501429925400E-08
            4708       59 -0.462034832155E-08
            4708       60 -0.426216173770E-08
            4708       61 -0.393606715141E-08
            4708       62 -0.363881185857E-08
            4708       63 -0.336751010865E-08
            4708       64 -0.311959760806E-08
            4708       65 -0.289279215984E-08
            4708       66 -0.268505954689E-08
            4708       67 -0.249458390530E-08
            4708       68 -0.231974194966E-08
            4708       69 -0.215908051036E-08
            4708       70 -0.201129692303E-08
            4708       71 -0.187522187955E-08
            4708       72 -0.174980440679E-08
            4708       73 -0.163409868810E-08
            4708       74 -0.152725248341E-08
            4708       75 -0.142849693846E-08
            4708       76 -0.133713760319E-08
            4708       77 -0.125254650424E-08
            4708       78 -0.117415513795E-08
            4708       79 -0.110144826825E-08
            4708       80 -0.103395842969E-08
            4708       81 -0.971261048784E-09
            4708       82 -0.912970108586E-09
            4708       83 -0.858734291074E-09
            4708       84 -0.808233540426E-09
            4708       85 -0.761175997504E-09
            4708       86 -0.717295262198E-09
            4710        1 -0.662395434690E-03
            4710        2 -0.372166365538E-03
            4710        3 -0.243881423081E-03
            4710        4 -0.182284811093E-03
            4710        5 -0.148322257977E-03
            4710        6 -0.126091859102E-03
            4710        7 -0.109356009801E-03
            4710        8 -0.955354089879E-04
            4710        9 -0.835568410232E-04
            4710       10 -0.729894543007E-04
            4710       11 -0.636431583258E-04
            4710       12 -0.554193751913E-04
            4710       13 -0.482305491462E-04
            4710       14 -0.419852887579E-04
            4710       15 -0.365867567742E-04
            4710       16 -0.319362677874E-04
            4710       17 -0.279375981779E-04
            4710       18 -0.245024873249E-04
            4710       19 -0.215533109244E-04
            4710       20 -0.190169368257E-04
            4710       21 -0.168327780967E-04
            4710       22 -0.149462328921E-04
            4710       23 -0.133134148927E-04
            4710       24 -0.118950720294E-04
            4710       25 -0.106599321600E-04
            4710       26 -0.958024710438E-05
            4710       27 -0.863325782564E-05
            4710       28 -0.779927853417E-05
            4710       29 -0.706441493130E-05
            4710       30 -0.641582796778E-05
            4710       31 -0.584062139022E-05
            4710       32 -0.532759496608E-05
            4710       33 -0.486968645653E-05
            4710       34 -0.446051265242E-05
            4710       35 -0.409367013205E-05
            4710       36 -0.376354620882E-05
            4710       37 -0.346624361484E-05
            4710       38 -0.319811065046E-05
            4710       39 -0.295549203545E-05
            4710       40 -0.273525683939E-05
            4710       41 -0.253523357154E-05
            4710       42 -0.235336723574E-05
            4710       43 -0.218760227072E-05
            4710       44 -0.203440906796E-05
            4710       45 -0.188998860331E-05
            4710       46 -0.176099229927E-05
            4710       47 -0.164549701114E-05
            4710       48 -0.153944769774E-05
            4710       49 -0.144182959447E-05
            4710       50 -0.135184862539E-05
            4710       51 -0.126879688418E-05
            4710       52 -0.119204207629E-05
            4710       53 -0.112101839949E-05
            4710       54 -0.105521864730E-05
            4710       55 -0.994187355286E-06
            4710       56 -0.937514838901E-06
            4710       57 -0.884831995458E-06
            4710       58 -0.835805762580E-06
            4710       59 -0.790135142066E-06
            4710       60 -0.747547711778E-06
            4710       61 -0.707796559743E-06
            4710       62 -0.670657584264E-06
            4710       63 -0.635927112029E-06
            4710       64 -0.603419793033E-06
            4710       65 -0.572966736945E-06
            4710       66 -0.544413860465E-06
            4710       67 -0.517620419414E-06
            4710       68 -0.492457702829E-06
            4710       69 -0.468807869421E-06
            4710       70 -0.446562909314E-06
            4710       71 -0.425623716214E-06
            4710       72 -0.405899257119E-06
            4710       73 -0.387305828251E-06
            4710       74 -0.369766387388E-06
            4710       75 -0.353209953946E-06
            4710       76 -0.337571069259E-06
            4710       77 -0.322789310387E-06
            4710       78 -0.308808851647E-06
            4710       79 -0.295578068665E-06
            4710       80 -0.283049180448E-06
            4710       81 -0.271177925437E-06
            4710       82 -0.259923267992E-06
            4710       83 -0.249247132169E-06
            4710       84 -0.239114159981E-06
            4710       85 -0.229491491684E-06
            4710       86 -0.220348565850E-06
            4712        1  0.314469188417E-02
            4712        2  0.197096017756E-02
            4712        3  0.130283320928E-02
            4712        4  0.890483214148E-03
            4712        5  0.622790320432E-03
            4712        6  0.442992911982E-03
            4712        7  0.320098715117E-03
            4712        8  0.235105909237E-03
            4712        9  0.175717490286E-03
            4712       10  0.133744376714E-03
            4712       11  0.103704667225E-03
            4712       12  0.819011711039E-04
            4712       13  0.658305899047E-04
            4712       14  0.537944777738E-04
            4712       15  0.446289523483E-04
            4712       16  0.375389010160E-04
            4712       17  0.319181929331E-04
            4712       18  0.274528015684E-04
            4712       19  0.238036698768E-04
            4712       20  0.207764176340E-04
            4712       21  0.182531269044E-04
            4712       22  0.161226256596E-04
            4712       23  0.143080734897E-04
            4712       24  0.127473587254E-04
            4712       25  0.114001380111E-04
            4712       26  0.102292745759E-04
            4712       27  0.920902762811E-05
            4712       28  0.830925092824E-05
            4712       29  0.751459173850E-05
            4712       30  0.681551535934E-05
            4712       31  0.620133204806E-05
            4712       32  0.565272861641E-05
            4712       33  0.516114768697E-05
            4712       34  0.472225177457E-05
            4712       35  0.433104948900E-05
            4712       36  0.397853268426E-05
            4712       37  0.366037436819E-05
            4712       38  0.337383772817E-05
            4712       39  0.311580881419E-05
            4712       40  0.288137816245E-05
            4712       41  0.266812485670E-05
            4712       42  0.247430399772E-05
            4712       43  0.229813051460E-05
            4712       44  0.214009842992E-05
            4712       45  0.200026109857E-05
            4712       46  0.186788773339E-05
            4712       47  0.174326016863E-05
            4712       48  0.162886343539E-05
            4712       49  0.152381878386E-05
            4712       50  0.142721085540E-05
            4712       51  0.133822861002E-05
            4712       52  0.125615177263E-05
            4712       53  0.118033925341E-05
            4712       54  0.111021922437E-05
            4712       55  0.104528059002E-05
            4712       56  0.985065635941E-06
            4712       57  0.929163674977E-06
            4712       58  0.877205541438E-06
            4712       59  0.828858808100E-06
            4712       60  0.783823620959E-06
            4712       61  0.741829063471E-06
            4712       62  0.702629975783E-06
            4712       63  0.666004165939E-06
            4712       64  0.631749959597E-06
            4712       65  0.599684042788E-06
            4712       66  0.569639558907E-06
            4712       67  0.541464426803E-06
            4712       68  0.515019851501E-06
            4712       69  0.490179003166E-06
            4712       70  0.466825843267E-06
            4712       71  0.444854079764E-06
            4712       72  0.424166235663E-06
            4712       73  0.404672817289E-06
            4712       74  0.386291570487E-06
            4712       75  0.368946814448E-06
            4712       76  0.352568844207E-06
            4712       77  0.337093393971E-06
            4712       78  0.322461154438E-06
            4712       79  0.308617338080E-06
            4712       80  0.295511287122E-06
            4712       81  0.283096119595E-06
            4712       82  0.271328409340E-06
            4712       83  0.260167896392E-06
            4712       84  0.249577224532E-06
            4712       85  0.239521703199E-06
            4712       86  0.229969091253E-06
            4714        1  0.929243336161E-04
            4714        2  0.621440871594E-04
            4714        3  0.380063261148E-04
            4714        4  0.214651944841E-04
            4714        5  0.107265493364E-04
            4714        6  0.390215297619E-05
            4714        7 -0.381789345023E-06
            4714        8 -0.296625248515E-05
            4714        9 -0.438037917049E-05
            4714       10 -0.501596751770E-05
            4714       11 -0.515959133938E-05
            4714       12 -0.501584301098E-05
            4714       13 -0.472213870435E-05
            4714       14 -0.436306046502E-05
            4714       15 -0.398436060093E-05
            4714       16 -0.360850047464E-05
            4714       17 -0.324891431103E-05
            4714       18 -0.291366320376E-05
            4714       19 -0.260815053881E-05
            4714       20 -0.233396509920E-05
            4714       21 -0.209044716890E-05
            4714       22 -0.187510327505E-05
            4714       23 -0.168461353916E-05
            4714       24 -0.151570469338E-05
            4714       25 -0.136616222113E-05
            4714       26 -0.123377182534E-05
            4714       27 -0.111648982682E-05
            4714       28 -0.101232575725E-05
            4714       29 -0.919814246949E-06
            4714       30 -0.837676183631E-06
            4714       31 -0.764615582454E-06
            4714       32 -0.699322288794E-06
            4714       33 -0.640898940463E-06
            4714       34 -0.588573000815E-06
            4714       35 -0.541565117570E-06
            4714       36 -0.499137025724E-06
            4714       37 -0.460803679003E-06
            4714       38 -0.426139324315E-06
            4714       39 -0.394715002068E-06
            4714       40 -0.366125729513E-06
            4714       41 -0.340081406563E-06
            4714       42 -0.316315424278E-06
            4714       43 -0.294577497045E-06
            4714       44 -0.275165512830E-06
            4714       45 -0.258696764480E-06
            4714       46 -0.242690869137E-06
            4714       47 -0.227011933597E-06
            4714       48 -0.212536831705E-06
            4714       49 -0.199200203675E-06
            4714       50 -0.186895917305E-06
            4714       51 -0.175529253158E-06
            4714       52 -0.165015516492E-06
            4714       53 -0.155278837321E-06
            4714       54 -0.146251130516E-06
            4714       55 -0.137871192419E-06
            4714       56 -0.130083914278E-06
            4714       57 -0.122839595831E-06
            4714       58 -0.116093345015E-06
            4714       59 -0.109804551904E-06
            4714       60 -0.103936426762E-06
            4714       61 -0.984555936125E-07
            4714       62 -0.933317319807E-07
            4714       63 -0.885372605170E-07
            4714       64 -0.840470571167E-07
            4714       65 -0.798382108985E-07
            4714       66 -0.758898020487E-07
            4714       67 -0.721827060880E-07
            4714       68 -0.686994195728E-07
            4714       69 -0.654239046521E-07
            4714       70 -0.623414502311E-07
            4714       71 -0.594385477885E-07
            4714       72 -0.567027801465E-07
            4714       73 -0.541227217035E-07
            4714       74 -0.516878488314E-07
            4714       75 -0.493884592944E-07
            4714       76 -0.472155996926E-07
            4714       77 -0.451610000468E-07
            4714       78 -0.432170147537E-07
            4714       79 -0.413765692258E-07
            4714       80 -0.396331116151E-07
            4714       81 -0.379805690866E-07
            4714       82 -0.364133081681E-07
            4714       83 -0.349260987606E-07
            4714       84 -0.335140814340E-07
            4714       85 -0.321727376799E-07
            4714       86 -0.308978628258E-07
            4716        1 -0.110956553831E-02
            4716        2 -0.769671410329E-03
            4716        3 -0.529634113211E-03
            4716        4 -0.361816887337E-03
            4716        5 -0.245629350852E-03
            4716        6 -0.166085669953E-03
            4716        7 -0.112211404589E-03
            4716        8 -0.760282472608E-04
            4716        9 -0.518673991245E-04
            4716       10 -0.357959797165E-04
            4716       11 -0.251116014537E-04
            4716       12 -0.180035772144E-04
            4716       13 -0.132656738772E-04
            4716       14 -0.100910457299E-04
            4716       15 -0.794157816699E-05
            4716       16 -0.646005397706E-05
            4716       17 -0.541414951446E-05
            4716       18 -0.464539229864E-05
            4716       19 -0.406834710024E-05
            4716       20 -0.361396784815E-05
            4716       21 -0.324419034135E-05
            4716       22 -0.293315880293E-05
            4716       23 -0.266630422400E-05
            4716       24 -0.243254078429E-05
            4716       25 -0.222553819824E-05
            4716       26 -0.204046951575E-05
            4716       27 -0.187406126309E-05
            4716       28 -0.172371694656E-05
            4716       29 -0.158765777705E-05
            4716       30 -0.146418616996E-05
            4716       31 -0.135165604520E-05
            4716       32 -0.124892197922E-05
            4716       33 -0.115516494884E-05
            4716       34 -0.106948287477E-05
            4716       35 -0.991015893103E-06
            4716       36 -0.919217122180E-06
            4716       37 -0.853550755516E-06
            4716       38 -0.793410123510E-06
            4716       39 -0.738213102504E-06
            4716       40 -0.687555457829E-06
            4716       41 -0.641071728425E-06
            4716       42 -0.598371081727E-06
            4716       43 -0.559066728854E-06
            4716       44 -0.522409114619E-06
            4716       45 -0.487341462030E-06
            4716       46 -0.455765061745E-06
            4716       47 -0.427554310642E-06
            4716       48 -0.401496264691E-06
            4716       49 -0.377349536078E-06
            4716       50 -0.354953542743E-06
            4716       51 -0.334162515555E-06
            4716       52 -0.314844067674E-06
            4716       53 -0.296877897693E-06
            4716       54 -0.280154616896E-06
            4716       55 -0.264574690755E-06
            4716       56 -0.250047484861E-06
            4716       57 -0.236490405793E-06
            4716       58 -0.223828127983E-06
            4716       59 -0.211991898239E-06
            4716       60 -0.200918910236E-06
            4716       61 -0.190551741924E-06
            4716       62 -0.180837849456E-06
            4716       63 -0.171729111837E-06
            4716       64 -0.163181421048E-06
            4716       65 -0.155154312945E-06
            4716       66 -0.147610634708E-06
            4716       67 -0.140516245038E-06
            4716       68 -0.133839743708E-06
            4716       69 -0.127552227444E-06
            4716       70 -0.121627069409E-06
            4716       71 -0.116039719865E-06
            4716       72 -0.110767525853E-06
            4716       73 -0.105789567943E-06
            4716       74 -0.101086512332E-06
            4716       75 -0.966404767438E-07
            4716       76 -0.924349087343E-07
            4716       77 -0.884544751860E-07
            4716       78 -0.846849618694E-07
            4716       79 -0.811131820870E-07
            4716       80 -0.777268935123E-07
            4716       81 -0.745147224305E-07
            4716       82 -0.714660946630E-07
            4716       83 -0.685711725438E-07
            4716       84 -0.658207973659E-07
            4716       85 -0.632064367867E-07
            4716       86 -0.607201367276E-07
            4718        1  0.175267779008E-03
            4718        2  0.437914600339E-04
            4718        3 -0.702543084195E-05
            4718        4 -0.243795741015E-04
            4718        5 -0.281966357536E-04
            4718        6 -0.268415172369E-04
            4718        7 -0.237115252493E-04
            4718        8 -0.202119515121E-04
            4718        9 -0.169353411818E-04
            4718       10 -0.140845478693E-04
            4718       11 -0.117029758108E-04
            4718       12 -0.974085716786E-05
            4718       13 -0.812722379043E-05
            4718       14 -0.679670533990E-05
            4718       15 -0.569537847298E-05
            4718       16 -0.478603335574E-05
            4718       17 -0.403710134133E-05
            4718       18 -0.342106398654E-05
            4718       19 -0.291323923372E-05
            4718       20 -0.249215390398E-05
            4718       21 -0.214140204791E-05
            4718       22 -0.184767957451E-05
            4718       23 -0.160072378696E-05
            4718       24 -0.139188185874E-05
            4718       25 -0.121468998926E-05
            4718       26 -0.106363862059E-05
            4718       27 -0.934210881641E-06
            4718       28 -0.822726294813E-06
            4718       29 -0.726729268510E-06
            4718       30 -0.644013839588E-06
            4718       31 -0.572392344771E-06
            4718       32 -0.510011722402E-06
            4718       33 -0.455665731885E-06
            4718       34 -0.408273812315E-06
            4718       35 -0.366767014586E-06
            4718       36 -0.330255207579E-06
            4718       37 -0.298108487321E-06
            4718       38 -0.269735233121E-06
            4718       39 -0.244549840901E-06
            4718       40 -0.222071622288E-06
            4718       41 -0.202003385361E-06
            4718       42 -0.184075947304E-06
            4718       43 -0.168143403492E-06
            4718       44 -0.155258612546E-06
            4718       45 -0.141800207048E-06
            4718       46 -0.128373969620E-06
            4718       47 -0.117882094360E-06
            4718       48 -0.108521209603E-06
            4718       49 -0.100038385564E-06
            4718       50 -0.923390132098E-07
            4718       51 -0.853399567340E-07
            4718       52 -0.789680117052E-07
            4718       53 -0.731585900431E-07
            4718       54 -0.678545956572E-07
            4718       55 -0.630054607730E-07
            4718       56 -0.585663180417E-07
            4718       57 -0.544972876796E-07
            4718       58 -0.507628622993E-07
            4718       59 -0.473313749042E-07
            4718       60 -0.441745378460E-07
            4718       61 -0.412670424684E-07
            4718       62 -0.385862107664E-07
            4718       63 -0.361116917222E-07
            4718       64 -0.338251960941E-07
            4718       65 -0.317102643695E-07
            4718       66 -0.297520633783E-07
            4718       67 -0.279372077170E-07
            4718       68 -0.262536026984E-07
            4718       69 -0.246903060034E-07
            4718       70 -0.232374056159E-07
            4718       71 -0.218859119564E-07
            4718       72 -0.206276624200E-07
            4718       73 -0.194552367644E-07
            4718       74 -0.183618820109E-07
            4718       75 -0.173414456900E-07
            4718       76 -0.163883164283E-07
            4718       77 -0.154973709941E-07
            4718       78 -0.146639270391E-07
            4718       79 -0.138837008701E-07
            4718       80 -0.131527696674E-07
            4718       81 -0.124675376396E-07
            4718       82 -0.118247056694E-07
            4718       83 -0.112212440579E-07
            4718       84 -0.106543680226E-07
            4718       85 -0.101215156469E-07
            4718       86 -0.962032801336E-08
            4720        1 -0.191643608971E-02
            4720        2 -0.116224090347E-02
            4720        3 -0.728506001106E-03
            4720        4 -0.465218425295E-03
            4720        5 -0.299323148610E-03
            4720        6 -0.192224328912E-03
            4720        7 -0.122372871374E-03
            4720        8 -0.767758145566E-04
            4720        9 -0.471777842227E-04
            4720       10 -0.281541986228E-04
            4720       11 -0.160974312036E-04
            4720       12 -0.860178665564E-05
            4720       13 -0.405886154062E-05
            4720       14 -0.139973157707E-05
            4720       15  0.780564170118E-07
            4720       16  0.832416627733E-06
            4720       17  0.115898177700E-05
            4720       18  0.124026124516E-05
            4720       19  0.118476744646E-05
            4720       20  0.106529706737E-05
            4720       21  0.920321663544E-06
            4720       22  0.772717787670E-06
            4720       23  0.633709342804E-06
            4720       24  0.509336468602E-06
            4720       25  0.401826042995E-06
            4720       26  0.311414586635E-06
            4720       27  0.236838829137E-06
            4720       28  0.175921993141E-06
            4720       29  0.126615889034E-06
            4720       30  0.874256301566E-07
            4720       31  0.568257247487E-07
            4720       32  0.328200463117E-07
            4720       33  0.141174732895E-07
            4720       34 -0.144961094438E-09
            4720       35 -0.108411463565E-07
            4720       36 -0.189454176122E-07
            4720       37 -0.249708340293E-07
            4720       38 -0.292563252892E-07
            4720       39 -0.321509999354E-07
            4720       40 -0.340854881893E-07
            4720       41 -0.352471583066E-07
            4720       42 -0.357418261373E-07
            4720       43 -0.356871480881E-07
            4720       44 -0.356049061555E-07
            4720       45 -0.371525314506E-07
            4720       46 -0.375819365121E-07
            4720       47 -0.363125585414E-07
            4720       48 -0.349023941868E-07
            4720       49 -0.334701756709E-07
            4720       50 -0.320365443950E-07
            4720       51 -0.306172358867E-07
            4720       52 -0.292240859022E-07
            4720       53 -0.278658341444E-07
            4720       54 -0.265487670497E-07
            4720       55 -0.252772323361E-07
            4720       56 -0.240540511559E-07
            4720       57 -0.228808483431E-07
            4720       58 -0.217583170367E-07
            4720       59 -0.206864306466E-07
            4720       60 -0.196646125152E-07
            4720       61 -0.186918715496E-07
            4720       62 -0.177669104646E-07
            4720       63 -0.168882119570E-07
            4720       64 -0.160541070962E-07
            4720       65 -0.152628293800E-07
            4720       66 -0.145125572360E-07
            4720       67 -0.138014472125E-07
            4720       68 -0.131276596753E-07
            4720       69 -0.124893784769E-07
            4720       70 -0.118848257855E-07
            4720       71 -0.113122730372E-07
            4720       72 -0.107700487905E-07
            4720       73 -0.102565441129E-07
            4720       74 -0.977021601494E-08
            4720       75 -0.930958934030E-08
            4720       76 -0.887325745322E-08
            4720       77 -0.845988198959E-08
            4720       78 -0.806819189246E-08
            4720       79 -0.769698190794E-08
            4720       80 -0.734511068263E-08
            4720       81 -0.701149857640E-08
            4720       82 -0.669512528090E-08
            4720       83 -0.639502731558E-08
            4720       84 -0.611029545837E-08
            4720       85 -0.584007215502E-08
            4720       86 -0.558354894200E-08
            4722        1  0.648948673394E-01
            4722        2  0.421359433654E-01
            4722        3  0.270149208326E-01
            4722        4  0.170359248518E-01
            4722        5  0.105147181221E-01
            4722        6  0.630469898215E-02
            4722        7  0.362732490858E-02
            4722        8  0.195580112838E-02
            4722        9  0.936390168805E-03
            4722       10  0.333804621773E-03
            4722       11 -0.669475659273E-05
            4722       12 -0.185634497205E-03
            4722       13 -0.267458414611E-03
            4722       14 -0.292879109732E-03
            4722       15 -0.287174943344E-03
            4722       16 -0.265698246084E-03
            4722       17 -0.237587472533E-03
            4722       18 -0.207979999770E-03
            4722       19 -0.179469669577E-03
            4722       20 -0.153619438945E-03
            4722       21 -0.130818528289E-03
            4722       22 -0.111109778305E-03
            4722       23 -0.942809535991E-04
            4722       24 -0.800425473051E-04
            4722       25 -0.680567759552E-04
            4722       26 -0.579895336967E-04
            4722       27 -0.495317078412E-04
            4722       28 -0.424182630020E-04
            4722       29 -0.364532028283E-04
            4722       30 -0.314505343831E-04
            4722       31 -0.272258510658E-04
            4722       32 -0.236327183008E-04
            4722       33 -0.205809342316E-04
            4722       34 -0.179872672838E-04
            4722       35 -0.157693822626E-04
            4722       36 -0.138621676814E-04
            4722       37 -0.122230988944E-04
            4722       38 -0.108121169813E-04
            4722       39 -0.958969695707E-05
            4722       40 -0.852508569164E-05
            4722       41 -0.759794656199E-05
            4722       42 -0.678894379059E-05
            4722       43 -0.607886304075E-05
            4722       44 -0.545224041233E-05
            4722       45 -0.490525832396E-05
            4722       46 -0.442277818911E-05
            4722       47 -0.399245119335E-05
            4722       48 -0.361020962977E-05
            4722       49 -0.327014454195E-05
            4722       50 -0.296701179486E-05
            4722       51 -0.269628997114E-05
            4722       52 -0.245407136854E-05
            4722       53 -0.223697080867E-05
            4722       54 -0.204204912983E-05
            4722       55 -0.186674882236E-05
            4722       56 -0.170883973484E-05
            4722       57 -0.156637315657E-05
            4722       58 -0.143764288658E-05
            4722       59 -0.132115214551E-05
            4722       60 -0.121558538678E-05
            4722       61 -0.111978422633E-05
            4722       62 -0.103272684318E-05
            4722       63 -0.953510311968E-06
            4722       64 -0.881335418054E-06
            4722       65 -0.815493579431E-06
            4722       66 -0.755355560604E-06
            4722       67 -0.700361713843E-06
            4722       68 -0.650013525028E-06
            4722       69 -0.603866276176E-06
            4722       70 -0.561522665544E-06
            4722       71 -0.522627250627E-06
            4722       72 -0.486861599593E-06
            4722       73 -0.453940053704E-06
            4722       74 -0.423606017683E-06
            4722       75 -0.395628707074E-06
            4722       76 -0.369800291830E-06
            4722       77 -0.345933384042E-06
            4722       78 -0.323858825049E-06
            4722       79 -0.303423733423E-06
            4722       80 -0.284489780616E-06
            4722       81 -0.266931665595E-06
            4722       82 -0.250635763673E-06
            4722       83 -0.235498928036E-06
            4722       84 -0.221427425333E-06
            4722       85 -0.208335989125E-06
            4722       86 -0.196146977087E-06
            4723        1  0.995952038136E-03
            4723        2  0.544952085808E-03
            4723        3  0.317848332719E-03
            4723        4  0.194807089966E-03
            4723        5  0.124257013913E-03
            4723        6  0.816335805933E-04
            4723        7  0.549084979980E-04
            4723        8  0.376834703014E-04
            4723        9  0.263507757453E-04
            4723       10  0.187730406132E-04
            4723       11  0.136130531839E-04
            4723       12  0.100369989149E-04
            4723       13  0.751976504379E-05
            4723       14  0.572094090510E-05
            4723       15  0.441508706939E-05
            4723       16  0.345028722622E-05
            4723       17  0.272572425109E-05
            4723       18  0.217001838361E-05
            4723       19  0.174307983315E-05
            4723       20  0.140875769670E-05
            4723       21  0.114739781406E-05
            4723       22  0.940562594805E-06
            4723       23  0.776319893770E-06
            4723       24  0.643570649280E-06
            4723       25  0.536305681782E-06
            4723       26  0.448819157723E-06
            4723       27  0.377239496934E-06
            4723       28  0.317860057440E-06
            4723       29  0.268910439996E-06
            4723       30  0.228667872817E-06
            4723       31  0.195321819444E-06
            4723       32  0.167120565541E-06
            4723       33  0.143413974454E-06
            4723       34  0.123535345183E-06
            4723       35  0.106775952984E-06
            4723       36  0.924588312307E-07
            4723       37  0.802867101364E-07
            4723       38  0.699444942842E-07
            4723       39  0.610898958173E-07
            4723       40  0.534193492912E-07
            4723       41  0.468479012060E-07
            4723       42  0.412835835507E-07
            4723       43  0.362810639380E-07
            4723       44  0.257461892165E-07
            4723       45  0.110733164665E-07
            4723       46  0.632515442772E-08
            4723       47  0.555141957340E-08
            4723       48  0.495486061509E-08
            4723       49  0.443060997427E-08
            4723       50  0.396893947092E-08
            4723       51  0.356155549114E-08
            4723       52  0.320136944321E-08
            4723       53  0.288230773815E-08
            4723       54  0.259915402162E-08
            4723       55  0.234741780640E-08
            4723       56  0.212322478181E-08
            4723       57  0.192322497549E-08
            4723       58  0.174451565980E-08
            4723       59  0.158457647057E-08
            4723       60  0.144121466837E-08
            4723       61  0.131251884560E-08
            4723       62  0.119681968459E-08
            4723       63  0.109265661726E-08
            4723       64  0.998749435784E-09
            4723       65  0.913974067269E-09
            4723       66  0.837341858171E-09
            4723       67  0.767981823821E-09
            4723       68  0.705125408393E-09
            4723       69  0.648093374899E-09
            4723       70  0.596284506168E-09
            4723       71  0.549165848714E-09
            4723       72  0.506264273647E-09
            4723       73  0.467159164019E-09
            4723       74  0.431476067436E-09
            4723       75  0.398881177246E-09
            4723       76  0.369076526355E-09
            4723       77  0.341795794969E-09
            4723       78  0.316800648104E-09
            4723       79  0.293877531095E-09
            4723       80  0.272834861611E-09
            4723       81  0.253500565551E-09
            4723       82  0.235719911624E-09
            4723       83  0.219353605750E-09
            4723       84  0.204276111822E-09
            4723       85  0.190374169961E-09
            4723       86  0.177545487333E-09
            4724        1 -0.737143508134E-03
            4724        2 -0.454888106627E-03
            4724        3 -0.292563697552E-03
            4724        4 -0.194873385347E-03
            4724        5 -0.133134248377E-03
            4724        6 -0.926168042786E-04
            4724        7 -0.653196243885E-04
            4724        8 -0.466558612129E-04
            4724        9 -0.337879488422E-04
            4724       10 -0.248606620654E-04
            4724       11 -0.186078174981E-04
            4724       12 -0.141726444359E-04
            4724       13 -0.109748383919E-04
            4724       14 -0.862844547672E-05
            4724       15 -0.687595690201E-05
            4724       16 -0.554710712372E-05
            4724       17 -0.452402158379E-05
            4724       18 -0.372876369729E-05
            4724       19 -0.310266652667E-05
            4724       20 -0.260285247257E-05
            4724       21 -0.220068747824E-05
            4724       22 -0.187351782768E-05
            4724       23 -0.160444562745E-05
            4724       24 -0.138072280202E-05
            4724       25 -0.119320928666E-05
            4724       26 -0.103466053558E-05
            4724       27 -0.899374025524E-06
            4724       28 -0.783996148998E-06
            4724       29 -0.685991523971E-06
            4724       30 -0.602131834642E-06
            4724       31 -0.529277225181E-06
            4724       32 -0.466159814467E-06
            4724       33 -0.411770306244E-06
            4724       34 -0.364676838663E-06
            4724       35 -0.323494871283E-06
            4724       36 -0.287590750251E-06
            4724       37 -0.256355773017E-06
            4724       38 -0.229021565301E-06
            4724       39 -0.204854819392E-06
            4724       40 -0.183540018114E-06
            4724       41 -0.164769996362E-06
            4724       42 -0.148165244484E-06
            4724       43 -0.133633812040E-06
            4724       44 -0.123745669420E-06
            4724       45 -0.114274825939E-06
            4724       46 -0.102791594671E-06
            4724       47 -0.930954848094E-07
            4724       48 -0.845114942623E-07
            4724       49 -0.768400036931E-07
            4724       50 -0.699715430336E-07
            4724       51 -0.638112257591E-07
            4724       52 -0.582766185617E-07
            4724       53 -0.532959488044E-07
            4724       54 -0.488065921031E-07
            4724       55 -0.447537929064E-07
            4724       56 -0.410895794180E-07
            4724       57 -0.377718410634E-07
            4724       58 -0.347635422717E-07
            4724       59 -0.320320508681E-07
            4724       60 -0.295485630733E-07
            4724       61 -0.272876101271E-07
            4724       62 -0.252266340497E-07
            4724       63 -0.233456220907E-07
            4724       64 -0.216267911111E-07
            4724       65 -0.200543145418E-07
            4724       66 -0.186140857224E-07
            4724       67 -0.172935123912E-07
            4724       68 -0.160813379000E-07
            4724       69 -0.149674854042E-07
            4724       70 -0.139429218411E-07
            4724       71 -0.129995389830E-07
            4724       72 -0.121300492515E-07
            4724       73 -0.113278943135E-07
            4724       74 -0.105871647673E-07
            4724       75 -0.990252946367E-08
            4724       76 -0.926917321493E-08
            4724       77 -0.868274181488E-08
            4724       78 -0.813929344367E-08
            4724       79 -0.763525565585E-08
            4724       80 -0.716738725838E-08
            4724       81 -0.673274447787E-08
            4724       82 -0.632865089501E-08
            4724       83 -0.595267069316E-08
            4724       84 -0.560258482575E-08
            4724       85 -0.527636975836E-08
            4724       86 -0.497217848447E-08
            4725        1  0.194263894136E-03
            4725        2  0.231834419167E-04
            4725        3 -0.309520657955E-04
            4725        4 -0.431546861421E-04
            4725        5 -0.404793384599E-04
            4725        6 -0.336451214249E-04
            4725        7 -0.265364548990E-04
            4725        8 -0.204994968112E-04
            4725        9 -0.157756181185E-04
            4725       10 -0.122177423286E-04
            4725       11 -0.956251065234E-05
            4725       12 -0.757451494296E-05
            4725       13 -0.607109048724E-05
            4725       14 -0.491898125827E-05
            4725       15 -0.402373757968E-05
            4725       16 -0.332140881207E-05
            4725       17 -0.276491535635E-05
            4725       18 -0.232151996551E-05
            4725       19 -0.196361666387E-05
            4725       20 -0.167183858735E-05
            4725       21 -0.143197450075E-05
            4725       22 -0.123290011529E-05
            4725       23 -0.106634611350E-05
            4725       24 -0.926028450945E-06
            4725       25 -0.806925599650E-06
            4725       26 -0.705041220352E-06
            4725       27 -0.617196261119E-06
            4725       28 -0.541654857116E-06
            4725       29 -0.476946733245E-06
            4725       30 -0.421067806145E-06
            4725       31 -0.372088852096E-06
            4725       32 -0.329349963371E-06
            4725       33 -0.292269900690E-06
            4725       34 -0.259946999126E-06
            4725       35 -0.231517931275E-06
            4725       36 -0.206623133048E-06
            4725       37 -0.184867258586E-06
            4725       38 -0.165730921592E-06
            4725       39 -0.148722689726E-06
            4725       40 -0.133642519554E-06
            4725       41 -0.120289165641E-06
            4725       42 -0.108407649020E-06
            4725       43 -0.980876922147E-07
            4725       44 -0.929666197179E-07
            4725       45 -0.883085584187E-07
            4725       46 -0.796879911497E-07
            4725       47 -0.721549914167E-07
            4725       48 -0.655005394333E-07
            4725       49 -0.595536286708E-07
            4725       50 -0.542293566955E-07
            4725       51 -0.494541347378E-07
            4725       52 -0.451640345469E-07
            4725       53 -0.413033974448E-07
            4725       54 -0.378236608154E-07
            4725       55 -0.346823654310E-07
            4725       56 -0.318423136079E-07
            4725       57 -0.292708535046E-07
            4725       58 -0.269392692009E-07
            4725       59 -0.248222597110E-07
            4725       60 -0.228974929563E-07
            4725       61 -0.211452230695E-07
            4725       62 -0.195479613395E-07
            4725       63 -0.180901926858E-07
            4725       64 -0.167581308723E-07
            4725       65 -0.155395067477E-07
            4725       66 -0.144233847083E-07
            4725       67 -0.134000033236E-07
            4725       68 -0.124606366916E-07
            4725       69 -0.115974736150E-07
            4725       70 -0.108035121244E-07
            4725       71 -0.100724672453E-07
            4725       72 -0.939869021237E-08
            4725       73 -0.877709759727E-08
            4725       74 -0.820310903648E-08
            4725       75 -0.767259243123E-08
            4725       76 -0.718181565153E-08
            4725       77 -0.672740391011E-08
            4725       78 -0.630630208701E-08
            4725       79 -0.591574138350E-08
            4725       80 -0.555320976769E-08
            4725       81 -0.521642574584E-08
            4725       82 -0.490331505464E-08
            4725       83 -0.461198992308E-08
            4725       84 -0.434073059733E-08
            4725       85 -0.408796886180E-08
            4725       86 -0.385227332297E-08
            4726        1 -0.397502497784E-02
            4726        2 -0.256987228557E-02
            4726        3 -0.172701291803E-02
            4726        4 -0.119779597832E-02
            4726        5 -0.852802791979E-03
            4726        6 -0.620652692249E-03
            4726        7 -0.460540191650E-03
            4726        8 -0.347886697767E-03
            4726        9 -0.267270132279E-03
            4726       10 -0.208662185064E-03
            4726       11 -0.165374918151E-03
            4726       12 -0.132877428286E-03
            4726       13 -0.108070532436E-03
            4726       14 -0.888284385502E-04
            4726       15 -0.736854086162E-04
            4726       16 -0.616186200786E-04
            4726       17 -0.518972623726E-04
            4726       18 -0.439887585599E-04
            4726       19 -0.375130135182E-04
            4726       20 -0.321552232126E-04
            4726       21 -0.276983522141E-04
            4726       22 -0.239636709512E-04
            4726       23 -0.208187678336E-04
            4726       24 -0.181536221225E-04
            4726       25 -0.158873078367E-04
            4726       26 -0.139507092221E-04
            4726       27 -0.122885178918E-04
            4726       28 -0.108549959025E-04
            4726       29 -0.961874006711E-05
            4726       30 -0.855083605591E-05
            4726       31 -0.762260323124E-05
            4726       32 -0.681029996621E-05
            4726       33 -0.609926319272E-05
            4726       34 -0.547625086590E-05
            4726       35 -0.492812314940E-05
            4726       36 -0.444379000178E-05
            4726       37 -0.401568564739E-05
            4726       38 -0.363674239535E-05
            4726       39 -0.329995182870E-05
            4726       40 -0.299946259785E-05
            4726       41 -0.273123535133E-05
            4726       42 -0.249145366976E-05
            4726       43 -0.227649589752E-05
            4726       44 -0.208381783457E-05
            4726       45 -0.190984761613E-05
            4726       46 -0.175311742752E-05
            4726       47 -0.161160103296E-05
            4726       48 -0.148354312347E-05
            4726       49 -0.136750545019E-05
            4726       50 -0.126219192904E-05
            4726       51 -0.116646376769E-05
            4726       52 -0.107931831185E-05
            4726       53 -0.999871005989E-06
            4726       54 -0.927339971328E-06
            4726       55 -0.861032789521E-06
            4726       56 -0.800335149797E-06
            4726       57 -0.744701074637E-06
            4726       58 -0.693644485850E-06
            4726       59 -0.646731911584E-06
            4726       60 -0.603576166788E-06
            4726       61 -0.563830866037E-06
            4726       62 -0.527185649749E-06
            4726       63 -0.493362023037E-06
            4726       64 -0.462109721827E-06
            4726       65 -0.433203533671E-06
            4726       66 -0.406440511452E-06
            4726       67 -0.381637527197E-06
            4726       68 -0.358629120923E-06
            4726       69 -0.337265605801E-06
            4726       70 -0.317411396462E-06
            4726       71 -0.298943531865E-06
            4726       72 -0.281750368128E-06
            4726       73 -0.265730420003E-06
            4726       74 -0.250791332687E-06
            4726       75 -0.236848967930E-06
            4726       76 -0.223826590705E-06
            4726       77 -0.211654144333E-06
            4726       78 -0.200267603633E-06
            4726       79 -0.189608396940E-06
            4726       80 -0.179622889019E-06
            4726       81 -0.170261917886E-06
            4726       82 -0.161480379422E-06
            4726       83 -0.153236854401E-06
            4726       84 -0.145493273236E-06
            4726       85 -0.138214614263E-06
            4726       86 -0.131368631934E-06
            4727        1 -0.644012533518E-03
            4727        2 -0.479083812896E-03
            4727        3 -0.351190261891E-03
            4727        4 -0.258547745215E-03
            4727        5 -0.192322649445E-03
            4727        6 -0.144940794539E-03
            4727        7 -0.110670665184E-03
            4727        8 -0.856005076644E-04
            4727        9 -0.670690942831E-04
            4727       10 -0.532248337698E-04
            4727       11 -0.427690702717E-04
            4727       12 -0.347724581503E-04
            4727       13 -0.285679829305E-04
            4727       14 -0.236838949676E-04
            4727       15 -0.197896853597E-04
            4727       16 -0.166529382916E-04
            4727       17 -0.141044474518E-04
            4727       18 -0.120184379880E-04
            4727       19 -0.102996914850E-04
            4727       20 -0.886983465102E-05
            4727       21 -0.767299139603E-05
            4727       22 -0.666417010830E-05
            4727       23 -0.580964473911E-05
            4727       24 -0.508199050349E-05
            4727       25 -0.446033012779E-05
            4727       26 -0.392702695564E-05
            4727       27 -0.346760793526E-05
            4727       28 -0.307025222680E-05
            4727       29 -0.272649278112E-05
            4727       30 -0.242858622879E-05
            4727       31 -0.216889640757E-05
            4727       32 -0.194118042234E-05
            4727       33 -0.174139312470E-05
            4727       34 -0.156592149286E-05
            4727       35 -0.141119988768E-05
            4727       36 -0.127423826194E-05
            4727       37 -0.115293695712E-05
            4727       38 -0.104535690800E-05
            4727       39 -0.949587851597E-06
            4727       40 -0.864035422381E-06
            4727       41 -0.787542407355E-06
            4727       42 -0.719020775895E-06
            4727       43 -0.657668429781E-06
            4727       44 -0.605687336918E-06
            4727       45 -0.560352732016E-06
            4727       46 -0.515766274062E-06
            4727       47 -0.474247365227E-06
            4727       48 -0.436632842756E-06
            4727       49 -0.402541768192E-06
            4727       50 -0.371595085309E-06
            4727       51 -0.343459626726E-06
            4727       52 -0.317841958772E-06
            4727       53 -0.294483129983E-06
            4727       54 -0.273154179475E-06
            4727       55 -0.253652285971E-06
            4727       56 -0.235797458432E-06
            4727       57 -0.219429685651E-06
            4727       58 -0.204406475792E-06
            4727       59 -0.190600727976E-06
            4727       60 -0.177898887306E-06
            4727       61 -0.166199342347E-06
            4727       62 -0.155411030492E-06
            4727       63 -0.145452221919E-06
            4727       64 -0.136249457312E-06
            4727       65 -0.127736618229E-06
            4727       66 -0.119854112125E-06
            4727       67 -0.112548156663E-06
            4727       68 -0.105770150177E-06
            4727       69 -0.994761170077E-07
            4727       70 -0.936262180386E-07
            4727       71 -0.881843180966E-07
            4727       72 -0.831176030426E-07
            4727       73 -0.783962403301E-07
            4727       74 -0.739930776883E-07
            4727       75 -0.698833752454E-07
            4727       76 -0.660445670811E-07
            4727       77 -0.624560486729E-07
            4727       78 -0.590989871836E-07
            4727       79 -0.559561519200E-07
            4727       80 -0.530117626254E-07
            4727       81 -0.502513535665E-07
            4727       82 -0.476616516240E-07
            4727       83 -0.452304668150E-07
            4727       84 -0.429465938694E-07
            4727       85 -0.407997236426E-07
            4727       86 -0.387803632946E-07
            4728        1  0.140113855942E-02
            4728        2  0.108700517436E-02
            4728        3  0.830891194080E-03
            4728        4  0.639668566336E-03
            4728        5  0.498331235699E-03
            4728        6  0.393367423663E-03
            4728        7  0.314475381020E-03
            4728        8  0.254481595475E-03
            4728        9  0.208337381126E-03
            4728       10  0.172462828909E-03
            4728       11  0.144253596616E-03
            4728       12  0.121798534086E-03
            4728       13  0.103690362850E-03
            4728       14  0.889067931478E-04
            4728       15  0.767115735986E-04
            4728       16  0.665708358559E-04
            4728       17  0.580811163520E-04
            4728       18  0.509264136774E-04
            4728       19  0.448646510057E-04
            4728       20  0.396868429326E-04
            4728       21  0.352429413736E-04
            4728       22  0.314047334012E-04
            4728       23  0.280769912407E-04
            4728       24  0.251769759660E-04
            4728       25  0.226423080662E-04
            4728       26  0.204178349102E-04
            4728       27  0.184591194642E-04
            4728       28  0.167267138199E-04
            4728       29  0.151933319594E-04
            4728       30  0.138344312691E-04
            4728       31  0.126252946555E-04
            4728       32  0.115432018273E-04
            4728       33  0.105739309355E-04
            4728       34  0.970493502568E-05
            4728       35  0.892360540686E-05
            4728       36  0.821848535698E-05
            4728       37  0.758170968613E-05
            4728       38  0.700600516504E-05
            4728       39  0.648407436920E-05
            4728       40  0.600940675246E-05
            4728       41  0.557741829200E-05
            4728       42  0.518379048603E-05
            4728       43  0.482412545961E-05
            4728       44  0.449458491016E-05
            4728       45  0.419369594591E-05
            4728       46  0.391773491511E-05
            4728       47  0.366367365042E-05
            4728       48  0.342985384249E-05
            4728       49  0.321439849904E-05
            4728       50  0.301560328220E-05
            4728       51  0.283194560834E-05
            4728       52  0.266206282430E-05
            4728       53  0.250473328899E-05
            4728       54  0.235885993647E-05
            4728       55  0.222345596385E-05
            4728       56  0.209763234343E-05
            4728       57  0.198058690389E-05
            4728       58  0.187159476457E-05
            4728       59  0.176999993911E-05
            4728       60  0.167520795159E-05
            4728       61  0.158667933130E-05
            4728       62  0.150392387156E-05
            4728       63  0.142649555400E-05
            4728       64  0.135398805379E-05
            4728       65  0.128603075283E-05
            4728       66  0.122228519785E-05
            4728       67  0.116244194897E-05
            4728       68  0.110621777148E-05
            4728       69  0.105335312973E-05
            4728       70  0.100360994751E-05
            4728       71  0.956769603766E-06
            4728       72  0.912631136514E-06
            4728       73  0.871009631132E-06
            4728       74  0.831734772327E-06
            4728       75  0.794649541444E-06
            4728       76  0.759609043110E-06
            4728       77  0.726479447097E-06
            4728       78  0.695137032978E-06
            4728       79  0.665467326579E-06
            4728       80  0.637364318544E-06
            4728       81  0.610729756424E-06
            4728       82  0.585472502678E-06
            4728       83  0.561507951853E-06
            4728       84  0.538757500918E-06
            4728       85  0.517148067438E-06
            4728       86  0.496611650831E-06
            4729        1  0.382319302720E-04
            4729        2  0.467448125387E-04
            4729        3  0.405631962988E-04
            4729        4  0.335058913705E-04
            4729        5  0.278788387765E-04
            4729        6  0.235913701215E-04
            4729        7  0.201580178347E-04
            4729        8  0.172817986386E-04
            4729        9  0.148414504542E-04
            4729       10  0.127763129287E-04
            4729       11  0.110445252013E-04
            4729       12  0.959352289983E-05
            4729       13  0.836804025570E-05
            4729       14  0.731993697927E-05
            4729       15  0.641669777229E-05
            4729       16  0.563870135258E-05
            4729       17  0.497207312040E-05
            4729       18  0.440121844809E-05
            4729       19  0.391193652396E-05
            4729       20  0.348918457368E-05
            4729       21  0.312182954757E-05
            4729       22  0.280037836606E-05
            4729       23  0.251862075139E-05
            4729       24  0.227082946366E-05
            4729       25  0.205252602505E-05
            4729       26  0.185964220671E-05
            4729       27  0.168896003790E-05
            4729       28  0.153714384754E-05
            4729       29  0.140193930578E-05
            4729       30  0.128161467888E-05
            4729       31  0.117438242375E-05
            4729       32  0.107808911194E-05
            4729       33  0.991428059705E-06
            4729       34  0.913419099889E-06
            4729       35  0.843058008098E-06
            4729       36  0.779251361888E-06
            4729       37  0.721327387089E-06
            4729       38  0.668740005661E-06
            4729       39  0.620927838169E-06
            4729       40  0.577285090222E-06
            4729       41  0.537411700201E-06
            4729       42  0.500961166088E-06
            4729       43  0.467372941015E-06
            4729       44  0.434306828772E-06
            4729       45  0.404142907905E-06
            4729       46  0.378749887176E-06
            4729       47  0.355252728302E-06
            4729       48  0.333502751415E-06
            4729       49  0.313377786583E-06
            4729       50  0.294735687048E-06
            4729       51  0.277448447002E-06
            4729       52  0.261400636424E-06
            4729       53  0.246488025309E-06
            4729       54  0.232616372576E-06
            4729       55  0.219700358410E-06
            4729       56  0.207662641735E-06
            4729       57  0.196433026926E-06
            4729       58  0.185947726101E-06
            4729       59  0.176148705096E-06
            4729       60  0.166983102853E-06
            4729       61  0.158402715275E-06
            4729       62  0.150363535781E-06
            4729       63  0.142825345787E-06
            4729       64  0.135751349237E-06
            4729       65  0.129107846000E-06
            4729       66  0.122863939669E-06
            4729       67  0.116991275784E-06
            4729       68  0.111463807055E-06
            4729       69  0.106257582533E-06
            4729       70  0.101350558071E-06
            4729       71  0.967224257312E-07
            4729       72  0.923544600693E-07
            4729       73  0.882293794723E-07
            4729       74  0.843312209438E-07
            4729       75  0.806452269071E-07
            4729       76  0.771577427692E-07
            4729       77  0.738561241249E-07
            4729       78  0.707286526117E-07
            4729       79  0.677644595295E-07
            4729       80  0.649534564443E-07
            4729       81  0.622862720767E-07
            4729       82  0.597541948486E-07
            4729       83  0.573491205386E-07
            4729       84  0.550635045428E-07
            4729       85  0.528903183003E-07
            4729       86  0.508230094842E-07
            4730        1  0.290681955076E-02
            4730        2  0.180325904804E-02
            4730        3  0.110347083532E-02
            4730        4  0.659156776900E-03
            4730        5  0.376980705316E-03
            4730        6  0.199443122594E-03
            4730        7  0.898407340650E-04
            4730        8  0.243885914082E-04
            4730        9 -0.126939801063E-04
            4730       10 -0.319270446011E-04
            4730       11 -0.402311257172E-04
            4730       12 -0.421161703867E-04
            4730       13 -0.404639319827E-04
            4730       14 -0.370618112894E-04
            4730       15 -0.329794220809E-04
            4730       16 -0.288210661862E-04
            4730       17 -0.249084171700E-04
            4730       18 -0.213846412038E-04
            4730       19 -0.182905445889E-04
            4730       20 -0.156264193503E-04
            4730       21 -0.133521882539E-04
            4730       22 -0.114217460539E-04
            4730       23 -0.978957011281E-05
            4730       24 -0.841192765515E-05
            4730       25 -0.725007888109E-05
            4730       26 -0.626910581449E-05
            4730       27 -0.543945608491E-05
            4730       28 -0.473514019365E-05
            4730       29 -0.413770983024E-05
            4730       30 -0.363072571266E-05
            4730       31 -0.319776304327E-05
            4730       32 -0.282438832072E-05
            4730       33 -0.250217320542E-05
            4730       34 -0.222398549729E-05
            4730       35 -0.198268963280E-05
            4730       36 -0.177193229073E-05
            4730       37 -0.158774872559E-05
            4730       38 -0.142663719748E-05
            4730       39 -0.128508819379E-05
            4730       40 -0.115995619695E-05
            4730       41 -0.104926111885E-05
            4730       42 -0.951227501504E-06
            4730       43 -0.864106782965E-06
            4730       44 -0.786719544580E-06
            4730       45 -0.718668017982E-06
            4730       46 -0.657138701678E-06
            4730       47 -0.601110147479E-06
            4730       48 -0.550700393569E-06
            4730       49 -0.505296083337E-06
            4730       50 -0.464325488081E-06
            4730       51 -0.427290428447E-06
            4730       52 -0.393755788223E-06
            4730       53 -0.363340664260E-06
            4730       54 -0.335710875996E-06
            4730       55 -0.310572608234E-06
            4730       56 -0.287667001344E-06
            4730       57 -0.266765535798E-06
            4730       58 -0.247666084546E-06
            4730       59 -0.230189528421E-06
            4730       60 -0.214176847428E-06
            4730       61 -0.199486615306E-06
            4730       62 -0.185992836676E-06
            4730       63 -0.173583075900E-06
            4730       64 -0.162156834933E-06
            4730       65 -0.151624144167E-06
            4730       66 -0.141904335904E-06
            4730       67 -0.132924974702E-06
            4730       68 -0.124620922824E-06
            4730       69 -0.116933522220E-06
            4730       70 -0.109809877238E-06
            4730       71 -0.103202224590E-06
            4730       72 -0.970673790269E-07
            4730       73 -0.913662448071E-07
            4730       74 -0.860633844931E-07
            4730       75 -0.811266377229E-07
            4730       76 -0.765267836797E-07
            4730       77 -0.722372417914E-07
            4730       78 -0.682338059522E-07
            4730       79 -0.644944081773E-07
            4730       80 -0.609989081413E-07
            4730       81 -0.577289055128E-07
            4730       82 -0.546675723966E-07
            4730       83 -0.517995035341E-07
            4730       84 -0.491105822153E-07
            4730       85 -0.465878601027E-07
            4730       86 -0.442194493969E-07
            4731        1  0.406482940310E-03
            4731        2  0.222028993382E-03
            4731        3  0.129302246018E-03
            4731        4  0.791117962971E-04
            4731        5  0.504081675592E-04
            4731        6  0.330891107934E-04
            4731        7  0.222408862878E-04
            4731        8  0.152547868423E-04
            4731        9  0.106614328741E-04
            4731       10  0.759246387542E-05
            4731       11  0.550481554124E-05
            4731       12  0.405880074040E-05
            4731       13  0.304119466971E-05
            4731       14  0.231404960199E-05
            4731       15  0.178619375494E-05
            4731       16  0.139620116839E-05
            4731       17  0.110323571226E-05
            4731       18  0.878378957825E-06
            4731       19  0.705479217401E-06
            4731       20  0.570045634244E-06
            4731       21  0.464179622546E-06
            4731       22  0.380423891359E-06
            4731       23  0.313956397816E-06
            4731       24  0.260249762224E-06
            4731       25  0.216855910617E-06
            4731       26  0.181461689297E-06
            4731       27  0.152504434771E-06
            4731       28  0.128482451438E-06
            4731       29  0.108679661166E-06
            4731       30  0.923998633476E-07
            4731       31  0.789112098445E-07
            4731       32  0.675056614937E-07
            4731       33  0.579206160930E-07
            4731       34  0.498862243883E-07
            4731       35  0.431154672058E-07
            4731       36  0.373325529552E-07
            4731       37  0.324167871529E-07
            4731       38  0.282408710527E-07
            4731       39  0.246663538261E-07
            4731       40  0.215700216409E-07
            4731       41  0.189175863887E-07
            4731       42  0.166718878819E-07
            4731       43  0.146558708848E-07
            4731       44  0.104144030312E-07
            4731       45  0.446605024381E-08
            4731       46  0.255148730390E-08
            4731       47  0.224311224318E-08
            4731       48  0.200206602329E-08
            4731       49  0.179023677577E-08
            4731       50  0.160369372229E-08
            4731       51  0.143908573678E-08
            4731       52  0.129354859564E-08
            4731       53  0.116462819835E-08
            4731       54  0.105021681945E-08
            4731       55  0.948500028105E-09
            4731       56  0.857912366398E-09
            4731       57  0.777100241094E-09
            4731       58  0.704890773102E-09
            4731       59  0.640265581514E-09
            4731       60  0.582338665802E-09
            4731       61  0.530337700661E-09
            4731       62  0.483588179904E-09
            4731       63  0.441499944897E-09
            4731       64  0.403555713572E-09
            4731       65  0.369301291883E-09
            4731       66  0.338337203477E-09
            4731       67  0.310311517402E-09
            4731       68  0.284913690206E-09
            4731       69  0.261869268704E-09
            4731       70  0.240935324473E-09
            4731       71  0.221896511784E-09
            4731       72  0.204561657695E-09
            4731       73  0.188760807298E-09
            4731       74  0.174342658973E-09
            4731       75  0.161172334468E-09
            4731       76  0.149129436893E-09
            4731       77  0.138106356802E-09
            4731       78  0.128006792319E-09
            4731       79  0.118744454329E-09
            4731       80  0.110241931880E-09
            4731       81  0.102429696535E-09
            4731       82  0.952452274115E-10
            4731       83  0.886322412023E-10
            4731       84  0.825400136595E-10
            4731       85  0.769227808813E-10
            4731       86  0.717392103213E-10
            4732        1  0.107126569156E-02
            4732        2  0.596934851904E-03
            4732        3  0.338042136568E-03
            4732        4  0.191343798347E-03
            4732        5  0.106575156945E-03
            4732        6  0.572969187192E-04
            4732        7  0.289679966291E-04
            4732        8  0.130723203189E-04
            4732        9  0.453556076436E-05
            4732       10  0.246796236300E-06
            4732       11 -0.165567463977E-05
            4732       12 -0.228563286198E-05
            4732       13 -0.228602497909E-05
            4732       14 -0.201578649137E-05
            4732       15 -0.166200706110E-05
            4732       16 -0.131568985155E-05
            4732       17 -0.101087879492E-05
            4732       18 -0.765212206786E-06
            4732       19 -0.568654524730E-06
            4732       20 -0.417540460736E-06
            4732       21 -0.304778351346E-06
            4732       22 -0.221917813059E-06
            4732       23 -0.161741836771E-06
            4732       24 -0.118035551598E-06
            4732       25 -0.865794527284E-07
            4732       26 -0.636477680256E-07
            4732       27 -0.468448781733E-07
            4732       28 -0.342645293200E-07
            4732       29 -0.251217436152E-07
            4732       30 -0.186448405492E-07
            4732       31 -0.140379033001E-07
            4732       32 -0.105746393076E-07
            4732       33 -0.802106442791E-08
            4732       34 -0.620727480568E-08
            4732       35 -0.495359183396E-08
            4732       36 -0.401914073507E-08
            4732       37 -0.331865586675E-08
            4732       38 -0.281429193365E-08
            4732       39 -0.246327240052E-08
            4732       40 -0.218973172349E-08
            4732       41 -0.196880334974E-08
            4732       42 -0.179268314801E-08
            4732       43 -0.160642466676E-08
            4732       44 -0.126752754566E-08
            4732       45 -0.134315464929E-08
            4732       46 -0.128028943490E-08
            4732       47 -0.110162075209E-08
            4732       48 -0.957031364738E-09
            4732       49 -0.833332465190E-09
            4732       50 -0.727237798742E-09
            4732       51 -0.636018958587E-09
            4732       52 -0.557403953157E-09
            4732       53 -0.489495406242E-09
            4732       54 -0.430704366231E-09
            4732       55 -0.379696570006E-09
            4732       56 -0.335348679031E-09
            4732       57 -0.296712526993E-09
            4732       58 -0.262985824775E-09
            4732       59 -0.233488086727E-09
            4732       60 -0.207640791689E-09
            4732       61 -0.184950988991E-09
            4732       62 -0.164997715035E-09
            4732       63 -0.147420709467E-09
            4732       64 -0.131911017922E-09
            4732       65 -0.118203146735E-09
            4732       66 -0.106068497630E-09
            4732       67 -0.953098607749E-10
            4732       68 -0.857567850964E-10
            4732       69 -0.772616775201E-10
            4732       70 -0.696965092722E-10
            4732       71 -0.629500289381E-10
            4732       72 -0.569253994609E-10
            4732       73 -0.515381905986E-10
            4732       74 -0.467146700340E-10
            4732       75 -0.423903459347E-10
            4732       76 -0.385087216541E-10
            4732       77 -0.350202297592E-10
            4732       78 -0.318813179372E-10
            4732       79 -0.290536637863E-10
            4732       80 -0.265034991677E-10
            4732       81 -0.242010278690E-10
            4732       82 -0.221199228794E-10
            4732       83 -0.202368916961E-10
            4732       84 -0.185312998814E-10
            4732       85 -0.169848445592E-10
            4732       86 -0.155812708093E-10
            4733        1  0.106692334129E-02
            4733        2  0.587623553643E-03
            4733        3  0.336046552338E-03
            4733        4  0.196485990804E-03
            4733        5  0.116323403527E-03
            4733        6  0.691070027534E-04
            4733        7  0.410330202668E-04
            4733        8  0.243169605416E-04
            4733        9  0.144202864166E-04
            4733       10  0.860601236291E-05
            4733       11  0.521815805887E-05
            4733       12  0.325466579289E-05
            4733       13  0.211832496583E-05
            4733       14  0.145578374190E-05
            4733       15  0.106203076518E-05
            4733       16  0.818363052332E-06
            4733       17  0.660329673291E-06
            4733       18  0.546080282278E-06
            4733       19  0.463041248833E-06
            4733       20  0.396927870031E-06
            4733       21  0.342348340911E-06
            4733       22  0.295550185217E-06
            4733       23  0.255348377905E-06
            4733       24  0.220318047327E-06
            4733       25  0.189955716343E-06
            4733       26  0.163713126655E-06
            4733       27  0.141186410100E-06
            4733       28  0.121789625332E-06
            4733       29  0.105151969515E-06
            4733       30  0.909193378053E-07
            4733       31  0.787152905786E-07
            4733       32  0.681655097142E-07
            4733       33  0.591050043904E-07
            4733       34  0.513287609806E-07
            4733       35  0.446198883287E-07
            4733       36  0.388135923714E-07
            4733       37  0.338245376507E-07
            4733       38  0.295351676579E-07
            4733       39  0.258190129264E-07
            4733       40  0.225839391820E-07
            4733       41  0.198039272349E-07
            4733       42  0.174411899525E-07
            4733       43  0.153429968296E-07
            4733       44  0.108974223494E-07
            4733       45  0.418532133293E-08
            4733       46  0.206593620020E-08
            4733       47  0.183202567670E-08
            4733       48  0.164980588252E-08
            4733       49  0.148779172612E-08
            4733       50  0.134353071347E-08
            4733       51  0.121489106541E-08
            4733       52  0.110001720445E-08
            4733       53  0.997291694604E-09
            4733       54  0.905302676429E-09
            4733       55  0.822815980881E-09
            4733       56  0.748751226831E-09
            4733       57  0.682161311846E-09
            4733       58  0.622214794764E-09
            4733       59  0.568180744414E-09
            4733       60  0.519415693311E-09
            4733       61  0.475352389664E-09
            4733       62  0.435490087348E-09
            4733       63  0.399386152544E-09
            4733       64  0.366648798944E-09
            4733       65  0.336930791410E-09
            4733       66  0.309923981728E-09
            4733       67  0.285354560153E-09
            4733       68  0.262978923500E-09
            4733       69  0.242580074991E-09
            4733       70  0.223964483270E-09
            4733       71  0.206959338460E-09
            4733       72  0.191410151977E-09
            4733       73  0.177178654322E-09
            4733       74  0.164140951551E-09
            4733       75  0.152185906529E-09
            4733       76  0.141213715833E-09
            4733       77  0.131134657099E-09
            4733       78  0.121867985077E-09
            4733       79  0.113340957579E-09
            4733       80  0.105487975018E-09
            4733       81  0.982498194229E-10
            4733       82  0.915729806436E-10
            4733       83  0.854090590929E-10
            4733       84  0.797142357397E-10
            4733       85  0.744488012680E-10
            4733       86  0.695767373424E-10
