            3042        1  0.279255110067E-02
            3042        2  0.164608202266E-02
            3042        3  0.100516838030E-02
            3042        4  0.627469849100E-03
            3042        5  0.396097978622E-03
            3042        6  0.250430759491E-03
            3042        7  0.157454365750E-03
            3042        8  0.978532286216E-04
            3042        9  0.597693344459E-04
            3042       10  0.356561664028E-04
            3042       11  0.205886633760E-04
            3042       12  0.113280365309E-04
            3042       13  0.574693130056E-05
            3042       14  0.247062648513E-05
            3042       15  0.618269965996E-06
            3042       16 -0.369496339400E-06
            3042       17 -0.848253035658E-06
            3042       18 -0.103479581094E-05
            3042       19 -0.105164286007E-05
            3042       20 -0.988172889232E-06
            3042       21 -0.886127277407E-06
            3042       22 -0.774002346427E-06
            3042       23 -0.663329925171E-06
            3042       24 -0.562081320664E-06
            3042       25 -0.472865571338E-06
            3042       26 -0.396712034076E-06
            3042       27 -0.332201496896E-06
            3042       28 -0.278325690152E-06
            3042       29 -0.233709790975E-06
            3042       30 -0.196767489871E-06
            3042       31 -0.165933589227E-06
            3042       32 -0.140300384158E-06
            3042       33 -0.119122676005E-06
            3042       34 -0.101614357323E-06
            3042       35 -0.869929847265E-07
            3042       36 -0.747201453923E-07
            3042       37 -0.644357436084E-07
            3042       38 -0.557929562823E-07
            3042       39 -0.484468283837E-07
            3042       40 -0.421633640239E-07
            3042       41 -0.367965009065E-07
            3042       42 -0.322087597023E-07
            3042       43 -0.283579410865E-07
            3042       44 -0.260598236788E-07
            3042       45 -0.236512560817E-07
            3042       46 -0.206092958276E-07
            3042       47 -0.182555821399E-07
            3042       48 -0.162282545775E-07
            3042       49 -0.144558059610E-07
            3042       50 -0.129026305775E-07
            3042       51 -0.115385732766E-07
            3042       52 -0.103380249572E-07
            3042       53 -0.927917937481E-08
            3042       54 -0.834342056956E-08
            3042       55 -0.751481640448E-08
            3042       56 -0.677969859037E-08
            3042       57 -0.612631342275E-08
            3042       58 -0.554453051183E-08
            3042       59 -0.502559921610E-08
            3042       60 -0.456194442888E-08
            3042       61 -0.414699492051E-08
            3042       62 -0.377503868636E-08
            3042       63 -0.344110075642E-08
            3042       64 -0.314083973525E-08
            3042       65 -0.287046000001E-08
            3042       66 -0.262663702015E-08
            3042       67 -0.240645369992E-08
            3042       68 -0.220734600115E-08
            3042       69 -0.202705639785E-08
            3042       70 -0.186359395415E-08
            3042       71 -0.171520001579E-08
            3042       72 -0.158031866955E-08
            3042       73 -0.145757126016E-08
            3042       74 -0.134573436748E-08
            3042       75 -0.124372074008E-08
            3042       76 -0.115056275963E-08
            3042       77 -0.106539807577E-08
            3042       78 -0.987457105941E-09
            3042       79 -0.916052140189E-09
            3042       80 -0.850567830025E-09
            3042       81 -0.790452872459E-09
            3042       82 -0.735212728059E-09
            3042       83 -0.684403234992E-09
            3042       84 -0.637625000625E-09
            3042       85 -0.594518469032E-09
            3042       86 -0.554759576893E-09
            3044        1  0.738047455887E-03
            3044        2  0.411475361599E-03
            3044        3  0.238844017233E-03
            3044        4  0.142271560442E-03
            3044        5  0.862918167314E-04
            3044        6  0.528726169438E-04
            3044        7  0.326237888485E-04
            3044        8  0.202823464262E-04
            3044        9  0.127552700088E-04
            3044       10  0.815712536961E-05
            3044       11  0.533610368311E-05
            3044       12  0.359063898048E-05
            3044       13  0.249964420637E-05
            3044       14  0.180715339159E-05
            3044       15  0.135659953657E-05
            3044       16  0.105203773932E-05
            3044       17  0.837585967296E-06
            3044       18  0.676625527968E-06
            3044       19  0.555320660794E-06
            3044       20  0.460028700766E-06
            3044       21  0.384586392518E-06
            3044       22  0.323846418379E-06
            3044       23  0.274907315724E-06
            3044       24  0.234577558733E-06
            3044       25  0.200974441920E-06
            3044       26  0.172559889665E-06
            3044       27  0.148457202264E-06
            3044       28  0.127789789530E-06
            3044       29  0.110159524613E-06
            3044       30  0.951701432060E-07
            3044       31  0.823963342453E-07
            3044       32  0.714071757671E-07
            3044       33  0.620222333206E-07
            3044       34  0.540190395758E-07
            3044       35  0.471580562678E-07
            3044       36  0.412181023246E-07
            3044       37  0.360997045407E-07
            3044       38  0.316853066429E-07
            3044       39  0.278468952763E-07
            3044       40  0.244807906775E-07
            3044       41  0.215613402605E-07
            3044       42  0.190554951286E-07
            3044       43  0.167792808706E-07
            3044       44  0.119069191305E-07
            3044       45  0.480958873557E-08
            3044       46  0.246008245909E-08
            3044       47  0.215435861504E-08
            3044       48  0.193127392890E-08
            3044       49  0.173414754215E-08
            3044       50  0.155963999160E-08
            3044       51  0.140488072682E-08
            3044       52  0.126739699207E-08
            3044       53  0.114505425712E-08
            3044       54  0.103600620400E-08
            3044       55  0.938652639756E-09
            3044       56  0.851603998760E-09
            3044       57  0.773651336679E-09
            3044       58  0.703740911313E-09
            3044       59  0.640952603445E-09
            3044       60  0.584481559485E-09
            3044       61  0.533622543138E-09
            3044       62  0.487756569726E-09
            3044       63  0.446339467997E-09
            3044       64  0.408892072742E-09
            3044       65  0.374991800062E-09
            3044       66  0.344265397150E-09
            3044       67  0.316382691679E-09
            3044       68  0.291051193582E-09
            3044       69  0.268011425006E-09
            3044       70  0.247032873444E-09
            3044       71  0.227910479154E-09
            3044       72  0.210461581417E-09
            3044       73  0.194523259549E-09
            3044       74  0.179950014056E-09
            3044       75  0.166611741389E-09
            3044       76  0.154391962494E-09
            3044       77  0.143186271153E-09
            3044       78  0.132900972870E-09
            3044       79  0.123451889281E-09
            3044       80  0.114763306519E-09
            3044       81  0.106767048972E-09
            3044       82  0.994016624086E-10
            3044       83  0.926116926398E-10
            3044       84  0.863470477436E-10
            3044       85  0.805624334749E-10
            3044       86  0.752168528588E-10
            3046        1  0.253427255608E-02
            3046        2  0.163760938232E-02
            3046        3  0.110592580685E-02
            3046        4  0.773278149574E-03
            3046        5  0.555790332890E-03
            3046        6  0.408400280480E-03
            3046        7  0.305801151611E-03
            3046        8  0.232856527141E-03
            3046        9  0.180086006236E-03
            3046       10  0.141314330311E-03
            3046       11  0.112398260196E-03
            3046       12  0.905079353310E-04
            3046       13  0.736877012861E-04
            3046       14  0.605793340513E-04
            3046       15  0.502325904957E-04
            3046       16  0.419745815857E-04
            3046       17  0.353168587569E-04
            3046       18  0.299022708826E-04
            3046       19  0.254708684738E-04
            3046       20  0.218086390258E-04
            3046       21  0.187666291878E-04
            3046       22  0.162215825253E-04
            3046       23  0.140818548262E-04
            3046       24  0.122712104775E-04
            3046       25  0.107335593076E-04
            3046       26  0.942098127436E-05
            3046       27  0.829539056940E-05
            3046       28  0.732530672781E-05
            3046       29  0.648929413287E-05
            3046       30  0.576760338393E-05
            3046       31  0.514063115273E-05
            3046       32  0.459213546345E-05
            3046       33  0.411216646477E-05
            3046       34  0.369174802060E-05
            3046       35  0.332197055537E-05
            3046       36  0.299530452085E-05
            3046       37  0.270662192901E-05
            3046       38  0.245113400120E-05
            3046       39  0.222409025483E-05
            3046       40  0.202152162815E-05
            3046       41  0.184070543683E-05
            3046       42  0.167907326570E-05
            3046       43  0.153412251758E-05
            3046       44  0.140385618013E-05
            3046       45  0.128664183858E-05
            3046       46  0.118114353412E-05
            3046       47  0.108577239002E-05
            3046       48  0.999478522930E-06
            3046       49  0.921286957953E-06
            3046       50  0.850323749687E-06
            3046       51  0.785821061325E-06
            3046       52  0.727102886701E-06
            3046       53  0.673572875783E-06
            3046       54  0.624703927669E-06
            3046       55  0.580029272821E-06
            3046       56  0.539134813428E-06
            3046       57  0.501652529320E-06
            3046       58  0.467254788625E-06
            3046       59  0.435649428447E-06
            3046       60  0.406575492457E-06
            3046       61  0.379799530151E-06
            3046       62  0.355112377436E-06
            3046       63  0.332326350548E-06
            3046       64  0.311272795662E-06
            3046       65  0.291799945225E-06
            3046       66  0.273771039305E-06
            3046       67  0.257062676328E-06
            3046       68  0.241563362795E-06
            3046       69  0.227172235871E-06
            3046       70  0.213797936432E-06
            3046       71  0.201357613327E-06
            3046       72  0.189776042235E-06
            3046       73  0.178984844750E-06
            3046       74  0.168921795341E-06
            3046       75  0.159530205374E-06
            3046       76  0.150758374929E-06
            3046       77  0.142559104246E-06
            3046       78  0.134889257777E-06
            3046       79  0.127709374652E-06
            3046       80  0.120983320208E-06
            3046       81  0.114677973837E-06
            3046       82  0.108762949064E-06
            3046       83  0.103210342204E-06
            3046       84  0.979945064448E-07
            3046       85  0.930918485335E-07
            3046       86  0.884806456183E-07
            3048        1 -0.637895564446E-02
            3048        2 -0.373371166714E-02
            3048        3 -0.216623466929E-02
            3048        4 -0.122992443603E-02
            3048        5 -0.673921368006E-03
            3048        6 -0.349260229241E-03
            3048        7 -0.165257206283E-03
            3048        8 -0.656175585007E-04
            3048        9 -0.153273605269E-04
            3048       10  0.718295034347E-05
            3048       11  0.148661549997E-04
            3048       12  0.152618690378E-04
            3048       13  0.125641159239E-04
            3048       14  0.897065696495E-05
            3048       15  0.553798743908E-05
            3048       16  0.269807213890E-05
            3048       17  0.554120505108E-06
            3048       18 -0.934216837758E-06
            3048       19 -0.190430157068E-05
            3048       20 -0.245898858798E-05
            3048       21 -0.272113424558E-05
            3048       22 -0.278208775690E-05
            3048       23 -0.271483804869E-05
            3048       24 -0.257232435345E-05
            3048       25 -0.238822142365E-05
            3048       26 -0.218705493016E-05
            3048       27 -0.198441092251E-05
            3048       28 -0.179039163741E-05
            3048       29 -0.160722420974E-05
            3048       30 -0.143730590204E-05
            3048       31 -0.128330870781E-05
            3048       32 -0.114620230063E-05
            3048       33 -0.102405369919E-05
            3048       34 -0.915433739180E-06
            3048       35 -0.819086341202E-06
            3048       36 -0.733789189158E-06
            3048       37 -0.658187336533E-06
            3048       38 -0.591214167769E-06
            3048       39 -0.531899780997E-06
            3048       40 -0.479338197590E-06
            3048       41 -0.432680295252E-06
            3048       42 -0.391212934115E-06
            3048       43 -0.354230132765E-06
            3048       44 -0.320643499762E-06
            3048       45 -0.291108560185E-06
            3048       46 -0.265523736357E-06
            3048       47 -0.242239779333E-06
            3048       48 -0.221344987407E-06
            3048       49 -0.202594062802E-06
            3048       50 -0.185733153560E-06
            3048       51 -0.170542329605E-06
            3048       52 -0.156830553860E-06
            3048       53 -0.144431469432E-06
            3048       54 -0.133199859464E-06
            3048       55 -0.123008663286E-06
            3048       56 -0.113746454129E-06
            3048       57 -0.105315300989E-06
            3048       58 -0.976289511933E-07
            3048       59 -0.906112814712E-07
            3048       60 -0.841949744811E-07
            3048       61 -0.783203851655E-07
            3048       62 -0.729345673658E-07
            3048       63 -0.679904360843E-07
            3048       64 -0.634460448513E-07
            3048       65 -0.592639610096E-07
            3048       66 -0.554107244902E-07
            3048       67 -0.518563779405E-07
            3048       68 -0.485740579797E-07
            3048       69 -0.455396389213E-07
            3048       70 -0.427314216379E-07
            3048       71 -0.401298613401E-07
            3048       72 -0.377173289726E-07
            3048       73 -0.354779017013E-07
            3048       74 -0.333971786360E-07
            3048       75 -0.314621184681E-07
            3048       76 -0.296608961915E-07
            3048       77 -0.279827764571E-07
            3048       78 -0.264180014581E-07
            3048       79 -0.249576915279E-07
            3048       80 -0.235937568793E-07
            3048       81 -0.223188191219E-07
            3048       82 -0.211261413785E-07
            3048       83 -0.200095659696E-07
            3048       84 -0.189634587744E-07
            3048       85 -0.179826594866E-07
            3048       86 -0.170624370829E-07
            3050        1  0.106978306961E-02
            3050        2  0.587276434662E-03
            3050        3  0.317090702069E-03
            3050        4  0.163154720126E-03
            3050        5  0.752712186942E-04
            3050        6  0.259865808464E-04
            3050        7 -0.336890028598E-06
            3050        8 -0.130730805969E-04
            3050        9 -0.180016725254E-04
            3050       10 -0.186929260224E-04
            3050       11 -0.172954313407E-04
            3050       12 -0.150490865450E-04
            3050       13 -0.126247480818E-04
            3050       14 -0.103551940720E-04
            3050       15 -0.838051673602E-05
            3050       16 -0.673689471990E-05
            3050       17 -0.540768276327E-05
            3050       18 -0.435349501988E-05
            3050       19 -0.352256708593E-05
            3050       20 -0.287292524828E-05
            3050       21 -0.236384200541E-05
            3050       22 -0.196398663580E-05
            3050       23 -0.164809572647E-05
            3050       24 -0.139636842209E-05
            3050       25 -0.119465596618E-05
            3050       26 -0.103133519252E-05
            3050       27 -0.897401386766E-06
            3050       28 -0.785961729672E-06
            3050       29 -0.693194777564E-06
            3050       30 -0.615467949581E-06
            3050       31 -0.549126261788E-06
            3050       32 -0.491466115328E-06
            3050       33 -0.441356161069E-06
            3050       34 -0.397674536653E-06
            3050       35 -0.359278629383E-06
            3050       36 -0.325285590718E-06
            3050       37 -0.295212853800E-06
            3050       38 -0.268550081967E-06
            3050       39 -0.244774904291E-06
            3050       40 -0.223479946423E-06
            3050       41 -0.204410741005E-06
            3050       42 -0.187296188129E-06
            3050       43 -0.171932315088E-06
            3050       44 -0.158779243013E-06
            3050       45 -0.147185128247E-06
            3050       46 -0.135944235548E-06
            3050       47 -0.125395583435E-06
            3050       48 -0.115781418776E-06
            3050       49 -0.107030758152E-06
            3050       50 -0.990553524279E-07
            3050       51 -0.917769926485E-07
            3050       52 -0.851262605586E-07
            3050       53 -0.790414466670E-07
            3050       54 -0.734676119863E-07
            3050       55 -0.683557731377E-07
            3050       56 -0.636621935267E-07
            3050       57 -0.593477658466E-07
            3050       58 -0.553774733287E-07
            3050       59 -0.517199189890E-07
            3050       60 -0.483469136753E-07
            3050       61 -0.452331150349E-07
            3050       62 -0.423557106472E-07
            3050       63 -0.396941395141E-07
            3050       64 -0.372298469148E-07
            3050       65 -0.349460683245E-07
            3050       66 -0.328276386874E-07
            3050       67 -0.308608238351E-07
            3050       68 -0.290331712821E-07
            3050       69 -0.273333779935E-07
            3050       70 -0.257511730408E-07
            3050       71 -0.242772133383E-07
            3050       72 -0.229029908833E-07
            3050       73 -0.216207501269E-07
            3050       74 -0.204234142840E-07
            3050       75 -0.193045195302E-07
            3050       76 -0.182581561777E-07
            3050       77 -0.172789160269E-07
            3050       78 -0.163618451905E-07
            3050       79 -0.155024017768E-07
            3050       80 -0.146964178876E-07
            3050       81 -0.139400654559E-07
            3050       82 -0.132298255007E-07
            3050       83 -0.125624604310E-07
            3050       84 -0.119349890680E-07
            3050       85 -0.113446640994E-07
            3050       86 -0.107889517055E-07
            3052        1 -0.353906659524E-02
            3052        2 -0.225086887468E-02
            3052        3 -0.144709897122E-02
            3052        4 -0.930159691395E-03
            3052        5 -0.593850655285E-03
            3052        6 -0.374296104970E-03
            3052        7 -0.231569967681E-03
            3052        8 -0.139662217449E-03
            3052        9 -0.812865062618E-04
            3052       10 -0.448481305679E-04
            3052       11 -0.225866508950E-04
            3052       12 -0.935684644108E-05
            3052       13 -0.179543356150E-05
            3052       14  0.226650852220E-05
            3052       15  0.421356365716E-05
            3052       16  0.492148630159E-05
            3052       17  0.494267166555E-05
            3052       18  0.461585871077E-05
            3052       19  0.412563498043E-05
            3052       20  0.360356291472E-05
            3052       21  0.310125195613E-05
            3052       22  0.264903385818E-05
            3052       23  0.225013335475E-05
            3052       24  0.190548346961E-05
            3052       25  0.161125850120E-05
            3052       26  0.136283574416E-05
            3052       27  0.115307699497E-05
            3052       28  0.977238558765E-06
            3052       29  0.830856745600E-06
            3052       30  0.708743388372E-06
            3052       31  0.605778244864E-06
            3052       32  0.519149979470E-06
            3052       33  0.446678891555E-06
            3052       34  0.385914681664E-06
            3052       35  0.334430544556E-06
            3052       36  0.290699132355E-06
            3052       37  0.253628119195E-06
            3052       38  0.222077738650E-06
            3052       39  0.194926390592E-06
            3052       40  0.171508080421E-06
            3052       41  0.151345352545E-06
            3052       42  0.133938985541E-06
            3052       43  0.118894645530E-06
            3052       44  0.106366569682E-06
            3052       45  0.945509832502E-07
            3052       46  0.840781568223E-07
            3052       47  0.753924605768E-07
            3052       48  0.677518875008E-07
            3052       49  0.610023525766E-07
            3052       50  0.550268924959E-07
            3052       51  0.497255415848E-07
            3052       52  0.450126319924E-07
            3052       53  0.408145578011E-07
            3052       54  0.370679175327E-07
            3052       55  0.337179663183E-07
            3052       56  0.307173223116E-07
            3052       57  0.280248824975E-07
            3052       58  0.256049114855E-07
            3052       59  0.234262736331E-07
            3052       60  0.214617842660E-07
            3052       61  0.196876601379E-07
            3052       62  0.180830528047E-07
            3052       63  0.166296514585E-07
            3052       64  0.153113440952E-07
            3052       65  0.141139277976E-07
            3052       66  0.130248604685E-07
            3052       67  0.120330476313E-07
            3052       68  0.111286589610E-07
            3052       69  0.103029700828E-07
            3052       70  0.954822588784E-08
            3052       71  0.885752221202E-08
            3052       72  0.822470322036E-08
            3052       73  0.764427224835E-08
            3052       74  0.711131419797E-08
            3052       75  0.662142787366E-08
            3052       76  0.617066688456E-08
            3052       77  0.575548794343E-08
            3052       78  0.537270556313E-08
            3052       79  0.501945229636E-08
            3052       80  0.469314378661E-08
            3052       81  0.439144800177E-08
            3052       82  0.411225810995E-08
            3052       83  0.385366853182E-08
            3052       84  0.361395376780E-08
            3052       85  0.339154965271E-08
            3052       86  0.318503673711E-08
            3054        1 -0.196445165962E-02
            3054        2 -0.135683578857E-02
            3054        3 -0.919590612677E-03
            3054        4 -0.612924150875E-03
            3054        5 -0.401755433855E-03
            3054        6 -0.258693876931E-03
            3054        7 -0.163327279070E-03
            3054        8 -0.100789938990E-03
            3054        9 -0.604348081073E-04
            3054       10 -0.348279586314E-04
            3054       11 -0.188952080192E-04
            3054       12 -0.922375121007E-05
            3054       13 -0.354723554655E-05
            3054       14 -0.372094441029E-06
            3054       15  0.127489602512E-05
            3054       16  0.201581048709E-05
            3054       17  0.224275289886E-05
            3054       18  0.219363690078E-05
            3054       19  0.200261847552E-05
            3054       20  0.176332473018E-05
            3054       21  0.151594751540E-05
            3054       22  0.128531731375E-05
            3054       23  0.107899045693E-05
            3054       24  0.900907813139E-06
            3054       25  0.749709752311E-06
            3054       26  0.623157287104E-06
            3054       27  0.517525028054E-06
            3054       28  0.430082261596E-06
            3054       29  0.358265162136E-06
            3054       30  0.299304148170E-06
            3054       31  0.250442840641E-06
            3054       32  0.209940325447E-06
            3054       33  0.176563893993E-06
            3054       34  0.149080786189E-06
            3054       35  0.126254733715E-06
            3054       36  0.107206173231E-06
            3054       37  0.913595198897E-07
            3054       38  0.781714747906E-07
            3054       39  0.670980043179E-07
            3054       40  0.577627723160E-07
            3054       41  0.499126742495E-07
            3054       42  0.433073446274E-07
            3054       43  0.376110517853E-07
            3054       44  0.312129036231E-07
            3054       45  0.252370262040E-07
            3054       46  0.219721349004E-07
            3054       47  0.193595497627E-07
            3054       48  0.170737719905E-07
            3054       49  0.150882787565E-07
            3054       50  0.133597256849E-07
            3054       51  0.118515723546E-07
            3054       52  0.105329306651E-07
            3054       53  0.937762188270E-08
            3054       54  0.836340213395E-08
            3054       55  0.747132431687E-08
            3054       56  0.668521085343E-08
            3054       57  0.599121678282E-08
            3054       58  0.537746671157E-08
            3054       59  0.483375232303E-08
            3054       60  0.435127968507E-08
            3054       61  0.392245762152E-08
            3054       62  0.354072003654E-08
            3054       63  0.320037638637E-08
            3054       64  0.289648554547E-08
            3054       65  0.262474916497E-08
            3054       66  0.238142131168E-08
            3054       67  0.216323173733E-08
            3054       68  0.196732058501E-08
            3054       69  0.179118271479E-08
            3054       70  0.163262013637E-08
            3054       71  0.148970128950E-08
            3054       72  0.136072612023E-08
            3054       73  0.124419607268E-08
            3054       74  0.113878825772E-08
            3054       75  0.104333317828E-08
            3054       76  0.956795488282E-09
            3054       77  0.878257344196E-09
            3054       78  0.806903976271E-09
            3054       79  0.742011163312E-09
            3054       80  0.682934342885E-09
            3054       81  0.629099128860E-09
            3054       82  0.579993042027E-09
            3054       83  0.535158288011E-09
            3054       84  0.494185440780E-09
            3054       85  0.456707910416E-09
            3054       86  0.422397091133E-09
            3056        1  0.271624268558E-05
            3056        2 -0.572007650666E-04
            3056        3 -0.977292685968E-04
            3056        4 -0.123494590177E-03
            3056        5 -0.136055953434E-03
            3056        6 -0.138599708777E-03
            3056        7 -0.134310322589E-03
            3056        8 -0.125859779691E-03
            3056        9 -0.115229305333E-03
            3056       10 -0.103808376787E-03
            3056       11 -0.924944601424E-04
            3056       12 -0.818168189075E-04
            3056       13 -0.720420709347E-04
            3056       14 -0.632744850480E-04
            3056       15 -0.555203165548E-04
            3056       16 -0.487287343473E-04
            3056       17 -0.428195944534E-04
            3056       18 -0.376976758214E-04
            3056       19 -0.332684477709E-04
            3056       20 -0.294382671595E-04
            3056       21 -0.261252301695E-04
            3056       22 -0.232531843231E-04
            3056       23 -0.207584093351E-04
            3056       24 -0.185838750426E-04
            3056       25 -0.166847711776E-04
            3056       26 -0.150207369727E-04
            3056       27 -0.135580706105E-04
            3056       28 -0.122671013804E-04
            3056       29 -0.111269748474E-04
            3056       30 -0.101187026148E-04
            3056       31 -0.922318592285E-05
            3056       32 -0.842327757033E-05
            3056       33 -0.770815586170E-05
            3056       34 -0.706819166006E-05
            3056       35 -0.649371160072E-05
            3056       36 -0.597604219146E-05
            3056       37 -0.550922426596E-05
            3056       38 -0.508773598371E-05
            3056       39 -0.470603879874E-05
            3056       40 -0.435924970380E-05
            3056       41 -0.404394643880E-05
            3056       42 -0.375690572525E-05
            3056       43 -0.349487371254E-05
            3056       44 -0.325476773258E-05
            3056       45 -0.303513097034E-05
            3056       46 -0.283430703270E-05
            3056       47 -0.264978442724E-05
            3056       48 -0.248004931054E-05
            3056       49 -0.232371615857E-05
            3056       50 -0.217953218626E-05
            3056       51 -0.204637946939E-05
            3056       52 -0.192325855875E-05
            3056       53 -0.180927430762E-05
            3056       54 -0.170362358379E-05
            3056       55 -0.160558459108E-05
            3056       56 -0.151450756869E-05
            3056       57 -0.142980667322E-05
            3056       58 -0.135095287784E-05
            3056       59 -0.127746774898E-05
            3056       60 -0.120891798099E-05
            3056       61 -0.114491058765E-05
            3056       62 -0.108508866349E-05
            3056       63 -0.102912764098E-05
            3056       64 -0.976731979604E-06
            3056       65 -0.927632232162E-06
            3056       66 -0.881582440997E-06
            3056       67 -0.838357823413E-06
            3056       68 -0.797752710895E-06
            3056       69 -0.759578711590E-06
            3056       70 -0.723663069428E-06
            3056       71 -0.689847196726E-06
            3056       72 -0.657985360136E-06
            3056       73 -0.627943502283E-06
            3056       74 -0.599598183696E-06
            3056       75 -0.572835631509E-06
            3056       76 -0.547550883103E-06
            3056       77 -0.523647014227E-06
            3056       78 -0.501034442474E-06
            3056       79 -0.479630297969E-06
            3056       80 -0.459357854169E-06
            3056       81 -0.440146012436E-06
            3056       82 -0.421928834795E-06
            3056       83 -0.404645119925E-06
            3056       84 -0.388238017973E-06
            3056       85 -0.372654680276E-06
            3056       86 -0.357845940511E-06
            3058        1  0.337795447392E-02
            3058        2  0.214224260763E-02
            3058        3  0.138551466100E-02
            3058        4  0.901537096773E-03
            3058        5  0.585499675609E-03
            3058        6  0.377264371588E-03
            3058        7  0.240272336193E-03
            3058        8  0.150713087206E-03
            3058        9  0.926567642663E-04
            3058       10  0.553473220844E-04
            3058       11  0.316297741788E-04
            3058       12  0.167671243470E-04
            3058       13  0.763868794128E-05
            3058       14  0.218908358488E-05
            3058       15 -0.934391523801E-06
            3058       16 -0.260570223990E-05
            3058       17 -0.343516311893E-05
            3058       18 -0.370946782979E-05
            3058       19 -0.370656354089E-05
            3058       20 -0.356286419495E-05
            3058       21 -0.333838348191E-05
            3058       22 -0.308585366083E-05
            3058       23 -0.282887315278E-05
            3058       24 -0.258263728646E-05
            3058       25 -0.235169226105E-05
            3058       26 -0.214052258591E-05
            3058       27 -0.194697143251E-05
            3058       28 -0.177607304743E-05
            3058       29 -0.162576550915E-05
            3058       30 -0.149009357836E-05
            3058       31 -0.136408457722E-05
            3058       32 -0.125219524822E-05
            3058       33 -0.115375539599E-05
            3058       34 -0.106518878561E-05
            3058       35 -0.983489743800E-06
            3058       36 -0.910142680582E-06
            3058       37 -0.844475131519E-06
            3058       38 -0.784729239730E-06
            3058       39 -0.729483338536E-06
            3058       40 -0.679461909755E-06
            3058       41 -0.634214771752E-06
            3058       42 -0.592837004100E-06
            3058       43 -0.554495580099E-06
            3058       44 -0.517233992427E-06
            3058       45 -0.479990524414E-06
            3058       46 -0.448860024063E-06
            3058       47 -0.422214802208E-06
            3058       48 -0.397475946000E-06
            3058       49 -0.374422449922E-06
            3058       50 -0.352931088905E-06
            3058       51 -0.332887102095E-06
            3058       52 -0.314183891592E-06
            3058       53 -0.296722643588E-06
            3058       54 -0.280411903909E-06
            3058       55 -0.265167131070E-06
            3058       56 -0.250910243323E-06
            3058       57 -0.237569171146E-06
            3058       58 -0.225077423038E-06
            3058       59 -0.213373669755E-06
            3058       60 -0.202401350145E-06
            3058       61 -0.192108300320E-06
            3058       62 -0.182446406841E-06
            3058       63 -0.173371283905E-06
            3058       64 -0.164841973973E-06
            3058       65 -0.156820670970E-06
            3058       66 -0.149272464959E-06
            3058       67 -0.142165107056E-06
            3058       68 -0.135468793323E-06
            3058       69 -0.129155966318E-06
            3058       70 -0.123201133034E-06
            3058       71 -0.117580697983E-06
            3058       72 -0.112272810242E-06
            3058       73 -0.107257223337E-06
            3058       74 -0.102515166915E-06
            3058       75 -0.980292292187E-07
            3058       76 -0.937832494602E-07
            3058       77 -0.897622192421E-07
            3058       78 -0.859521922595E-07
            3058       79 -0.823402015622E-07
            3058       80 -0.789141837261E-07
            3058       81 -0.756629093354E-07
            3058       82 -0.725759192244E-07
            3058       83 -0.696434659842E-07
            3058       84 -0.668564602710E-07
            3058       85 -0.642064215052E-07
            3058       86 -0.616854325780E-07
            3060        1  0.125229299419E-03
            3060        2  0.179737213076E-03
            3060        3  0.155841892902E-03
            3060        4  0.117359989878E-03
            3060        5  0.827740835795E-04
            3060        6  0.564226292400E-04
            3060        7  0.375844736853E-04
            3060        8  0.246255905378E-04
            3060        9  0.159591459958E-04
            3060       10  0.103008521712E-04
            3060       11  0.667241033424E-05
            3060       12  0.437706558474E-05
            3060       13  0.294512633974E-05
            3060       14  0.206076809139E-05
            3060       15  0.151597362427E-05
            3060       16  0.118080180092E-05
            3060       17  0.977727128305E-06
            3060       18  0.847528879887E-06
            3060       19  0.765162090935E-06
            3060       20  0.706103427456E-06
            3060       21  0.660112186534E-06
            3060       22  0.621123755216E-06
            3060       23  0.586381876680E-06
            3060       24  0.553700777963E-06
            3060       25  0.522676398037E-06
            3060       26  0.493026650519E-06
            3060       27  0.464652486232E-06
            3060       28  0.437652844456E-06
            3060       29  0.412037256281E-06
            3060       30  0.387575350481E-06
            3060       31  0.364092589138E-06
            3060       32  0.341877507310E-06
            3060       33  0.321010634575E-06
            3060       34  0.301326870417E-06
            3060       35  0.282697076829E-06
            3060       36  0.265256541790E-06
            3060       37  0.248990064850E-06
            3060       38  0.233771759442E-06
            3060       39  0.219494961015E-06
            3060       40  0.206186603029E-06
            3060       41  0.193794795318E-06
            3060       42  0.182217498945E-06
            3060       43  0.171329559972E-06
            3060       44  0.161029251003E-06
            3060       45  0.152201424103E-06
            3060       46  0.143968207445E-06
            3060       47  0.135677679279E-06
            3060       48  0.127893096758E-06
            3060       49  0.120626697594E-06
            3060       50  0.113841686557E-06
            3060       51  0.107503667187E-06
            3060       52  0.101580579913E-06
            3060       53  0.960426120131E-07
            3060       54  0.908620898041E-07
            3060       55  0.860133606756E-07
            3060       56  0.814726704678E-07
            3060       57  0.772180401017E-07
            3060       58  0.732291442167E-07
            3060       59  0.694871936859E-07
            3060       60  0.659748232346E-07
            3060       61  0.626759849139E-07
            3060       62  0.595758478296E-07
            3060       63  0.566607042805E-07
            3060       64  0.539178822777E-07
            3060       65  0.513356642957E-07
            3060       66  0.489032120202E-07
            3060       67  0.466104968061E-07
            3060       68  0.444482355253E-07
            3060       69  0.424078314709E-07
            3060       70  0.404813199794E-07
            3060       71  0.386613184365E-07
            3060       72  0.369409803437E-07
            3060       73  0.353139531355E-07
            3060       74  0.337743394530E-07
            3060       75  0.323166615983E-07
            3060       76  0.309358289116E-07
            3060       77  0.296271078289E-07
            3060       78  0.283860944007E-07
            3060       79  0.272086890630E-07
            3060       80  0.260910734726E-07
            3060       81  0.250296892325E-07
            3060       82  0.240212183465E-07
            3060       83  0.230625652571E-07
            3060       84  0.221508403323E-07
            3060       85  0.212833446786E-07
            3060       86  0.204575561668E-07
            3062        1 -0.148759638357E-02
            3062        2 -0.800605771400E-03
            3062        3 -0.402883600163E-03
            3062        4 -0.173977950213E-03
            3062        5 -0.469581241844E-04
            3062        6  0.190700835970E-04
            3062        7  0.492642975383E-04
            3062        8  0.592405947846E-04
            3062        9  0.585350197138E-04
            3062       10  0.528177112873E-04
            3062       11  0.452987171950E-04
            3062       12  0.376731606101E-04
            3062       13  0.307423894820E-04
            3062       14  0.248070104317E-04
            3062       15  0.199070576195E-04
            3062       16  0.159584578776E-04
            3062       17  0.128264935161E-04
            3062       18  0.103686471292E-04
            3062       19  0.844599601858E-05
            3062       20  0.694681943876E-05
            3062       21  0.577242832094E-05
            3062       22  0.484708328028E-05
            3062       23  0.411104420924E-05
            3062       24  0.351824830166E-05
            3062       25  0.303638184458E-05
            3062       26  0.264002573639E-05
            3062       27  0.231002493515E-05
            3062       28  0.203188384387E-05
            3062       29  0.179717975062E-05
            3062       30  0.159809879028E-05
            3062       31  0.142681350485E-05
            3062       32  0.127745963738E-05
            3062       33  0.114719970945E-05
            3062       34  0.103335272965E-05
            3062       35  0.933210074162E-06
            3062       36  0.844617819466E-06
            3062       37  0.766241335028E-06
            3062       38  0.696751096509E-06
            3062       39  0.634803235945E-06
            3062       40  0.579333560051E-06
            3062       41  0.529644795438E-06
            3062       42  0.485040082772E-06
            3062       43  0.444947129539E-06
            3062       44  0.410528454758E-06
            3062       45  0.380212690212E-06
            3062       46  0.350520515791E-06
            3062       47  0.323083350480E-06
            3062       48  0.298166124849E-06
            3062       49  0.275503883962E-06
            3062       50  0.254863935428E-06
            3062       51  0.236040387298E-06
            3062       52  0.218850760116E-06
            3062       53  0.203133062568E-06
            3062       54  0.188743262888E-06
            3062       55  0.175553098675E-06
            3062       56  0.163448176587E-06
            3062       57  0.152326320734E-06
            3062       58  0.142096134836E-06
            3062       59  0.132675748400E-06
            3062       60  0.123991721592E-06
            3062       61  0.115978087182E-06
            3062       62  0.108575511091E-06
            3062       63  0.101730555710E-06
            3062       64  0.953950324311E-07
            3062       65  0.895254317330E-07
            3062       66  0.840824207950E-07
            3062       67  0.790303999973E-07
            3062       68  0.743371108564E-07
            3062       69  0.699732889431E-07
            3062       70  0.659123562048E-07
            3062       71  0.621301478537E-07
            3062       72  0.586046696243E-07
            3062       73  0.553158817318E-07
            3062       74  0.522455063709E-07
            3062       75  0.493768559556E-07
            3062       76  0.466946796987E-07
            3062       77  0.441850263955E-07
            3062       78  0.418351215622E-07
            3062       79  0.396332573004E-07
            3062       80  0.375686934577E-07
            3062       81  0.356315688276E-07
            3062       82  0.338128212820E-07
            3062       83  0.321041158623E-07
            3062       84  0.304977799673E-07
            3062       85  0.289867448776E-07
            3062       86  0.275644929445E-07
            3064        1 -0.106307748235E-02
            3064        2 -0.601198312020E-03
            3064        3 -0.316030576367E-03
            3064        4 -0.145401422669E-03
            3064        5 -0.477552985983E-04
            3064        6  0.444838327422E-05
            3064        7  0.293462446048E-04
            3064        8  0.385261343937E-04
            3064        9  0.392169419691E-04
            3064       10  0.357819598513E-04
            3064       11  0.307356700945E-04
            3064       12  0.254434045826E-04
            3064       13  0.205764249745E-04
            3064       14  0.164023589514E-04
            3064       15  0.129718351674E-04
            3064       16  0.102294054148E-04
            3064       17  0.807714859860E-05
            3064       18  0.640896233608E-05
            3064       19  0.512287737859E-05
            3064       20  0.413769256892E-05
            3064       21  0.338075380821E-05
            3064       22  0.279675080828E-05
            3064       23  0.234228431159E-05
            3064       24  0.198396955967E-05
            3064       25  0.169849663795E-05
            3064       26  0.146773643887E-05
            3064       27  0.127839999427E-05
            3064       28  0.112064392117E-05
            3064       29  0.989086763748E-06
            3064       30  0.878651536576E-06
            3064       31  0.784223024551E-06
            3064       32  0.702100800902E-06
            3064       33  0.630715600452E-06
            3064       34  0.568502643047E-06
            3064       35  0.513860633041E-06
            3064       36  0.465550973108E-06
            3064       37  0.422853942233E-06
            3064       38  0.385007057769E-06
            3064       39  0.351228473080E-06
            3064       40  0.320928134598E-06
            3064       41  0.293756903514E-06
            3064       42  0.269347108766E-06
            3064       43  0.247303134496E-06
            3064       44  0.227482724356E-06
            3064       45  0.210247108661E-06
            3064       46  0.194137938562E-06
            3064       47  0.179151118690E-06
            3064       48  0.165516857478E-06
            3064       49  0.153095249817E-06
            3064       50  0.141763944818E-06
            3064       51  0.131414278105E-06
            3064       52  0.121949606556E-06
            3064       53  0.113283859567E-06
            3064       54  0.105340277317E-06
            3064       55  0.980503106161E-07
            3064       56  0.913526604947E-07
            3064       57  0.851924387437E-07
            3064       58  0.795204332482E-07
            3064       59  0.742924642090E-07
            3064       60  0.694688192820E-07
            3064       61  0.650137573137E-07
            3064       62  0.608950717809E-07
            3064       63  0.570837062516E-07
            3064       64  0.535534152285E-07
            3064       65  0.502804646386E-07
            3064       66  0.472433669967E-07
            3064       67  0.444226469276E-07
            3064       68  0.418006333155E-07
            3064       69  0.393612748216E-07
            3064       70  0.370899759455E-07
            3064       71  0.349734511665E-07
            3064       72  0.329995950178E-07
            3064       73  0.311573662114E-07
            3064       74  0.294366841838E-07
            3064       75  0.278283366143E-07
            3064       76  0.263238966700E-07
            3064       77  0.249156488647E-07
            3064       78  0.235965225659E-07
            3064       79  0.223600322967E-07
            3064       80  0.212002240809E-07
            3064       81  0.201116271699E-07
            3064       82  0.190892105666E-07
            3064       83  0.181283438306E-07
            3064       84  0.172247617082E-07
            3064       85  0.163745321820E-07
            3064       86  0.155740275829E-07
            3066        1 -0.140317310837E-02
            3066        2 -0.859004767033E-03
            3066        3 -0.528406516539E-03
            3066        4 -0.320609291256E-03
            3066        5 -0.186751946777E-03
            3066        6 -0.999789681224E-04
            3066        7 -0.443000134994E-04
            3066        8 -0.957019474985E-05
            3066        9  0.110619956516E-04
            3066       10  0.223534943695E-04
            3066       11  0.275988627341E-04
            3066       12  0.290742935512E-04
            3066       13  0.283275181890E-04
            3066       14  0.263789199838E-04
            3066       15  0.238773551246E-04
            3066       16  0.212163724199E-04
            3066       17  0.186250762114E-04
            3066       18  0.162202518511E-04
            3066       19  0.140529839991E-04
            3066       20  0.121401834621E-04
            3066       21  0.104727469036E-04
            3066       22  0.903101431934E-05
            3066       23  0.779289249950E-05
            3066       24  0.673399720198E-05
            3066       25  0.583080121485E-05
            3066       26  0.506087935304E-05
            3066       27  0.440447673315E-05
            3066       28  0.384358862671E-05
            3066       29  0.336477659180E-05
            3066       30  0.295612067987E-05
            3066       31  0.260575126570E-05
            3066       32  0.230296610758E-05
            3066       33  0.204111287986E-05
            3066       34  0.181458990269E-05
            3066       35  0.161782266512E-05
            3066       36  0.144582008662E-05
            3066       37  0.129537081032E-05
            3066       38  0.116366070506E-05
            3066       39  0.104788647426E-05
            3066       40  0.945530345481E-06
            3066       41  0.854973690317E-06
            3066       42  0.774776455482E-06
            3066       43  0.703512286106E-06
            3066       44  0.640060573073E-06
            3066       45  0.584003442289E-06
            3066       46  0.533635085931E-06
            3066       47  0.487984548974E-06
            3066       48  0.446934047052E-06
            3066       49  0.409974902157E-06
            3066       50  0.376637803415E-06
            3066       51  0.346514096434E-06
            3066       52  0.319247091950E-06
            3066       53  0.294524737698E-06
            3066       54  0.272073421837E-06
            3066       55  0.251652718558E-06
            3066       56  0.233050920570E-06
            3066       57  0.216081230663E-06
            3066       58  0.200578506897E-06
            3066       59  0.186396474081E-06
            3066       60  0.173405329061E-06
            3066       61  0.161489679427E-06
            3066       62  0.150546765253E-06
            3066       63  0.140484921654E-06
            3066       64  0.131222246731E-06
            3066       65  0.122685445107E-06
            3066       66  0.114808821889E-06
            3066       67  0.107533405792E-06
            3066       68  0.100806183401E-06
            3066       69  0.945794292514E-07
            3066       70  0.888101186839E-07
            3066       71  0.834594123615E-07
            3066       72  0.784922029249E-07
            3066       73  0.738767156314E-07
            3066       74  0.695841559977E-07
            3066       75  0.655883984045E-07
            3066       76  0.618657104991E-07
            3066       77  0.583945089008E-07
            3066       78  0.551551423450E-07
            3066       79  0.521296989077E-07
            3066       80  0.493018343977E-07
            3066       81  0.466566193853E-07
            3066       82  0.441804026614E-07
            3066       83  0.418606892052E-07
            3066       84  0.396860309797E-07
            3066       85  0.376459290858E-07
            3066       86  0.357307459872E-07
            3068        1  0.633359652316E-01
            3068        2  0.412215911324E-01
            3068        3  0.264718062249E-01
            3068        4  0.167213097566E-01
            3068        5  0.103458440285E-01
            3068        6  0.622978556909E-02
            3068        7  0.361195584692E-02
            3068        8  0.197656814411E-02
            3068        9  0.977401583505E-03
            3068       10  0.384519138557E-03
            3068       11  0.469661206751E-04
            3068       12 -0.133121168761E-03
            3068       13 -0.218371617576E-03
            3068       14 -0.248313362630E-03
            3068       15 -0.247487518510E-03
            3068       16 -0.230813609605E-03
            3068       17 -0.207187191374E-03
            3068       18 -0.181634800609E-03
            3068       19 -0.156713615822E-03
            3068       20 -0.133993269478E-03
            3068       21 -0.113899556733E-03
            3068       22 -0.965208497007E-04
            3068       23 -0.816852120294E-04
            3068       24 -0.691463007645E-04
            3068       25 -0.586082435071E-04
            3068       26 -0.497754087903E-04
            3068       27 -0.423708669098E-04
            3068       28 -0.361583467695E-04
            3068       29 -0.309632448022E-04
            3068       30 -0.266188109869E-04
            3068       31 -0.229597754642E-04
            3068       32 -0.198565002869E-04
            3068       33 -0.172291705647E-04
            3068       34 -0.150034581525E-04
            3068       35 -0.131058791505E-04
            3068       36 -0.114791192145E-04
            3068       37 -0.100857339737E-04
            3068       38 -0.889018530982E-05
            3068       39 -0.785744348466E-05
            3068       40 -0.696070691962E-05
            3068       41 -0.618223550751E-05
            3068       42 -0.550504395416E-05
            3068       43 -0.491230304065E-05
            3068       44 -0.439137825096E-05
            3068       45 -0.393818049820E-05
            3068       46 -0.353849508640E-05
            3068       47 -0.318315583929E-05
            3068       48 -0.286843352900E-05
            3068       49 -0.258921374511E-05
            3068       50 -0.234101172863E-05
            3068       51 -0.211996805581E-05
            3068       52 -0.192275348573E-05
            3068       53 -0.174648946225E-05
            3068       54 -0.158868150692E-05
            3068       55 -0.144716325956E-05
            3068       56 -0.132004933958E-05
            3068       57 -0.120569553532E-05
            3068       58 -0.110266509801E-05
            3068       59 -0.100970013528E-05
            3068       60 -0.925697275111E-06
            3068       61 -0.849686915605E-06
            3068       62 -0.780815492619E-06
            3068       63 -0.718330293662E-06
            3068       64 -0.661566425009E-06
            3068       65 -0.609935603782E-06
            3068       66 -0.562916500243E-06
            3068       67 -0.520046399743E-06
            3068       68 -0.480913990301E-06
            3068       69 -0.445153112450E-06
            3068       70 -0.412437333136E-06
            3068       71 -0.382475226802E-06
            3068       72 -0.355006264487E-06
            3068       73 -0.329797226597E-06
            3068       74 -0.306639067529E-06
            3068       75 -0.285344170912E-06
            3068       76 -0.265743943039E-06
            3068       77 -0.247686699624E-06
            3068       78 -0.231035807391E-06
            3068       79 -0.215668047384E-06
            3068       80 -0.201472171510E-06
            3068       81 -0.188347627739E-06
            3068       82 -0.176203432723E-06
            3068       83 -0.164957173465E-06
            3068       84 -0.154534122131E-06
            3068       85 -0.144866450164E-06
            3068       86 -0.135892529714E-06
            3069        1  0.865174084134E-04
            3069        2  0.476462224450E-04
            3069        3  0.272173473665E-04
            3069        4  0.168292844426E-04
            3069        5  0.112939606050E-04
            3069        6  0.790741778047E-05
            3069        7  0.546219709567E-05
            3069        8  0.361284536343E-05
            3069        9  0.227311494780E-05
            3069       10  0.135621914866E-05
            3069       11  0.767253535087E-06
            3069       12  0.399433632971E-06
            3069       13  0.165938881641E-06
            3069       14  0.154455587269E-07
            3069       15 -0.786966364961E-07
            3069       16 -0.131891086029E-06
            3069       17 -0.156124751835E-06
            3069       18 -0.162108089366E-06
            3069       19 -0.157698250196E-06
            3069       20 -0.148020384767E-06
            3069       21 -0.135157243611E-06
            3069       22 -0.120790250272E-06
            3069       23 -0.106283824672E-06
            3069       24 -0.925398028745E-07
            3069       25 -0.798583489904E-07
            3069       26 -0.685392207168E-07
            3069       27 -0.586700987016E-07
            3069       28 -0.502374409015E-07
            3069       29 -0.430881114090E-07
            3069       30 -0.370903165224E-07
            3069       31 -0.320987187901E-07
            3069       32 -0.279539337026E-07
            3069       33 -0.245013649983E-07
            3069       34 -0.216168442607E-07
            3069       35 -0.191724691577E-07
            3069       36 -0.170534589009E-07
            3069       37 -0.151996351556E-07
            3069       38 -0.135728969718E-07
            3069       39 -0.121343435413E-07
            3069       40 -0.108524863431E-07
            3069       41 -0.971162155091E-08
            3069       42 -0.870354300463E-08
            3069       43 -0.780506145995E-08
            3069       44 -0.682620060580E-08
            3069       45 -0.591845343774E-08
            3069       46 -0.534769646429E-08
            3069       47 -0.485224459583E-08
            3069       48 -0.440490728630E-08
            3069       49 -0.400511489557E-08
            3069       50 -0.364716465124E-08
            3069       51 -0.332611335072E-08
            3069       52 -0.303766642847E-08
            3069       53 -0.277808460858E-08
            3069       54 -0.254410514213E-08
            3069       55 -0.233287517578E-08
            3069       56 -0.214189523968E-08
            3069       57 -0.196897119904E-08
            3069       58 -0.181217330424E-08
            3069       59 -0.166980120909E-08
            3069       60 -0.154035402019E-08
            3069       61 -0.142250459719E-08
            3069       62 -0.131507745365E-08
            3069       63 -0.121702971465E-08
            3069       64 -0.112743467493E-08
            3069       65 -0.104546757483E-08
            3069       66 -0.970393270949E-09
            3069       67 -0.901555529646E-09
            3069       68 -0.838367712441E-09
            3069       69 -0.780304658351E-09
            3069       70 -0.726895596986E-09
            3069       71 -0.677717951150E-09
            3069       72 -0.632391908397E-09
            3069       73 -0.590575658533E-09
            3069       74 -0.551961208800E-09
            3069       75 -0.516270701104E-09
            3069       76 -0.483253166177E-09
            3069       77 -0.452681658702E-09
            3069       78 -0.424350725075E-09
            3069       79 -0.398074162061E-09
            3069       80 -0.373683030245E-09
            3069       81 -0.351023890970E-09
            3069       82 -0.329957239552E-09
            3069       83 -0.310356111202E-09
            3069       84 -0.292104839024E-09
            3069       85 -0.275097946179E-09
            3069       86 -0.259239156528E-09
            3070        1 -0.459388897282E-04
            3070        2 -0.204467312488E-04
            3070        3 -0.983814586747E-05
            3070        4 -0.543813141519E-05
            3070        5 -0.340984063325E-05
            3070        6 -0.232448444290E-05
            3070        7 -0.161992307635E-05
            3070        8 -0.108820830399E-05
            3070        9 -0.695310256219E-06
            3070       10 -0.414249404761E-06
            3070       11 -0.230631094463E-06
            3070       12 -0.119883300219E-06
            3070       13 -0.583045875709E-07
            3070       14 -0.242638537115E-07
            3070       15 -0.435309261777E-08
            3070       16  0.738227577237E-08
            3070       17  0.126391564950E-07
            3070       18  0.140605558405E-07
            3070       19  0.130951123698E-07
            3070       20  0.118164125235E-07
            3070       21  0.975977747497E-08
            3070       22  0.711645101285E-08
            3070       23  0.487049238732E-08
            3070       24  0.368815836226E-08
            3070       25  0.290036556070E-08
            3070       26  0.220924853137E-08
            3070       27  0.158983502466E-08
            3070       28  0.115447772399E-08
            3070       29  0.856085722538E-09
            3070       30  0.640564962269E-09
            3070       31  0.470557799995E-09
            3070       32  0.378436850780E-09
            3070       33  0.334814441729E-09
            3070       34  0.320323431011E-09
            3070       35  0.320781296979E-09
            3070       36  0.331071215350E-09
            3070       37  0.344295225802E-09
            3070       38  0.367292726162E-09
            3070       39  0.409523788902E-09
            3070       40  0.472935879815E-09
            3070       41  0.538938546906E-09
            3070       42  0.592600702633E-09
            3070       43  0.637741987069E-09
            3070       44  0.575148679168E-09
            3070       45  0.145358981031E-09
            3070       46  0.793442038434E-12
            3070       47  0.395371974854E-11
            3070       48  0.352783146665E-11
            3070       49  0.315367732080E-11
            3070       50  0.282428302251E-11
            3070       51  0.253370472466E-11
            3070       52  0.227686382535E-11
            3070       53  0.204941028487E-11
            3070       54  0.184760917980E-11
            3070       55  0.166824626645E-11
            3070       56  0.150854916037E-11
            3070       57  0.136612137068E-11
            3070       58  0.123888692683E-11
            3070       59  0.112504380970E-11
            3070       60  0.102302466366E-11
            3070       61  0.931463580963E-12
            3070       62  0.849167959783E-12
            3070       63  0.775094593899E-12
            3070       64  0.708329324055E-12
            3070       65  0.648069673821E-12
            3070       66  0.593610010434E-12
            3070       67  0.544328828896E-12
            3070       68  0.499677838521E-12
            3070       69  0.459172577360E-12
            3070       70  0.422384324326E-12
            3070       71  0.388933119378E-12
            3070       72  0.358481724148E-12
            3070       73  0.330730393760E-12
            3070       74  0.305412334530E-12
            3070       75  0.282289762375E-12
            3070       76  0.261150464814E-12
            3070       77  0.241804805470E-12
            3070       78  0.224083108252E-12
            3070       79  0.207833367348E-12
            3070       80  0.192919242641E-12
            3070       81  0.179218298963E-12
            3070       82  0.166620461878E-12
            3070       83  0.155026656024E-12
            3070       84  0.144347608111E-12
            3070       85  0.134502788378E-12
            3070       86  0.125419478009E-12
            3071        1  0.314552279875E-03
            3071        2  0.182802708789E-03
            3071        3  0.116298186286E-03
            3071        4  0.791642509345E-04
            3071        5  0.558351889604E-04
            3071        6  0.398643252937E-04
            3071        7  0.285283528111E-04
            3071        8  0.204423976109E-04
            3071        9  0.147426327609E-04
            3071       10  0.107835753604E-04
            3071       11  0.805483544168E-05
            3071       12  0.616967404190E-05
            3071       13  0.484696328327E-05
            3071       14  0.389441949145E-05
            3071       15  0.318894546070E-05
            3071       16  0.265331094162E-05
            3071       17  0.223744397911E-05
            3071       18  0.190793750229E-05
            3071       19  0.164308762232E-05
            3071       20  0.142465470103E-05
            3071       21  0.124357783518E-05
            3071       22  0.109142085624E-05
            3071       23  0.960595225797E-06
            3071       24  0.845795863137E-06
            3071       25  0.745406249368E-06
            3071       26  0.658063772194E-06
            3071       27  0.582056704233E-06
            3071       28  0.515742757300E-06
            3071       29  0.457902966702E-06
            3071       30  0.407589205041E-06
            3071       31  0.363850276036E-06
            3071       32  0.325622674196E-06
            3071       33  0.292141888629E-06
            3071       34  0.262823788240E-06
            3071       35  0.237080100033E-06
            3071       36  0.214307135392E-06
            3071       37  0.194130379670E-06
            3071       38  0.176255941601E-06
            3071       39  0.160386170958E-06
            3071       40  0.146206188890E-06
            3071       41  0.133506672789E-06
            3071       42  0.122112193867E-06
            3071       43  0.111856438368E-06
            3071       44  0.102988575895E-06
            3071       45  0.956507123629E-07
            3071       46  0.882925953474E-07
            3071       47  0.811740904054E-07
            3071       48  0.747202096783E-07
            3071       49  0.688725346163E-07
            3071       50  0.635656512271E-07
            3071       51  0.587420908553E-07
            3071       52  0.543512606344E-07
            3071       53  0.503485315657E-07
            3071       54  0.466944590420E-07
            3071       55  0.433541149560E-07
            3071       56  0.402965140703E-07
            3071       57  0.374941202172E-07
            3071       58  0.349224202742E-07
            3071       59  0.325595558214E-07
            3071       60  0.303860040039E-07
            3071       61  0.283843004622E-07
            3071       62  0.265387983122E-07
            3071       63  0.248354580797E-07
            3071       64  0.232616642710E-07
            3071       65  0.218060649126E-07
            3071       66  0.204584309342E-07
            3071       67  0.192095327266E-07
            3071       68  0.180510315992E-07
            3071       69  0.169753841776E-07
            3071       70  0.159757580670E-07
            3071       71  0.150459573373E-07
            3071       72  0.141803565865E-07
            3071       73  0.133738425069E-07
            3071       74  0.126217620286E-07
            3071       75  0.119198762309E-07
            3071       76  0.112643193272E-07
            3071       77  0.106515621134E-07
            3071       78  0.100783793530E-07
            3071       79  0.954182063513E-08
            3071       80  0.903918430588E-08
            3071       81  0.856799411742E-08
            3071       82  0.812597828831E-08
            3071       83  0.771105070284E-08
            3071       84  0.732129401214E-08
            3071       85  0.695494442702E-08
            3071       86  0.661037801844E-08
            3072        1  0.287973495888E-03
            3072        2  0.166948760786E-03
            3072        3  0.101196272648E-03
            3072        4  0.640958016914E-04
            3072        5  0.423498069172E-04
            3072        6  0.288451072967E-04
            3072        7  0.199431138600E-04
            3072        8  0.139012057677E-04
            3072        9  0.980254875635E-05
            3072       10  0.703740920144E-05
            3072       11  0.516417620040E-05
            3072       12  0.386500145583E-05
            3072       13  0.293085214769E-05
            3072       14  0.224034083991E-05
            3072       15  0.172505601183E-05
            3072       16  0.134259017820E-05
            3072       17  0.105950053127E-05
            3072       18  0.848165485968E-06
            3072       19  0.687347716962E-06
            3072       20  0.561734403307E-06
            3072       21  0.462306864202E-06
            3072       22  0.382756900552E-06
            3072       23  0.319580643071E-06
            3072       24  0.269772146041E-06
            3072       25  0.230071707702E-06
            3072       26  0.197776712725E-06
            3072       27  0.171043957782E-06
            3072       28  0.148732246968E-06
            3072       29  0.130124767811E-06
            3072       30  0.114376807419E-06
            3072       31  0.100671215427E-06
            3072       32  0.886836725437E-07
            3072       33  0.782678973836E-07
            3072       34  0.691877248213E-07
            3072       35  0.612179532100E-07
            3072       36  0.542822222092E-07
            3072       37  0.482746694347E-07
            3072       38  0.430429752315E-07
            3072       39  0.384422364446E-07
            3072       40  0.344123519415E-07
            3072       41  0.308885558401E-07
            3072       42  0.277873299315E-07
            3072       43  0.250685926699E-07
            3072       44  0.229634306266E-07
            3072       45  0.208337244578E-07
            3072       46  0.186815513703E-07
            3072       47  0.169196469480E-07
            3072       48  0.153598021057E-07
            3072       49  0.139657423807E-07
            3072       50  0.127175830313E-07
            3072       51  0.115980877629E-07
            3072       52  0.105922819418E-07
            3072       53  0.968712712237E-08
            3072       54  0.887124642421E-08
            3072       55  0.813469220631E-08
            3072       56  0.746874902289E-08
            3072       57  0.686576608999E-08
            3072       58  0.631901450136E-08
            3072       59  0.582256525419E-08
            3072       60  0.537118481652E-08
            3072       61  0.496024551642E-08
            3072       62  0.458564848593E-08
            3072       63  0.424375726258E-08
            3072       64  0.393134045912E-08
            3072       65  0.364552216562E-08
            3072       66  0.338373895875E-08
            3072       67  0.314370256898E-08
            3072       68  0.292336740170E-08
            3072       69  0.272090223148E-08
            3072       70  0.253466549070E-08
            3072       71  0.236318365957E-08
            3072       72  0.220513233757E-08
            3072       73  0.205931963689E-08
            3072       74  0.192467159023E-08
            3072       75  0.180021930914E-08
            3072       76  0.168508766590E-08
            3072       77  0.157848530391E-08
            3072       78  0.147969580778E-08
            3072       79  0.138806988788E-08
            3072       80  0.130301845334E-08
            3072       81  0.122400646421E-08
            3072       82  0.115054746822E-08
            3072       83  0.108219873958E-08
            3072       84  0.101855694820E-08
            3072       85  0.959254296665E-09
            3072       86  0.903955070336E-09
            3073        1 -0.561797492541E-03
            3073        2 -0.379066999312E-03
            3073        3 -0.266685743635E-03
            3073        4 -0.193974071767E-03
            3073        5 -0.144903965707E-03
            3073        6 -0.110499846238E-03
            3073        7 -0.857150187118E-04
            3073        8 -0.675108850456E-04
            3073        9 -0.539625956680E-04
            3073       10 -0.437748629437E-04
            3073       11 -0.360258961172E-04
            3073       12 -0.300395294704E-04
            3073       13 -0.253265148322E-04
            3073       14 -0.215488428431E-04
            3073       15 -0.184783903925E-04
            3073       16 -0.159581791050E-04
            3073       17 -0.138723586515E-04
            3073       18 -0.121341045001E-04
            3073       19 -0.106738134846E-04
            3073       20 -0.943454412247E-05
            3073       21 -0.837503575923E-05
            3073       22 -0.746111152576E-05
            3073       23 -0.666918448421E-05
            3073       24 -0.597946525324E-05
            3073       25 -0.537658420841E-05
            3073       26 -0.484721996627E-05
            3073       27 -0.438086173871E-05
            3073       28 -0.396828709161E-05
            3073       29 -0.360303045534E-05
            3073       30 -0.327936292403E-05
            3073       31 -0.299151096352E-05
            3073       32 -0.273404588818E-05
            3073       33 -0.250349799936E-05
            3073       34 -0.229687773910E-05
            3073       35 -0.211118217971E-05
            3073       36 -0.194364363422E-05
            3073       37 -0.179237204757E-05
            3073       38 -0.165565837180E-05
            3073       39 -0.153178970904E-05
            3073       40 -0.141920898833E-05
            3073       41 -0.131680426153E-05
            3073       42 -0.122354181097E-05
            3073       43 -0.113839581981E-05
            3073       44 -0.106084472618E-05
            3073       45 -0.990487749063E-06
            3073       46 -0.925403855313E-06
            3073       47 -0.865219066471E-06
            3073       48 -0.809839107478E-06
            3073       49 -0.758823945863E-06
            3073       50 -0.711766839672E-06
            3073       51 -0.668304628190E-06
            3073       52 -0.628112470770E-06
            3073       53 -0.590899290348E-06
            3073       54 -0.556403818098E-06
            3073       55 -0.524391152312E-06
            3073       56 -0.494649758249E-06
            3073       57 -0.466988846929E-06
            3073       58 -0.441236080415E-06
            3073       59 -0.417235558956E-06
            3073       60 -0.394846052026E-06
            3073       61 -0.373939440819E-06
            3073       62 -0.354399344471E-06
            3073       63 -0.336119906221E-06
            3073       64 -0.319004719065E-06
            3073       65 -0.302965873314E-06
            3073       66 -0.287923110862E-06
            3073       67 -0.273803073043E-06
            3073       68 -0.260538630683E-06
            3073       69 -0.248068286517E-06
            3073       70 -0.236335641341E-06
            3073       71 -0.225288916468E-06
            3073       72 -0.214880525940E-06
            3073       73 -0.205066692808E-06
            3073       74 -0.195807104490E-06
            3073       75 -0.187064602829E-06
            3073       76 -0.178804905022E-06
            3073       77 -0.170996352018E-06
            3073       78 -0.163609681435E-06
            3073       79 -0.156617822357E-06
            3073       80 -0.149995709687E-06
            3073       81 -0.143720116026E-06
            3073       82 -0.137769499231E-06
            3073       83 -0.132123864070E-06
            3073       84 -0.126764636521E-06
            3073       85 -0.121674549448E-06
            3073       86 -0.116837538532E-06
            3074        1  0.560794729292E-03
            3074        2  0.377191288357E-03
            3074        3  0.261067378175E-03
            3074        4  0.185084098862E-03
            3074        5  0.134010501942E-03
            3074        6  0.988408339248E-04
            3074        7  0.741622991949E-04
            3074        8  0.565638658226E-04
            3074        9  0.438304021079E-04
            3074       10  0.344787863636E-04
            3074       11  0.275068924220E-04
            3074       12  0.222278605384E-04
            3074       13  0.181664855026E-04
            3074       14  0.149940862339E-04
            3074       15  0.124820211679E-04
            3074       16  0.104697110132E-04
            3074       17  0.884112309716E-05
            3074       18  0.751224998497E-05
            3074       19  0.642090785221E-05
            3074       20  0.551630029629E-05
            3074       21  0.476223496384E-05
            3074       22  0.412902255127E-05
            3074       23  0.359443894158E-05
            3074       24  0.314030175470E-05
            3074       25  0.275303606995E-05
            3074       26  0.242125885737E-05
            3074       27  0.213577368221E-05
            3074       28  0.188913331199E-05
            3074       29  0.167605004319E-05
            3074       30  0.149164174972E-05
            3074       31  0.133108558053E-05
            3074       32  0.119045531356E-05
            3074       33  0.106723081965E-05
            3074       34  0.959139787931E-06
            3074       35  0.863934062517E-06
            3074       36  0.779722545097E-06
            3074       37  0.705197927516E-06
            3074       38  0.639151143255E-06
            3074       39  0.580387995580E-06
            3074       40  0.527912725102E-06
            3074       41  0.481017625630E-06
            3074       42  0.439036994008E-06
            3074       43  0.401381598044E-06
            3074       44  0.368402771122E-06
            3074       45  0.339378165181E-06
            3074       46  0.312075359180E-06
            3074       47  0.286921396267E-06
            3074       48  0.264145865028E-06
            3074       49  0.243505733157E-06
            3074       50  0.224771039712E-06
            3074       51  0.207739693661E-06
            3074       52  0.192233731214E-06
            3074       53  0.178096123316E-06
            3074       54  0.165188045649E-06
            3074       55  0.153386538497E-06
            3074       56  0.142582496099E-06
            3074       57  0.132678935180E-06
            3074       58  0.123589500599E-06
            3074       59  0.115237172893E-06
            3074       60  0.107553148107E-06
            3074       61  0.100475864984E-06
            3074       62  0.939501584746E-07
            3074       63  0.879265217486E-07
            3074       64  0.823604616139E-07
            3074       65  0.772119344942E-07
            3074       66  0.724448520352E-07
            3074       67  0.680266469916E-07
            3074       68  0.639278914188E-07
            3074       69  0.601219603105E-07
            3074       70  0.565847348072E-07
            3074       71  0.532943399141E-07
            3074       72  0.502309123680E-07
            3074       73  0.473763948760E-07
            3074       74  0.447143534823E-07
            3074       75  0.422298152180E-07
            3074       76  0.399091235994E-07
            3074       77  0.377398098292E-07
            3074       78  0.357104778488E-07
            3074       79  0.338107016192E-07
            3074       80  0.320309332150E-07
            3074       81  0.303624204925E-07
            3074       82  0.287971332458E-07
            3074       83  0.273276968989E-07
            3074       84  0.259473328958E-07
            3074       85  0.246498050519E-07
            3074       86  0.234293712177E-07
            3075        1 -0.201209511516E-02
            3075        2 -0.120916204131E-02
            3075        3 -0.726332392900E-03
            3075        4 -0.428680650614E-03
            3075        5 -0.242928435577E-03
            3075        6 -0.127195689476E-03
            3075        7 -0.562845505260E-04
            3075        8 -0.142328320671E-04
            3075        9  0.939562998062E-05
            3075       10  0.214935831458E-04
            3075       11  0.265741553309E-04
            3075       12  0.275641886258E-04
            3075       13  0.263277499288E-04
            3075       14  0.240102744767E-04
            3075       15  0.212898370904E-04
            3075       16  0.185472616786E-04
            3075       17  0.159848839901E-04
            3075       18  0.136896444719E-04
            3075       19  0.116842051145E-04
            3075       20  0.996476372448E-05
            3075       21  0.850143255503E-05
            3075       22  0.726127476109E-05
            3075       23  0.621503537909E-05
            3075       24  0.533443417007E-05
            3075       25  0.459320804438E-05
            3075       26  0.396782793713E-05
            3075       27  0.343920288022E-05
            3075       28  0.299073379283E-05
            3075       29  0.261064062003E-05
            3075       30  0.228831606754E-05
            3075       31  0.201316565687E-05
            3075       32  0.177602452904E-05
            3075       33  0.157155601646E-05
            3075       34  0.139518021216E-05
            3075       35  0.124231608650E-05
            3075       36  0.110892975197E-05
            3075       37  0.992490701780E-06
            3075       38  0.890740505094E-06
            3075       39  0.801418101670E-06
            3075       40  0.722537654459E-06
            3075       41  0.652848952875E-06
            3075       42  0.591220523979E-06
            3075       43  0.536502836740E-06
            3075       44  0.487086632446E-06
            3075       45  0.442631972514E-06
            3075       46  0.403869479285E-06
            3075       47  0.369261059924E-06
            3075       48  0.338152505442E-06
            3075       49  0.310146800359E-06
            3075       50  0.284887992717E-06
            3075       51  0.262066110797E-06
            3075       52  0.241410582036E-06
            3075       53  0.222684682512E-06
            3075       54  0.205680842210E-06
            3075       55  0.190216663135E-06
            3075       56  0.176131532972E-06
            3075       57  0.163283737747E-06
            3075       58  0.151547993758E-06
            3075       59  0.140813332752E-06
            3075       60  0.130981285502E-06
            3075       61  0.121964318086E-06
            3075       62  0.113684482732E-06
            3075       63  0.106072251257E-06
            3075       64  0.990655042554E-07
            3075       65  0.926086534809E-07
            3075       66  0.866518783324E-07
            3075       67  0.811504603343E-07
            3075       68  0.760642019472E-07
            3075       69  0.713569180874E-07
            3075       70  0.669959904699E-07
            3075       71  0.629519763345E-07
            3075       72  0.591982643422E-07
            3075       73  0.557107714450E-07
            3075       74  0.524676754392E-07
            3075       75  0.494491786117E-07
            3075       76  0.466372985637E-07
            3075       77  0.440156827985E-07
            3075       78  0.415694441394E-07
            3075       79  0.392850144300E-07
            3075       80  0.371500143040E-07
            3075       81  0.351531371035E-07
            3075       82  0.332840452712E-07
            3075       83  0.315332777565E-07
            3075       84  0.298921671599E-07
            3075       85  0.283527655001E-07
            3075       86  0.269077776249E-07
            3076        1 -0.139965435814E-03
            3076        2 -0.940719920432E-04
            3076        3 -0.677641653902E-04
            3076        4 -0.515259832157E-04
            3076        5 -0.408161544683E-04
            3076        6 -0.333097655527E-04
            3076        7 -0.277299934913E-04
            3076        8 -0.233668155717E-04
            3076        9 -0.198480444980E-04
            3076       10 -0.169667474684E-04
            3076       11 -0.145996940249E-04
            3076       12 -0.126416318765E-04
            3076       13 -0.110041120355E-04
            3076       14 -0.961805438217E-05
            3076       15 -0.843478895350E-05
            3076       16 -0.742062567087E-05
            3076       17 -0.655105680115E-05
            3076       18 -0.580333064301E-05
            3076       19 -0.516006708765E-05
            3076       20 -0.460319278556E-05
            3076       21 -0.411872052807E-05
            3076       22 -0.369445142224E-05
            3076       23 -0.332245768667E-05
            3076       24 -0.299529554205E-05
            3076       25 -0.270693325049E-05
            3076       26 -0.245185937676E-05
            3076       27 -0.222590341017E-05
            3076       28 -0.202488803660E-05
            3076       29 -0.184590594221E-05
            3076       30 -0.168654926895E-05
            3076       31 -0.154436225659E-05
            3076       32 -0.141666480227E-05
            3076       33 -0.130180480608E-05
            3076       34 -0.119843867065E-05
            3076       35 -0.110520312583E-05
            3076       36 -0.102071927228E-05
            3076       37 -0.944103489004E-06
            3076       38 -0.874589994466E-06
            3076       39 -0.811399773687E-06
            3076       40 -0.753751629540E-06
            3076       41 -0.701117787457E-06
            3076       42 -0.653022016259E-06
            3076       43 -0.608883481713E-06
            3076       44 -0.567178323969E-06
            3076       45 -0.528947366765E-06
            3076       46 -0.495118133009E-06
            3076       47 -0.463905359736E-06
            3076       48 -0.435083080287E-06
            3076       49 -0.408453656861E-06
            3076       50 -0.383820963270E-06
            3076       51 -0.361008920076E-06
            3076       52 -0.339859200961E-06
            3076       53 -0.320229228224E-06
            3076       54 -0.301990417699E-06
            3076       55 -0.285026639336E-06
            3076       56 -0.269232864633E-06
            3076       57 -0.254513976155E-06
            3076       58 -0.240783718026E-06
            3076       59 -0.227963769158E-06
            3076       60 -0.215982923579E-06
            3076       61 -0.204776364356E-06
            3076       62 -0.194285019436E-06
            3076       63 -0.184454989328E-06
            3076       64 -0.175237037862E-06
            3076       65 -0.166586138436E-06
            3076       66 -0.158461069140E-06
            3076       67 -0.150824051004E-06
            3076       68 -0.143640424341E-06
            3076       69 -0.136878358799E-06
            3076       70 -0.130508593287E-06
            3076       71 -0.124504202395E-06
            3076       72 -0.118840386358E-06
            3076       73 -0.113494281970E-06
            3076       74 -0.108444792152E-06
            3076       75 -0.103672432162E-06
            3076       76 -0.991591906646E-07
            3076       77 -0.948884040885E-07
            3076       78 -0.908446428771E-07
            3076       79 -0.870136083977E-07
            3076       80 -0.833820394153E-07
            3076       81 -0.799376271583E-07
            3076       82 -0.766689381056E-07
            3076       83 -0.735653437329E-07
            3076       84 -0.706169565218E-07
            3076       85 -0.678145716243E-07
            3076       86 -0.651496136307E-07
            3077        1 -0.128563592309E-02
            3077        2 -0.898517297033E-03
            3077        3 -0.611811205131E-03
            3077        4 -0.407146996560E-03
            3077        5 -0.264948392636E-03
            3077        6 -0.168317530664E-03
            3077        7 -0.104031344969E-03
            3077        8 -0.620958510873E-04
            3077        9 -0.352530777080E-04
            3077       10 -0.184255850103E-04
            3077       11 -0.816702441844E-05
            3077       12 -0.215218680417E-05
            3077       13  0.117169166304E-05
            3077       14  0.283453183830E-05
            3077       15  0.350847635519E-05
            3077       16  0.362183943359E-05
            3077       17  0.344031656585E-05
            3077       18  0.312159346990E-05
            3077       19  0.274949884259E-05
            3077       20  0.238137031180E-05
            3077       21  0.203932355351E-05
            3077       22  0.173570325494E-05
            3077       23  0.147180632946E-05
            3077       24  0.124680660558E-05
            3077       25  0.105640975078E-05
            3077       26  0.896246721926E-06
            3077       27  0.761317735305E-06
            3077       28  0.648252687958E-06
            3077       29  0.554066849431E-06
            3077       30  0.475330667084E-06
            3077       31  0.408670850127E-06
            3077       32  0.352275681336E-06
            3077       33  0.304808462288E-06
            3077       34  0.264756064295E-06
            3077       35  0.230625176326E-06
            3077       36  0.201499248231E-06
            3077       37  0.176690631552E-06
            3077       38  0.155471020544E-06
            3077       39  0.137127544782E-06
            3077       40  0.121247070518E-06
            3077       41  0.107513680303E-06
            3077       42  0.955923087501E-07
            3077       43  0.852382765040E-07
            3077       44  0.766987044983E-07
            3077       45  0.687055797689E-07
            3077       46  0.614046059016E-07
            3077       47  0.551835118351E-07
            3077       48  0.496888071818E-07
            3077       49  0.448247256755E-07
            3077       50  0.405096688068E-07
            3077       51  0.366737449020E-07
            3077       52  0.332569308713E-07
            3077       53  0.302075466226E-07
            3077       54  0.274809850186E-07
            3077       55  0.250386513879E-07
            3077       56  0.228470754293E-07
            3077       57  0.208771653825E-07
            3077       58  0.191035799578E-07
            3077       59  0.175041980260E-07
            3077       60  0.160596696976E-07
            3077       61  0.147530353466E-07
            3077       62  0.135694015121E-07
            3077       63  0.124956645318E-07
            3077       64  0.115202743395E-07
            3077       65  0.106330321369E-07
            3077       66  0.982491670663E-08
            3077       67  0.908793499725E-08
            3077       68  0.841499332324E-08
            3077       69  0.779978611463E-08
            3077       70  0.723669963710E-08
            3077       71  0.672072850991E-08
            3077       72  0.624740318677E-08
            3077       73  0.581272684626E-08
            3077       74  0.541312037419E-08
            3077       75  0.504537431818E-08
            3077       76  0.470660686060E-08
            3077       77  0.439422699592E-08
            3077       78  0.410590221650E-08
            3077       79  0.383953011067E-08
            3077       80  0.359321336149E-08
            3077       81  0.336523770617E-08
            3077       82  0.315405247753E-08
            3077       83  0.295825340034E-08
            3077       84  0.277656736040E-08
            3077       85  0.260783890168E-08
            3077       86  0.245101823950E-08
            3078        1  0.251421314824E-02
            3078        2  0.164844494148E-02
            3078        3  0.108608965003E-02
            3078        4  0.714180369758E-03
            3078        5  0.466705750992E-03
            3078        6  0.302083089692E-03
            3078        7  0.193219577827E-03
            3078        8  0.121849635316E-03
            3078        9  0.755443426571E-04
            3078       10  0.458594612520E-04
            3078       11  0.270753217007E-04
            3078       12  0.153672044070E-04
            3078       13  0.820578588400E-05
            3078       14  0.393144932596E-05
            3078       15  0.146366411495E-05
            3078       16  0.107032063139E-06
            3078       17 -0.585183845548E-06
            3078       18 -0.888296734625E-06
            3078       19 -0.965858304231E-06
            3078       20 -0.932356299957E-06
            3078       21 -0.843135048318E-06
            3078       22 -0.734679672653E-06
            3078       23 -0.624392496554E-06
            3078       24 -0.523048169483E-06
            3078       25 -0.433619407462E-06
            3078       26 -0.357127185049E-06
            3078       27 -0.292617597558E-06
            3078       28 -0.239175549883E-06
            3078       29 -0.195325900143E-06
            3078       30 -0.159489280803E-06
            3078       31 -0.130102481571E-06
            3078       32 -0.106093962727E-06
            3078       33 -0.866187696636E-07
            3078       34 -0.708959964030E-07
            3078       35 -0.581403872170E-07
            3078       36 -0.477245536161E-07
            3078       37 -0.392462852894E-07
            3078       38 -0.323651509527E-07
            3078       39 -0.267369186407E-07
            3078       40 -0.220839659880E-07
            3078       41 -0.182440415085E-07
            3078       42 -0.150852022650E-07
            3078       43 -0.124892073420E-07
            3078       44 -0.104484600619E-07
            3078       45 -0.890369314699E-08
            3078       46 -0.749829103569E-08
            3078       47 -0.617722903248E-08
            3078       48 -0.506103250815E-08
            3078       49 -0.412607187848E-08
            3078       50 -0.334260657288E-08
            3078       51 -0.268598357814E-08
            3078       52 -0.213572176040E-08
            3078       53 -0.167476991168E-08
            3078       54 -0.128890381476E-08
            3078       55 -0.966234901348E-09
            3078       56 -0.696808765960E-09
            3078       57 -0.472276246361E-09
            3078       58 -0.285623275046E-09
            3078       59 -0.130948461584E-09
            3078       60 -0.327954249980E-11
            3078       61  0.101578435451E-09
            3078       62  0.187168959975E-09
            3078       63  0.256488587978E-09
            3078       64  0.312073955717E-09
            3078       65  0.356074343809E-09
            3078       66  0.390312309581E-09
            3078       67  0.416334441120E-09
            3078       68  0.435453916646E-09
            3078       69  0.448786252534E-09
            3078       70  0.457279378780E-09
            3078       71  0.461738981353E-09
            3078       72  0.462849888219E-09
            3078       73  0.461194142535E-09
            3078       74  0.457266297238E-09
            3078       75  0.451486374945E-09
            3078       76  0.444210863552E-09
            3078       77  0.435742056213E-09
            3078       78  0.426335993937E-09
            3078       79  0.416209227208E-09
            3078       80  0.405544577948E-09
            3078       81  0.394496054327E-09
            3078       82  0.383193046655E-09
            3078       83  0.371743912472E-09
            3078       84  0.360239042113E-09
            3078       85  0.348753481799E-09
            3078       86  0.337349179544E-09
