COLLISION_TYPE= 2
NUMBER_OF_CHANLS=    6
NUMBER_OF_STATES=      6
MATRIX_SIZE=        21
R_GRID_SIZE=   89
  #STATE #CHANNEL      J12      M12        V        J
       1        1        0        0        0        0
       2        2        0        0        1        0
       3        3        0        0        2        0
       4        4        0        0        3        0
       5        5        0        0        4        0
       6        6        0        0        5        0
       MIJ_INDEX     ST_1     ST_2
               1        1        1
               2        2        1
               3        2        2
               4        3        1
               5        3        2
               6        3        3
               7        4        1
               8        4        2
               9        4        3
              10        4        4
              11        5        1
              12        5        2
              13        5        3
              14        5        4
              15        5        5
              16        6        1
              17        6        2
              18        6        3
              19        6        4
              20        6        5
              21        6        6
  #iR           R_COM(iR)
    1  0.240000000000E+01
    2  0.260000000000E+01
    3  0.280000000000E+01
    4  0.300000000000E+01
    5  0.320000000000E+01
    6  0.340000000000E+01
    7  0.360000000000E+01
    8  0.380000000000E+01
    9  0.400000000000E+01
   10  0.420000000000E+01
   11  0.440000000000E+01
   12  0.460000000000E+01
   13  0.480000000000E+01
   14  0.500000000000E+01
   15  0.520000000000E+01
   16  0.540000000000E+01
   17  0.560000000000E+01
   18  0.580000000000E+01
   19  0.600000000000E+01
   20  0.620000000000E+01
   21  0.640000000000E+01
   22  0.660000000000E+01
   23  0.680000000000E+01
   24  0.700000000000E+01
   25  0.720000000000E+01
   26  0.740000000000E+01
   27  0.760000000000E+01
   28  0.780000000000E+01
   29  0.800000000000E+01
   30  0.820000000000E+01
   31  0.840000000000E+01
   32  0.860000000000E+01
   33  0.880000000000E+01
   34  0.900000000000E+01
   35  0.920000000000E+01
   36  0.940000000000E+01
   37  0.960000000000E+01
   38  0.980000000000E+01
   39  0.100000000000E+02
   40  0.102000000000E+02
   41  0.104000000000E+02
   42  0.106000000000E+02
   43  0.108000000000E+02
   44  0.110000000000E+02
   45  0.112000000000E+02
   46  0.114000000000E+02
   47  0.116000000000E+02
   48  0.118000000000E+02
   49  0.120000000000E+02
   50  0.122000000000E+02
   51  0.124000000000E+02
   52  0.126000000000E+02
   53  0.128000000000E+02
   54  0.130000000000E+02
   55  0.132000000000E+02
   56  0.134000000000E+02
   57  0.136000000000E+02
   58  0.138000000000E+02
   59  0.140000000000E+02
   60  0.142000000000E+02
   61  0.144000000000E+02
   62  0.146000000000E+02
   63  0.148000000000E+02
   64  0.150000000000E+02
   65  0.152000000000E+02
   66  0.154000000000E+02
   67  0.156000000000E+02
   68  0.158000000000E+02
   69  0.160000000000E+02
   70  0.162000000000E+02
   71  0.164000000000E+02
   72  0.166000000000E+02
   73  0.168000000000E+02
   74  0.170000000000E+02
   75  0.172000000000E+02
   76  0.174000000000E+02
   77  0.176000000000E+02
   78  0.178000000000E+02
   79  0.180000000000E+02
   80  0.182000000000E+02
   81  0.184000000000E+02
   82  0.186000000000E+02
   83  0.188000000000E+02
   84  0.190000000000E+02
   85  0.192000000000E+02
   86  0.194000000000E+02
   87  0.196000000000E+02
   88  0.198000000000E+02
   89  0.200000000000E+02
        #k_matel      #iR     Mij(iR,k_matel)
               1        1  0.727305655698E-01
               1        2  0.499102553982E-01
               1        3  0.368736668838E-01
               1        4  0.284999834371E-01
               1        5  0.224603058578E-01
               1        6  0.181079111380E-01
               1        7  0.149414088290E-01
               1        8  0.124294293882E-01
               1        9  0.102046774298E-01
               1       10  0.814576688861E-02
               1       11  0.630864799017E-02
               1       12  0.475420053237E-02
               1       13  0.349141093554E-02
               1       14  0.249790661183E-02
               1       15  0.173657962351E-02
               1       16  0.116623417881E-02
               1       17  0.747656083452E-03
               1       18  0.447017101822E-03
               1       19  0.235807866319E-03
               1       20  0.914540619360E-04
               1       21 -0.411290543213E-05
               1       22 -0.643758494211E-04
               1       23 -0.998306742346E-04
               1       24 -0.118070557914E-03
               1       25 -0.124816029297E-03
               1       26 -0.124073671332E-03
               1       27 -0.118724038214E-03
               1       28 -0.110723120039E-03
               1       29 -0.101435562558E-03
               1       30 -0.917481382226E-04
               1       31 -0.822329133102E-04
               1       32 -0.732273482365E-04
               1       33 -0.649099915598E-04
               1       34 -0.573586534289E-04
               1       35 -0.505885914947E-04
               1       36 -0.445772546444E-04
               1       37 -0.392724750748E-04
               1       38 -0.346050452197E-04
               1       39 -0.305072801357E-04
               1       40 -0.269158315970E-04
               1       41 -0.237726054870E-04
               1       42 -0.210250686382E-04
               1       43 -0.186261858773E-04
               1       44 -0.165337256206E-04
               1       45 -0.147066826608E-04
               1       46 -0.131079577027E-04
               1       47 -0.117061055445E-04
               1       48 -0.104744258336E-04
               1       49 -0.939018900068E-05
               1       50 -0.843399720856E-05
               1       51 -0.758925538252E-05
               1       52 -0.684173222108E-05
               1       53 -0.617916562600E-05
               1       54 -0.559076571584E-05
               1       55 -0.506715309312E-05
               1       56 -0.460026568341E-05
               1       57 -0.418315663322E-05
               1       58 -0.380982508265E-05
               1       59 -0.347507480590E-05
               1       60 -0.317439578322E-05
               1       61 -0.290386470174E-05
               1       62 -0.266006112852E-05
               1       63 -0.243999667029E-05
               1       64 -0.224105331952E-05
               1       65 -0.206093215041E-05
               1       66 -0.189761291334E-05
               1       67 -0.174931709088E-05
               1       68 -0.161447607314E-05
               1       69 -0.149170389410E-05
               1       70 -0.137977382364E-05
               1       71 -0.127759822673E-05
               1       72 -0.118421119761E-05
               1       73 -0.109875355596E-05
               1       74 -0.102045985830E-05
               1       75 -0.948647132096E-06
               1       76 -0.882705080754E-06
               1       77 -0.822087555024E-06
               1       78 -0.766305132688E-06
               1       79 -0.714918625928E-06
               1       80 -0.667533397514E-06
               1       81 -0.623794378535E-06
               1       82 -0.583381694003E-06
               1       83 -0.546006816140E-06
               1       84 -0.511409176487E-06
               1       85 -0.479353177622E-06
               1       86 -0.449625553495E-06
               1       87 -0.422033034367E-06
               1       88 -0.396400278316E-06
               1       89 -0.372568036368E-06
               2        1 -0.664704552441E-02
               2        2 -0.558458284039E-02
               2        3 -0.448386699514E-02
               2        4 -0.334298106910E-02
               2        5 -0.240113901622E-02
               2        6 -0.177063853607E-02
               2        7 -0.130894273381E-02
               2        8 -0.888718475533E-03
               2        9 -0.527926386401E-03
               2       10 -0.271084257996E-03
               2       11 -0.122138567160E-03
               2       12 -0.476078397692E-04
               2       13 -0.106891960062E-04
               2       14  0.512427301366E-05
               2       15  0.104247325605E-04
               2       16  0.105190909103E-04
               2       17  0.854616221930E-05
               2       18  0.601285148183E-05
               2       19  0.367208347744E-05
               2       20  0.166353518303E-05
               2       21  0.911891655894E-07
               2       22 -0.102127001483E-05
               2       23 -0.175264954849E-05
               2       24 -0.218660127070E-05
               2       25 -0.239847371082E-05
               2       26 -0.244920653755E-05
               2       27 -0.239420010474E-05
               2       28 -0.227330099588E-05
               2       29 -0.211323633671E-05
               2       30 -0.193255030669E-05
               2       31 -0.174649455372E-05
               2       32 -0.156507721920E-05
               2       33 -0.139406693224E-05
               2       34 -0.123649250620E-05
               2       35 -0.109363580621E-05
               2       36 -0.965683246794E-06
               2       37 -0.851991133713E-06
               2       38 -0.751412915342E-06
               2       39 -0.662730625001E-06
               2       40 -0.584745402488E-06
               2       41 -0.516318951623E-06
               2       42 -0.456395564071E-06
               2       43 -0.404011735788E-06
               2       44 -0.358288075079E-06
               2       45 -0.318350544716E-06
               2       46 -0.283399273823E-06
               2       47 -0.252754057290E-06
               2       48 -0.225835692215E-06
               2       49 -0.202149883819E-06
               2       50 -0.181273868369E-06
               2       51 -0.162845273250E-06
               2       52 -0.146552821733E-06
               2       53 -0.132127987705E-06
               2       54 -0.119334721648E-06
               2       55 -0.107967761676E-06
               2       56 -0.978503911597E-07
               2       57 -0.888301193689E-07
               2       58 -0.807750535089E-07
               2       59 -0.735708582083E-07
               2       60 -0.671182004638E-07
               2       61 -0.613305969104E-07
               2       62 -0.561325954434E-07
               2       63 -0.514582093431E-07
               2       64 -0.472480313861E-07
               2       65 -0.434477639975E-07
               2       66 -0.400100340365E-07
               2       67 -0.368936175706E-07
               2       68 -0.340625585389E-07
               2       69 -0.314854249843E-07
               2       70 -0.291346797254E-07
               2       71 -0.269861464896E-07
               2       72 -0.250185558937E-07
               2       73 -0.232131583845E-07
               2       74 -0.215533934786E-07
               2       75 -0.200246080630E-07
               2       76 -0.186143578040E-07
               2       77 -0.173127942801E-07
               2       78 -0.161111177133E-07
               2       79 -0.150012743324E-07
               2       80 -0.139758933910E-07
               2       81 -0.130282289154E-07
               2       82 -0.121521060067E-07
               2       83 -0.113418714676E-07
               2       84 -0.105923485082E-07
               2       85 -0.989879526311E-08
               2       86 -0.925686685683E-08
               2       87 -0.866258075142E-08
               2       88 -0.811228512326E-08
               2       89 -0.760263002443E-08
               3        1  0.709330490602E-01
               3        2  0.483453840506E-01
               3        3  0.355113077975E-01
               3        4  0.274127539621E-01
               3        5  0.216942177391E-01
               3        6  0.175595379664E-01
               3        7  0.145130270238E-01
               3        8  0.121007452668E-01
               3        9  0.997976055059E-02
               3       10  0.801338165972E-02
               3       11  0.623918943573E-02
               3       12  0.471893029632E-02
               3       13  0.347452006119E-02
               3       14  0.249036293166E-02
               3       15  0.173360849407E-02
               3       16  0.116521891250E-02
               3       17  0.747364432704E-03
               3       18  0.446845378818E-03
               3       19  0.235630524241E-03
               3       20  0.911171733812E-04
               3       21 -0.464326474020E-05
               3       22 -0.650426661156E-04
               3       23 -0.100579455996E-03
               3       24 -0.118860333919E-03
               3       25 -0.125611660775E-03
               3       26 -0.124846464650E-03
               3       27 -0.119456913335E-03
               3       28 -0.111407276579E-03
               3       29 -0.102065422125E-03
               3       30 -0.923204038068E-04
               3       31 -0.827476729364E-04
               3       32 -0.736870979797E-04
               3       33 -0.653185524954E-04
               3       34 -0.577204795439E-04
               3       35 -0.509083351010E-04
               3       36 -0.448594994022E-04
               3       37 -0.395215266586E-04
               3       38 -0.348248076227E-04
               3       39 -0.307012563349E-04
               3       40 -0.270871445236E-04
               3       41 -0.239240264523E-04
               3       42 -0.211590489085E-04
               3       43 -0.187448887384E-04
               3       44 -0.166390556678E-04
               3       45 -0.148003002841E-04
               3       46 -0.131913037153E-04
               3       47 -0.117804320922E-04
               3       48 -0.105408228565E-04
               3       49 -0.944960680357E-05
               3       50 -0.848726572388E-05
               3       51 -0.763710062527E-05
               3       52 -0.688479035864E-05
               3       53 -0.621799452114E-05
               3       54 -0.562585145855E-05
               3       55 -0.509891837266E-05
               3       56 -0.462907897595E-05
               3       57 -0.420933994208E-05
               3       58 -0.383366046562E-05
               3       59 -0.349680989579E-05
               3       60 -0.319424847034E-05
               3       61 -0.292202711639E-05
               3       62 -0.267670303731E-05
               3       63 -0.245526837668E-05
               3       64 -0.225508795457E-05
               3       65 -0.207384756886E-05
               3       66 -0.190951363451E-05
               3       67 -0.176029599195E-05
               3       68 -0.162461584498E-05
               3       69 -0.150107829586E-05
               3       70 -0.138844876651E-05
               3       71 -0.128563271230E-05
               3       72 -0.119165813197E-05
               3       73 -0.110566045773E-05
               3       74 -0.102686947552E-05
               3       75 -0.954597981495E-06
               3       76 -0.888232111839E-06
               3       77 -0.827222966645E-06
               3       78 -0.771078656661E-06
               3       79 -0.719357715251E-06
               3       80 -0.671663402145E-06
               3       81 -0.627638709004E-06
               3       82 -0.586961973290E-06
               3       83 -0.549343020347E-06
               3       84 -0.514519764888E-06
               3       85 -0.482255212716E-06
               3       86 -0.452334811688E-06
               3       87 -0.424564107923E-06
               3       88 -0.398766669181E-06
               3       89 -0.374782242461E-06
               4        1  0.218542049607E-03
               4        2  0.145789278643E-03
               4        3  0.437760549300E-04
               4        4 -0.168354692547E-04
               4        5 -0.183384051163E-05
               4        6  0.100989264107E-04
               4        7 -0.844431007463E-05
               4        8 -0.319048649022E-04
               4        9 -0.394773494510E-04
               4       10 -0.319579054978E-04
               4       11 -0.211866156075E-04
               4       12 -0.139285292604E-04
               4       13 -0.933410376732E-05
               4       14 -0.634593955089E-05
               4       15 -0.434848608443E-05
               4       16 -0.301615268013E-05
               4       17 -0.208158165542E-05
               4       18 -0.144138709553E-05
               4       19 -0.930398970153E-06
               4       20 -0.598974647620E-06
               4       21 -0.386966605475E-06
               4       22 -0.236672799643E-06
               4       23 -0.132502885188E-06
               4       24 -0.654111261279E-07
               4       25 -0.228585350414E-07
               4       26  0.410036080993E-08
               4       27  0.196170073663E-07
               4       28  0.267281042168E-07
               4       29  0.290835391189E-07
               4       30  0.291840047562E-07
               4       31  0.280424495949E-07
               4       32  0.261943480809E-07
               4       33  0.239919176564E-07
               4       34  0.216635209044E-07
               4       35  0.193539134147E-07
               4       36  0.171515931211E-07
               4       37  0.151072865589E-07
               4       38  0.132466858797E-07
               4       39  0.115793147154E-07
               4       40  0.101043917420E-07
               4       41  0.881479183993E-08
               4       42  0.769971214101E-08
               4       43  0.674644855564E-08
               4       44  0.594053507604E-08
               4       45  0.525866228121E-08
               4       46  0.467679644845E-08
               4       47  0.417584175179E-08
               4       48  0.374061247542E-08
               4       49  0.335898491274E-08
               4       50  0.302124277612E-08
               4       51  0.271956988045E-08
               4       52  0.244765539364E-08
               4       53  0.220060632114E-08
               4       54  0.197615441771E-08
               4       55  0.177301162042E-08
               4       56  0.158981256479E-08
               4       57  0.142516582473E-08
               4       58  0.127769504523E-08
               4       59  0.114606659347E-08
               4       60  0.102900738242E-08
               4       61  0.925315579556E-09
               4       62  0.833866213109E-09
               4       63  0.753609654297E-09
               4       64  0.683358767366E-09
               4       65  0.621738566118E-09
               4       66  0.567554462108E-09
               4       67  0.519792994169E-09
               4       68  0.477592282365E-09
               4       69  0.440217610304E-09
               4       70  0.407041195492E-09
               4       71  0.377525388591E-09
               4       72  0.351208687113E-09
               4       73  0.327694064857E-09
               4       74  0.306639211348E-09
               4       75  0.287748311253E-09
               4       76  0.270751937048E-09
               4       77  0.255386770473E-09
               4       78  0.241423935003E-09
               4       79  0.228668434312E-09
               4       80  0.216953906179E-09
               4       81  0.206138224159E-09
               4       82  0.196099804171E-09
               4       83  0.186734498260E-09
               4       84  0.177952978228E-09
               4       85  0.169678528664E-09
               4       86  0.161845182633E-09
               4       87  0.154396144625E-09
               4       88  0.147282454672E-09
               4       89  0.140461855255E-09
               5        1 -0.935721467981E-02
               5        2 -0.794142615734E-02
               5        3 -0.639734311686E-02
               5        4 -0.480939274373E-02
               5        5 -0.346810898184E-02
               5        6 -0.254687861090E-02
               5        7 -0.187728819266E-02
               5        8 -0.128359947301E-02
               5        9 -0.774936812295E-03
               5       10 -0.406679589623E-03
               5       11 -0.187678134455E-03
               5       12 -0.756898813220E-04
               5       13 -0.199284505939E-04
               5       14  0.445187286042E-05
               5       15  0.130728149970E-04
               5       16  0.138595875103E-04
               5       17  0.114465406348E-04
               5       18  0.808425024502E-05
               5       19  0.491652636883E-05
               5       20  0.215898322789E-05
               5       21 -0.161402615191E-07
               5       22 -0.155745914857E-05
               5       23 -0.257022590662E-05
               5       24 -0.316948695177E-05
               5       25 -0.345894279075E-05
               5       26 -0.352287625317E-05
               5       27 -0.343860240731E-05
               5       28 -0.326191011561E-05
               5       29 -0.303041861031E-05
               5       30 -0.277027191956E-05
               5       31 -0.250300461791E-05
               5       32 -0.224273671311E-05
               5       33 -0.199758709860E-05
               5       34 -0.177179870010E-05
               5       35 -0.156714506131E-05
               5       36 -0.138385319192E-05
               5       37 -0.122098473497E-05
               5       38 -0.107689759304E-05
               5       39 -0.949848215493E-06
               5       40 -0.838120278090E-06
               5       41 -0.740084058089E-06
               5       42 -0.654227986933E-06
               5       43 -0.579172438010E-06
               5       44 -0.513658146275E-06
               5       45 -0.456433368574E-06
               5       46 -0.406352508711E-06
               5       47 -0.362441335618E-06
               5       48 -0.323870256036E-06
               5       49 -0.289931267392E-06
               5       50 -0.260018802207E-06
               5       51 -0.233613776434E-06
               5       52 -0.210270279529E-06
               5       53 -0.189603537053E-06
               5       54 -0.171274623268E-06
               5       55 -0.154988621021E-06
               5       56 -0.140491771572E-06
               5       57 -0.127565221842E-06
               5       58 -0.116019775323E-06
               5       59 -0.105691497067E-06
               5       60 -0.964380236557E-07
               5       61 -0.881354567989E-07
               5       62 -0.806757414441E-07
               5       63 -0.739644145381E-07
               5       64 -0.679167455952E-07
               5       65 -0.624556884279E-07
               5       66 -0.575139782538E-07
               5       67 -0.530330110281E-07
               5       68 -0.489616118855E-07
               5       69 -0.452549944085E-07
               5       70 -0.418738788513E-07
               5       71 -0.387837431389E-07
               5       72 -0.359541850661E-07
               5       73 -0.333583778741E-07
               5       74 -0.309726044371E-07
               5       75 -0.287758598980E-07
               5       76 -0.267502217816E-07
               5       77 -0.248813355158E-07
               5       78 -0.231563685600E-07
               5       79 -0.215635973397E-07
               5       80 -0.200923101498E-07
               5       81 -0.187327180125E-07
               5       82 -0.174758730256E-07
               5       83 -0.163135937121E-07
               5       84 -0.152383968727E-07
               5       85 -0.142434354509E-07
               5       86 -0.133224419344E-07
               5       87 -0.124696768385E-07
               5       88 -0.116798818418E-07
               5       89 -0.109482371737E-07
               6        1  0.691860972164E-01
               6        2  0.467728794598E-01
               6        3  0.341429203452E-01
               6        4  0.263062354047E-01
               6        5  0.209011609954E-01
               6        6  0.169934852595E-01
               6        7  0.140780147471E-01
               6        8  0.117672710431E-01
               6        9  0.974791349729E-02
               6       10  0.787374218719E-02
               6       11  0.616447996787E-02
               6       12  0.468078819728E-02
               6       13  0.345603333713E-02
               6       14  0.248194431421E-02
               6       15  0.173014312779E-02
               6       16  0.116393075559E-02
               6       17  0.746917965918E-03
               6       18  0.446585140108E-03
               6       19  0.235390004066E-03
               6       20  0.907342399694E-04
               6       21 -0.520719845971E-05
               6       22 -0.657366131062E-04
               6       23 -0.101352051060E-03
               6       24 -0.119671601203E-03
               6       25 -0.126427104847E-03
               6       26 -0.125637860113E-03
               6       27 -0.120207088342E-03
               6       28 -0.112107070066E-03
               6       29 -0.102709208774E-03
               6       30 -0.929050809741E-04
               6       31 -0.832735221624E-04
               6       32 -0.741567707876E-04
               6       33 -0.657359960677E-04
               6       34 -0.580902511096E-04
               6       35 -0.512351722094E-04
               6       36 -0.451480568281E-04
               6       37 -0.397761765596E-04
               6       38 -0.350495230000E-04
               6       39 -0.308996087995E-04
               6       40 -0.272623230403E-04
               6       41 -0.240788644835E-04
               6       42 -0.212960553325E-04
               6       43 -0.188662796678E-04
               6       44 -0.167467835042E-04
               6       45 -0.148960662191E-04
               6       46 -0.132765823348E-04
               6       47 -0.118565036270E-04
               6       48 -0.106088007173E-04
               6       49 -0.951046100381E-05
               6       50 -0.854184282329E-05
               6       51 -0.768614072978E-05
               6       52 -0.692894162943E-05
               6       53 -0.625782508064E-05
               6       54 -0.566185626857E-05
               6       55 -0.513152784958E-05
               6       56 -0.465866834769E-05
               6       57 -0.423623712940E-05
               6       58 -0.385815272758E-05
               6       59 -0.351914944971E-05
               6       60 -0.321465725809E-05
               6       61 -0.294070085792E-05
               6       62 -0.269381468730E-05
               6       63 -0.247097107841E-05
               6       64 -0.226951748660E-05
               6       65 -0.208712441587E-05
               6       66 -0.192174490483E-05
               6       67 -0.177157708074E-05
               6       68 -0.163503186908E-05
               6       69 -0.151070533466E-05
               6       70 -0.139735493732E-05
               6       71 -0.129387910439E-05
               6       72 -0.119929961950E-05
               6       73 -0.111274640877E-05
               6       74 -0.103344437166E-05
               6       75 -0.960701960752E-06
               6       76 -0.893901600983E-06
               6       77 -0.832491426544E-06
               6       78 -0.775976886266E-06
               6       79 -0.723914070073E-06
               6       80 -0.675903995488E-06
               6       81 -0.631587597005E-06
               6       82 -0.590641324870E-06
               6       83 -0.552773273129E-06
               6       84 -0.517719768123E-06
               6       85 -0.485242358229E-06
               6       86 -0.455125153779E-06
               6       87 -0.427172473115E-06
               6       88 -0.401206756660E-06
               6       89 -0.377066715980E-06
               7        1  0.604079370099E-04
               7        2  0.201681066230E-04
               7        3  0.307353201043E-04
               7        4  0.186358854127E-04
               7        5  0.214321028094E-05
               7        6  0.331524782698E-05
               7        7  0.111795715570E-04
               7        8  0.119893751882E-04
               7        9  0.759819291292E-05
               7       10  0.324692609331E-05
               7       11  0.143660005407E-05
               7       12  0.118914576350E-05
               7       13  0.868121562517E-06
               7       14  0.639313262458E-06
               7       15  0.454137841957E-06
               7       16  0.336455475811E-06
               7       17  0.244277983074E-06
               7       18  0.180576132685E-06
               7       19  0.116862618057E-06
               7       20  0.787430741175E-07
               7       21  0.568015704387E-07
               7       22  0.398542309187E-07
               7       23  0.271048434363E-07
               7       24  0.185582779136E-07
               7       25  0.126061215635E-07
               7       26  0.814749160281E-08
               7       27  0.522372593519E-08
               7       28  0.374683661903E-08
               7       29  0.297047157929E-08
               7       30  0.236464215914E-08
               7       31  0.184922194321E-08
               7       32  0.142397058635E-08
               7       33  0.108408254477E-08
               7       34  0.822475200924E-09
               7       35  0.631171877100E-09
               7       36  0.501940584050E-09
               7       37  0.420989938507E-09
               7       38  0.370712469645E-09
               7       39  0.338308261315E-09
               7       40  0.314883163616E-09
               7       41  0.294335020962E-09
               7       42  0.272555142912E-09
               7       43  0.246854497968E-09
               7       44  0.215849545918E-09
               7       45  0.181443256147E-09
               7       46  0.146383023530E-09
               7       47  0.112537541711E-09
               7       48  0.811263785793E-10
               7       49  0.529039655107E-10
               7       50  0.282941192008E-10
               7       51  0.748830297254E-11
               7       52 -0.948273283575E-11
               7       53 -0.227317272155E-10
               7       54 -0.327058460973E-10
               7       55 -0.399300661225E-10
               7       56 -0.448446732209E-10
               7       57 -0.478185218873E-10
               7       58 -0.491610298763E-10
               7       59 -0.491320739432E-10
               7       60 -0.479501699288E-10
               7       61 -0.457992475064E-10
               7       62 -0.428342713854E-10
               7       63 -0.391874405187E-10
               7       64 -0.350643922335E-10
               7       65 -0.307683695713E-10
               7       66 -0.265413855435E-10
               7       67 -0.225644327062E-10
               7       68 -0.189703284140E-10
               7       69 -0.158539615010E-10
               7       70 -0.132804674378E-10
               7       71 -0.112917500313E-10
               7       72 -0.991168188124E-11
               7       73 -0.915024805890E-11
               7       74 -0.900684386857E-11
               7       75 -0.947276072812E-11
               7       76 -0.104877626941E-10
               7       77 -0.118919031199E-10
               7       78 -0.135410123581E-10
               7       79 -0.153199716161E-10
               7       80 -0.171374887602E-10
               7       81 -0.189217934249E-10
               7       82 -0.206170880510E-10
               7       83 -0.221806211915E-10
               7       84 -0.235802735741E-10
               7       85 -0.247925670685E-10
               7       86 -0.258010227455E-10
               7       87 -0.265948073026E-10
               7       88 -0.271676178555E-10
               7       89 -0.275167638604E-10
               8        1  0.432022409416E-03
               8        2  0.272956020392E-03
               8        3  0.980221775953E-04
               8        4 -0.159173216695E-04
               8        5 -0.189759001172E-05
               8        6  0.179831658628E-04
               8        7 -0.972040209424E-05
               8        8 -0.498596950559E-04
               8        9 -0.656445081141E-04
               8       10 -0.550092669635E-04
               8       11 -0.371427761427E-04
               8       12 -0.243525304753E-04
               8       13 -0.162861889440E-04
               8       14 -0.110409466777E-04
               8       15 -0.755386349454E-05
               8       16 -0.522253751178E-05
               8       17 -0.359398694131E-05
               8       18 -0.247841887259E-05
               8       19 -0.160269041275E-05
               8       20 -0.103044662255E-05
               8       21 -0.661204363537E-06
               8       22 -0.400921328452E-06
               8       23 -0.221488176621E-06
               8       24 -0.106022801179E-06
               8       25 -0.330633490278E-07
               8       26  0.126950709783E-07
               8       27  0.388179908135E-07
               8       28  0.507594631270E-07
               8       29  0.545726352679E-07
               8       30  0.543921482860E-07
               8       31  0.520021068566E-07
               8       32  0.483806310049E-07
               8       33  0.441681755303E-07
               8       34  0.397774700834E-07
               8       35  0.354679116734E-07
               8       36  0.313958949636E-07
               8       37  0.276440228294E-07
               8       38  0.242458001427E-07
               8       39  0.212090815053E-07
               8       40  0.185260245302E-07
               8       41  0.161793979586E-07
               8       42  0.141467936648E-07
               8       43  0.124034044832E-07
               8       44  0.109221960081E-07
               8       45  0.966263658863E-08
               8       46  0.858350224843E-08
               8       47  0.765179248904E-08
               8       48  0.684105391606E-08
               8       49  0.612999286072E-08
               8       50  0.550139907833E-08
               8       51  0.494130718442E-08
               8       52  0.443834058670E-08
               8       53  0.398354681217E-08
               8       54  0.357229164838E-08
               8       55  0.320162783701E-08
               8       56  0.286859863885E-08
               8       57  0.257030436451E-08
               8       58  0.230395482394E-08
               8       59  0.206690208447E-08
               8       60  0.185665911568E-08
               8       61  0.167090843070E-08
               8       62  0.150750374549E-08
               8       63  0.136446008836E-08
               8       64  0.123953745193E-08
               8       65  0.113013960941E-08
               8       66  0.103402238344E-08
               8       67  0.949292878078E-09
               8       68  0.874350828882E-09
               8       69  0.807840309532E-09
               8       70  0.748609871150E-09
               8       71  0.695679565102E-09
               8       72  0.648213598257E-09
               8       73  0.605497608008E-09
               8       74  0.566919735216E-09
               8       75  0.531954821403E-09
               8       76  0.500149456727E-09
               8       77  0.471109001390E-09
               8       78  0.444492648010E-09
               8       79  0.420006063158E-09
               8       80  0.397394558249E-09
               8       81  0.376437326753E-09
               8       82  0.356942572220E-09
               8       83  0.338743381878E-09
               8       84  0.321694225442E-09
               8       85  0.305667979134E-09
               8       86  0.290553391710E-09
               8       87  0.276252923150E-09
               8       88  0.262680898057E-09
               8       89  0.249761925305E-09
               9        1 -0.113879575156E-01
               9        2 -0.977365805780E-02
               9        3 -0.789916239912E-02
               9        4 -0.598787641961E-02
               9        5 -0.433794617781E-02
               9        6 -0.317399344037E-02
               9        7 -0.233147374579E-02
               9        8 -0.160422689335E-02
               9        9 -0.983750338758E-03
               9       10 -0.527150046894E-03
               9       11 -0.248840552489E-03
               9       12 -0.103385308704E-03
               9       13 -0.305588889351E-04
               9       14  0.188627739892E-05
               9       15  0.138853616243E-04
               9       16  0.156873792954E-04
               9       17  0.132148982887E-04
               9       18  0.937900315451E-05
               9       19  0.567543035299E-05
               9       20  0.240224965899E-05
               9       21 -0.199466932489E-06
               9       22 -0.204687360400E-05
               9       23 -0.326048907457E-05
               9       24 -0.397651085482E-05
               9       25 -0.431843553337E-05
               9       26 -0.438718780748E-05
               9       27 -0.427605260799E-05
               9       28 -0.405258929896E-05
               9       29 -0.376272177569E-05
               9       30 -0.343842235454E-05
               9       31 -0.310601293325E-05
               9       32 -0.278272973932E-05
               9       33 -0.247845807642E-05
               9       34 -0.219833842509E-05
               9       35 -0.194449089765E-05
               9       36 -0.171714651713E-05
               9       37 -0.151512257156E-05
               9       38 -0.133638566687E-05
               9       39 -0.117877673131E-05
               9       40 -0.104016954407E-05
               9       41 -0.918544597322E-06
               9       42 -0.812028399053E-06
               9       43 -0.718910702879E-06
               9       44 -0.637630183765E-06
               9       45 -0.566634101419E-06
               9       46 -0.504501130213E-06
               9       47 -0.450022608663E-06
               9       48 -0.402169355192E-06
               9       49 -0.360063055847E-06
               9       50 -0.322952486959E-06
               9       51 -0.290193717472E-06
               9       52 -0.261233591864E-06
               9       53 -0.235594704100E-06
               9       54 -0.212855841512E-06
               9       55 -0.192650293363E-06
               9       56 -0.174662684316E-06
               9       57 -0.158621148581E-06
               9       58 -0.144290763389E-06
               9       59 -0.131468055376E-06
               9       60 -0.119976391694E-06
               9       61 -0.109662102860E-06
               9       62 -0.100391212555E-06
               9       63 -0.920466374819E-07
               9       64 -0.845237396837E-07
               9       65 -0.777278576877E-07
               9       66 -0.715762905752E-07
               9       67 -0.659968962027E-07
               9       68 -0.609266022588E-07
               9       69 -0.563101461995E-07
               9       70 -0.520990061145E-07
               9       71 -0.482504913106E-07
               9       72 -0.447269668501E-07
               9       73 -0.414951907331E-07
               9       74 -0.385257460412E-07
               9       75 -0.357925557007E-07
               9       76 -0.332732650132E-07
               9       77 -0.309497581557E-07
               9       78 -0.288058322466E-07
               9       79 -0.268267103595E-07
               9       80 -0.249989125256E-07
               9       81 -0.233101380625E-07
               9       82 -0.217491584013E-07
               9       83 -0.203057195935E-07
               9       84 -0.189704537092E-07
               9       85 -0.177347983778E-07
               9       86 -0.165909237624E-07
               9       87 -0.155316663095E-07
               9       88 -0.145504686619E-07
               9       89 -0.136413251699E-07
              10        1  0.674937316915E-01
              10        2  0.451946592824E-01
              10        3  0.327687396098E-01
              10        4  0.251808898770E-01
              10        5  0.200807708475E-01
              10        6  0.164087446088E-01
              10        7  0.136357159318E-01
              10        8  0.114288330211E-01
              10        9  0.950903379978E-02
              10       10  0.772671017673E-02
              10       11  0.608430528203E-02
              10       12  0.463959651190E-02
              10       13  0.343584358455E-02
              10       14  0.247259053685E-02
              10       15  0.172615061473E-02
              10       16  0.116235205682E-02
              10       17  0.746307826931E-03
              10       18  0.446232209798E-03
              10       19  0.235083330044E-03
              10       20  0.903033815287E-04
              10       21 -0.580563220015E-05
              10       22 -0.664582033326E-04
              10       23 -0.102148832412E-03
              10       24 -0.120504642956E-03
              10       25 -0.127262578334E-03
              10       26 -0.126448033431E-03
              10       27 -0.120974715339E-03
              10       28 -0.112822639016E-03
              10       29 -0.103367051069E-03
              10       30 -0.935022882957E-04
              10       31 -0.838105695023E-04
              10       32 -0.746364654062E-04
              10       33 -0.661624116427E-04
              10       34 -0.584680484632E-04
              10       35 -0.515691743784E-04
              10       36 -0.454429898364E-04
              10       37 -0.400364793140E-04
              10       38 -0.352792381044E-04
              10       39 -0.311023772686E-04
              10       40 -0.274414007024E-04
              10       41 -0.242371477720E-04
              10       42 -0.214361115087E-04
              10       43 -0.189903783708E-04
              10       44 -0.168569255588E-04
              10       45 -0.149939941280E-04
              10       46 -0.133638048596E-04
              10       47 -0.119343293960E-04
              10       48 -0.106783668487E-04
              10       49 -0.957275739432E-05
              10       50 -0.859773278272E-05
              10       51 -0.773637853583E-05
              10       52 -0.697418748393E-05
              10       53 -0.629865739066E-05
              10       54 -0.569877891852E-05
              10       55 -0.516497906952E-05
              10       56 -0.468903022619E-05
              10       57 -0.426384362592E-05
              10       58 -0.388329642902E-05
              10       59 -0.354208728473E-05
              10       60 -0.323561534384E-05
              10       61 -0.295987862238E-05
              10       62 -0.271138838481E-05
              10       63 -0.248709679598E-05
              10       64 -0.228433373964E-05
              10       65 -0.210075438557E-05
              10       66 -0.193429833593E-05
              10       67 -0.178315191820E-05
              10       68 -0.164571567517E-05
              10       69 -0.152057651847E-05
              10       70 -0.140648382388E-05
              10       71 -0.130232886603E-05
              10       72 -0.120712708903E-05
              10       73 -0.112000279059E-05
              10       74 -0.104017586493E-05
              10       75 -0.966950306872E-06
              10       76 -0.899704688282E-06
              10       77 -0.837883972805E-06
              10       78 -0.780990761905E-06
              10       79 -0.728578544663E-06
              10       80 -0.680245962649E-06
              10       81 -0.635631779444E-06
              10       82 -0.594410461239E-06
              10       83 -0.556288288261E-06
              10       84 -0.520999928115E-06
              10       85 -0.488305411684E-06
              10       86 -0.457987460469E-06
              10       87 -0.429849121189E-06
              10       88 -0.403711669420E-06
              10       89 -0.379412749197E-06
              11        1 -0.109468933700E-04
              11        2 -0.510380806857E-05
              11        3 -0.545856932608E-05
              11        4 -0.182936069224E-05
              11        5 -0.328379586368E-06
              11        6 -0.167532880421E-05
              11        7 -0.257934056140E-05
              11        8 -0.186710513740E-05
              11        9 -0.803915220985E-06
              11       10 -0.178715997733E-06
              11       11 -0.101991487116E-06
              11       12 -0.149643009649E-06
              11       13 -0.117633452816E-06
              11       14 -0.880118787670E-07
              11       15 -0.622195465932E-07
              11       16 -0.451997647324E-07
              11       17 -0.319640744346E-07
              11       18 -0.226441529564E-07
              11       19 -0.161132469410E-07
              11       20 -0.113742772055E-07
              11       21 -0.798529412531E-08
              11       22 -0.562723597570E-08
              11       23 -0.398225326108E-08
              11       24 -0.281441783944E-08
              11       25 -0.195543969642E-08
              11       26 -0.130978264551E-08
              11       27 -0.872597951096E-09
              11       28 -0.622953023992E-09
              11       29 -0.473690424271E-09
              11       30 -0.362365394292E-09
              11       31 -0.274924334671E-09
              11       32 -0.207092320398E-09
              11       33 -0.155269311813E-09
              11       34 -0.116458253593E-09
              11       35 -0.881843178473E-10
              11       36 -0.684039157565E-10
              11       37 -0.550342329785E-10
              11       38 -0.459943338322E-10
              11       39 -0.397405908091E-10
              11       40 -0.351573763109E-10
              11       41 -0.314438842526E-10
              11       42 -0.280310278206E-10
              11       43 -0.245202308718E-10
              11       44 -0.206680912330E-10
              11       45 -0.165806506711E-10
              11       46 -0.124659522921E-10
              11       47 -0.845884864082E-11
              11       48 -0.464136848814E-11
              11       49 -0.105890606682E-11
              11       50  0.226819021003E-11
              11       51  0.533634967233E-11
              11       52  0.815290887432E-11
              11       53  0.107251951089E-10
              11       54  0.130131805697E-10
              11       55  0.149721134247E-10
              11       56  0.165790053183E-10
              11       57  0.178265137508E-10
              11       58  0.187182092577E-10
              11       59  0.192650733147E-10
              11       60  0.194829202002E-10
              11       61  0.193905121265E-10
              11       62  0.190081939640E-10
              11       63  0.183574250664E-10
              11       64  0.174908326442E-10
              11       65  0.164987078170E-10
              11       66  0.154548998927E-10
              11       67  0.144159364423E-10
              11       68  0.134245586836E-10
              11       69  0.125125547318E-10
              11       70  0.117030313300E-10
              11       71  0.110122358591E-10
              11       72  0.104510177035E-10
              11       73  0.100260000732E-10
              11       74  0.974051912327E-11
              11       75  0.959534431255E-11
              11       76  0.957858079581E-11
              11       77  0.965443357249E-11
              11       78  0.979044089592E-11
              11       79  0.996066042087E-11
              11       80  0.101444949391E-10
              11       81  0.103257252558E-10
              11       82  0.104917133068E-10
              11       83  0.106327453401E-10
              11       84  0.107414904484E-10
              11       85  0.108125541920E-10
              11       86  0.108421106681E-10
              11       87  0.108275993494E-10
              11       88  0.107674754283E-10
              11       89  0.106610043893E-10
              12        1  0.114799068556E-03
              12        2  0.388365620265E-04
              12        3  0.589558162434E-04
              12        4  0.370022962187E-04
              12        5  0.484481758306E-05
              12        6  0.616321035057E-05
              12        7  0.213111076406E-04
              12        8  0.233937501240E-04
              12        9  0.151725227395E-04
              12       10  0.672603276481E-05
              12       11  0.301176964812E-05
              12       12  0.240237025897E-05
              12       13  0.174310868181E-05
              12       14  0.128068052448E-05
              12       15  0.910474617799E-06
              12       16  0.673867869545E-06
              12       17  0.489400215982E-06
              12       18  0.361554299211E-06
              12       19  0.233932451567E-06
              12       20  0.157537959329E-06
              12       21  0.113506238750E-06
              12       22  0.795115091111E-07
              12       23  0.539586933459E-07
              12       24  0.368526398087E-07
              12       25  0.249830504705E-07
              12       26  0.161367780019E-07
              12       27  0.103375898604E-07
              12       28  0.738208390990E-08
              12       29  0.581528021266E-08
              12       30  0.460498511072E-08
              12       31  0.358726380971E-08
              12       32  0.275484645256E-08
              12       33  0.209397147744E-08
              12       34  0.158803551617E-08
              12       35  0.121974919780E-08
              12       36  0.972027989428E-09
              12       37  0.817627679078E-09
              12       38  0.722324706404E-09
              12       39  0.661298908104E-09
              12       40  0.617338664500E-09
              12       41  0.578663367229E-09
              12       42  0.537364024246E-09
              12       43  0.488284080667E-09
              12       44  0.428792501129E-09
              12       45  0.362608903944E-09
              12       46  0.295081545720E-09
              12       47  0.229855941315E-09
              12       48  0.169318257210E-09
              12       49  0.114950997124E-09
              12       50  0.675933059704E-10
              12       51  0.276313065605E-10
              12       52 -0.486297034148E-11
              12       53 -0.301035468405E-10
              12       54 -0.489966014123E-10
              12       55 -0.626064259437E-10
              12       56 -0.718174931117E-10
              12       57 -0.773641730904E-10
              12       58 -0.798571558461E-10
              12       59 -0.798050117869E-10
              12       60 -0.776318277037E-10
              12       61 -0.736916658655E-10
              12       62 -0.682804449820E-10
              12       63 -0.616484734860E-10
              12       64 -0.541747865140E-10
              12       65 -0.464115033893E-10
              12       66 -0.387983983431E-10
              12       67 -0.316637810515E-10
              12       68 -0.252480229644E-10
              12       69 -0.197223157475E-10
              12       70 -0.152036301945E-10
              12       71 -0.117666434897E-10
              12       72 -0.945324485592E-11
              12       73 -0.828010505614E-11
              12       74 -0.824469671840E-11
              12       75 -0.932982773758E-11
              12       76 -0.114238957095E-10
              12       77 -0.142324070433E-10
              12       78 -0.174899728775E-10
              12       79 -0.209846591030E-10
              12       80 -0.245483791489E-10
              12       81 -0.280489764647E-10
              12       82 -0.313836965527E-10
              12       83 -0.344738029662E-10
              12       84 -0.372601360464E-10
              12       85 -0.396994492820E-10
              12       86 -0.417613876291E-10
              12       87 -0.434259961898E-10
              12       88 -0.446816673240E-10
              12       89 -0.455234504050E-10
              13        1  0.685575556457E-03
              13        2  0.415750492146E-03
              13        3  0.169583731165E-03
              13        4 -0.330457530519E-05
              13        5 -0.221658617271E-06
              13        6  0.260826034975E-04
              13        7 -0.716431253477E-05
              13        8 -0.630021908064E-04
              13        9 -0.888891627392E-04
              13       10 -0.771552701964E-04
              13       11 -0.530970353909E-04
              13       12 -0.347668578487E-04
              13       13 -0.232084591420E-04
              13       14 -0.156895009644E-04
              13       15 -0.107160711389E-04
              13       16 -0.738457686338E-05
              13       17 -0.506656758315E-05
              13       18 -0.347914323470E-05
              13       19 -0.225376218252E-05
              13       20 -0.144696598427E-05
              13       21 -0.921885183088E-06
              13       22 -0.553856196833E-06
              13       23 -0.301537426408E-06
              13       24 -0.139318435804E-06
              13       25 -0.371988119910E-07
              13       26  0.261957092834E-07
              13       27  0.620638689846E-07
              13       28  0.783802486080E-07
              13       29  0.833495855506E-07
              13       30  0.825584992925E-07
              13       31  0.785702605607E-07
              13       32  0.728358705974E-07
              13       33  0.663015340923E-07
              13       34  0.595736426014E-07
              13       35  0.530302907849E-07
              13       36  0.468964415750E-07
              13       37  0.412813875431E-07
              13       38  0.362172369549E-07
              13       39  0.317030712659E-07
              13       40  0.277187362976E-07
              13       41  0.242330044919E-07
              13       42  0.212089746619E-07
              13       43  0.186075896116E-07
              13       44  0.163877772256E-07
              13       45  0.144918305802E-07
              13       46  0.128618367070E-07
              13       47  0.114510943327E-07
              13       48  0.102218779754E-07
              13       49  0.914358182932E-08
              13       50  0.819127202103E-08
              13       51  0.734455238184E-08
              13       52  0.658667200982E-08
              13       53  0.590426912169E-08
              13       54  0.528975699804E-08
              13       55  0.473792159570E-08
              13       56  0.424372074608E-08
              13       57  0.380234446933E-08
              13       58  0.340926074520E-08
              13       59  0.306023906490E-08
              13       60  0.275135847964E-08
              13       61  0.247900504091E-08
              13       62  0.223986218623E-08
              13       63  0.203088620864E-08
              13       64  0.184865900985E-08
              13       65  0.168922710154E-08
              13       66  0.154918641715E-08
              13       67  0.142567802257E-08
              13       68  0.131629561831E-08
              13       69  0.121900956758E-08
              13       70  0.113210435361E-08
              13       71  0.105412697655E-08
              13       72  0.983844282565E-09
              13       73  0.920207603322E-09
              13       74  0.862323391811E-09
              13       75  0.809428855572E-09
              13       76  0.760894649975E-09
              13       77  0.716233116547E-09
              13       78  0.675026142864E-09
              13       79  0.636906998358E-09
              13       80  0.601553343921E-09
              13       81  0.568681273646E-09
              13       82  0.538040225557E-09
              13       83  0.509408625540E-09
              13       84  0.482590151195E-09
              13       85  0.457410520908E-09
              13       86  0.433714728818E-09
              13       87  0.411364659080E-09
              13       88  0.390237023431E-09
              13       89  0.370221574832E-09
              14        1 -0.130441129335E-01
              14        2 -0.113328968284E-01
              14        3 -0.918989792308E-02
              14        4 -0.702388352393E-02
              14        5 -0.511516105533E-02
              14        6 -0.373092827339E-02
              14        7 -0.272994253148E-02
              14        8 -0.188891184225E-02
              14        9 -0.117589466602E-02
              14       10 -0.642836282429E-03
              14       11 -0.310037458744E-03
              14       12 -0.132255626508E-03
              14       13 -0.427076801939E-04
              14       14 -0.211678940450E-05
              14       15  0.134800141257E-04
              14       16  0.165757957522E-04
              14       17  0.143045458310E-04
              14       18  0.102158847330E-04
              14       19  0.614485037263E-05
              14       20  0.248871711510E-05
              14       21 -0.440133861637E-06
              14       22 -0.252529708114E-05
              14       23 -0.389528961090E-05
              14       24 -0.470109182997E-05
              14       25 -0.508122392178E-05
              14       26 -0.514959139932E-05
              14       27 -0.501213821169E-05
              14       28 -0.474590363926E-05
              14       29 -0.440380569030E-05
              14       30 -0.402275670407E-05
              14       31 -0.363307890244E-05
              14       32 -0.325459266202E-05
              14       33 -0.289863479128E-05
              14       34 -0.257106975045E-05
              14       35 -0.227428160924E-05
              14       36 -0.200848070542E-05
              14       37 -0.177226378308E-05
              14       38 -0.156326054117E-05
              14       39 -0.137895296121E-05
              14       40 -0.121685956756E-05
              14       41 -0.107462228867E-05
              14       42 -0.950052777961E-06
              14       43 -0.841152829445E-06
              14       44 -0.746097707303E-06
              14       45 -0.663071283291E-06
              14       46 -0.590410665082E-06
              14       47 -0.526701911944E-06
              14       48 -0.470741155943E-06
              14       49 -0.421501084437E-06
              14       50 -0.378103093442E-06
              14       51 -0.339794106912E-06
              14       52 -0.305927241024E-06
              14       53 -0.275944134942E-06
              14       54 -0.249351525151E-06
              14       55 -0.225719809518E-06
              14       56 -0.204679682157E-06
              14       57 -0.185912914591E-06
              14       58 -0.169144623714E-06
              14       59 -0.154136807499E-06
              14       60 -0.140682925234E-06
              14       61 -0.128603340990E-06
              14       62 -0.117741482580E-06
              14       63 -0.107960561185E-06
              14       64 -0.991387617489E-07
              14       65 -0.911664400039E-07
              14       66 -0.839477365059E-07
              14       67 -0.773989250410E-07
              14       68 -0.714467166208E-07
              14       69 -0.660268219705E-07
              14       70 -0.610827299992E-07
              14       71 -0.565646672210E-07
              14       72 -0.524287091774E-07
              14       73 -0.486360198688E-07
              14       74 -0.451521992609E-07
              14       75 -0.419467247491E-07
              14       76 -0.389933113610E-07
              14       77 -0.362704181251E-07
              14       78 -0.337587695654E-07
              14       79 -0.314408151994E-07
              14       80 -0.293005689705E-07
              14       81 -0.273234635784E-07
              14       82 -0.254962184507E-07
              14       83 -0.238067201622E-07
              14       84 -0.222439141892E-07
              14       85 -0.207977069584E-07
              14       86 -0.194588772347E-07
              14       87 -0.182189959661E-07
              14       88 -0.170703537810E-07
              14       89 -0.160058954041E-07
              15        1  0.658596085887E-01
              15        2  0.436128606190E-01
              15        3  0.313887975906E-01
              15        4  0.240372157069E-01
              15        5  0.192328080438E-01
              15        6  0.158042618478E-01
              15        7  0.131853377543E-01
              15        8  0.110851751580E-01
              15        9  0.926299498271E-02
              15       10  0.757215307958E-02
              15       11  0.599844135801E-02
              15       12  0.459515642068E-02
              15       13  0.341382773753E-02
              15       14  0.246223049603E-02
              15       15  0.172159110366E-02
              15       16  0.116046062195E-02
              15       17  0.745522399883E-03
              15       18  0.445780762018E-03
              15       19  0.234706692408E-03
              15       20  0.898224090047E-04
              15       21 -0.643947995646E-05
              15       22 -0.672077373865E-04
              15       23 -0.102969842093E-03
              15       24 -0.121359350424E-03
              15       25 -0.128117878769E-03
              15       26 -0.127276733502E-03
              15       27 -0.121759532793E-03
              15       28 -0.113553740413E-03
              15       29 -0.104038734566E-03
              15       30 -0.941118375656E-04
              15       31 -0.843586494470E-04
              15       32 -0.751260361183E-04
              15       33 -0.665976707724E-04
              15       34 -0.588537581445E-04
              15       35 -0.519102410170E-04
              15       36 -0.457442087126E-04
              15       37 -0.403023543777E-04
              15       38 -0.355138802676E-04
              15       39 -0.313094959401E-04
              15       40 -0.276243177523E-04
              15       41 -0.243988219081E-04
              15       42 -0.215791677615E-04
              15       43 -0.191171393504E-04
              15       44 -0.169694400021E-04
              15       45 -0.150940453956E-04
              15       46 -0.134529354916E-04
              15       47 -0.120138760611E-04
              15       48 -0.107494900465E-04
              15       49 -0.963646660181E-05
              15       50 -0.865490777611E-05
              15       51 -0.778778749694E-05
              15       52 -0.702050240162E-05
              15       53 -0.634046672184E-05
              15       54 -0.573659529805E-05
              15       55 -0.519924843693E-05
              15       56 -0.472014147523E-05
              15       57 -0.429213673380E-05
              15       58 -0.390906931326E-05
              15       59 -0.356560160395E-05
              15       60 -0.325710141916E-05
              15       61 -0.297953962424E-05
              15       62 -0.272940390449E-05
              15       63 -0.250362590198E-05
              15       64 -0.229951771192E-05
              15       65 -0.211471910761E-05
              15       66 -0.194715617650E-05
              15       67 -0.179500334594E-05
              15       68 -0.165665066126E-05
              15       69 -0.153067575772E-05
              15       70 -0.141581979966E-05
              15       71 -0.131096678090E-05
              15       72 -0.121512567933E-05
              15       73 -0.112741504092E-05
              15       74 -0.104704963573E-05
              15       75 -0.973328886976E-06
              15       76 -0.905627377701E-06
              15       77 -0.843386713175E-06
              15       78 -0.786106477113E-06
              15       79 -0.733337412204E-06
              15       80 -0.684675659571E-06
              15       81 -0.639757705252E-06
              15       82 -0.598255939938E-06
              15       83 -0.559874751532E-06
              15       84 -0.524347081401E-06
              15       85 -0.491431384853E-06
              15       86 -0.460908944510E-06
              15       87 -0.432581492289E-06
              15       88 -0.406269101646E-06
              15       89 -0.381808316855E-06
              16        1  0.172741114903E-06
              16        2  0.106432133405E-05
              16        3  0.250166496343E-06
              16        4 -0.150521722430E-06
              16        5  0.288772575072E-06
              16        6  0.545482548850E-06
              16        7  0.363682692105E-06
              16        8  0.115084721278E-06
              16        9  0.579337007195E-08
              16       10  0.107977200687E-07
              16       11  0.320651762465E-07
              16       12  0.254114196749E-07
              16       13  0.187915021576E-07
              16       14  0.133726805276E-07
              16       15  0.963668336024E-08
              16       16  0.637053202498E-08
              16       17  0.421666061753E-08
              16       18  0.248380532392E-08
              16       19  0.238951907395E-08
              16       20  0.185904032537E-08
              16       21  0.116511834869E-08
              16       22  0.778210307466E-09
              16       23  0.566885581460E-09
              16       24  0.398875179920E-09
              16       25  0.274595475263E-09
              16       26  0.198675930446E-09
              16       27  0.142025226397E-09
              16       28  0.868412112992E-10
              16       29  0.425128280449E-10
              16       30  0.158092548318E-10
              16       31  0.198818993874E-11
              16       32 -0.406917203470E-11
              16       33 -0.577372162181E-11
              16       34 -0.537565027350E-11
              16       35 -0.433633230313E-11
              16       36 -0.357253665255E-11
              16       37 -0.331763966171E-11
              16       38 -0.332231192689E-11
              16       39 -0.339818938190E-11
              16       40 -0.342380792159E-11
              16       41 -0.332385868245E-11
              16       42 -0.305465472072E-11
              16       43 -0.259395026741E-11
              16       44 -0.194238938492E-11
              16       45 -0.118389201562E-11
              16       46 -0.418302928464E-12
              16       47  0.285989581987E-12
              16       48  0.883916958369E-12
              16       49  0.134727317566E-11
              16       50  0.165995851816E-11
              16       51  0.181447791396E-11
              16       52  0.180936625804E-11
              16       53  0.165161345548E-11
              16       54  0.138358200321E-11
              16       55  0.105359486733E-11
              16       56  0.697488915726E-12
              16       57  0.341423408255E-12
              16       58  0.416734502054E-14
              16       59 -0.301137897388E-12
              16       60 -0.565619715656E-12
              16       61 -0.783626700931E-12
              16       62 -0.951921365466E-12
              16       63 -0.106912864738E-11
              16       64 -0.113949215142E-11
              16       65 -0.117346727533E-11
              16       66 -0.118003147881E-11
              16       67 -0.116637638226E-11
              16       68 -0.113824800132E-11
              16       69 -0.110022186491E-11
              16       70 -0.105592575898E-11
              16       71 -0.100822027833E-11
              16       72 -0.959345323180E-12
              16       73 -0.911039067539E-12
              16       74 -0.864634642777E-12
              16       75 -0.821137922588E-12
              16       76 -0.781010968708E-12
              16       77 -0.743916893536E-12
              16       78 -0.709466159820E-12
              16       79 -0.677326581187E-12
              16       80 -0.647214225696E-12
              16       81 -0.618885836408E-12
              16       82 -0.592132505057E-12
              16       83 -0.566774382534E-12
              16       84 -0.542656250132E-12
              16       85 -0.519643804092E-12
              16       86 -0.497620534643E-12
              16       87 -0.476485099171E-12
              16       88 -0.456149108884E-12
              16       89 -0.436535259809E-12
              17        1 -0.251817167406E-04
              17        2 -0.112741269017E-04
              17        3 -0.124867385309E-04
              17        4 -0.436170899217E-05
              17        5 -0.645738202844E-06
              17        6 -0.358128667907E-05
              17        7 -0.576315422855E-05
              17        8 -0.426819804227E-05
              17        9 -0.187729074654E-05
              17       10 -0.426892905593E-06
              17       11 -0.228533705882E-06
              17       12 -0.336524939050E-06
              17       13 -0.264563881747E-06
              17       14 -0.198217040680E-06
              17       15 -0.140109761880E-06
              17       16 -0.102123960318E-06
              17       17 -0.724072602003E-07
              17       18 -0.515754438587E-07
              17       19 -0.363402426890E-07
              17       20 -0.255484858081E-07
              17       21 -0.180084203324E-07
              17       22 -0.127068947199E-07
              17       23 -0.897577249417E-08
              17       24 -0.633879201687E-08
              17       25 -0.440248127523E-08
              17       26 -0.293994444528E-08
              17       27 -0.195263752873E-08
              17       28 -0.139998679843E-08
              17       29 -0.107518922134E-08
              17       30 -0.830100514667E-09
              17       31 -0.634306146487E-09
              17       32 -0.480282121692E-09
              17       33 -0.361281469970E-09
              17       34 -0.271417577951E-09
              17       35 -0.205647492671E-09
              17       36 -0.159673057734E-09
              17       37 -0.128775761182E-09
              17       38 -0.108007713318E-09
              17       39 -0.936998118487E-10
              17       40 -0.832097861765E-10
              17       41 -0.746486283900E-10
              17       42 -0.666801956448E-10
              17       43 -0.583739619720E-10
              17       44 -0.491700107297E-10
              17       45 -0.393591461650E-10
              17       46 -0.294759921447E-10
              17       47 -0.198694805763E-10
              17       48 -0.107541246973E-10
              17       49 -0.225078667240E-11
              17       50  0.558405777786E-11
              17       51  0.127373738551E-10
              17       52  0.192246415822E-10
              17       53  0.250661171970E-10
              17       54  0.301930319206E-10
              17       55  0.345291534777E-10
              17       56  0.380413625849E-10
              17       57  0.407271524984E-10
              17       58  0.426050207798E-10
              17       59  0.437073973923E-10
              17       60  0.440754716244E-10
              17       61  0.437554393259E-10
              17       62  0.427958108625E-10
              17       63  0.412466394850E-10
              17       64  0.392265371617E-10
              17       65  0.369372803651E-10
              17       66  0.345436707342E-10
              17       67  0.321716813887E-10
              17       68  0.299163957766E-10
              17       69  0.278483683624E-10
              17       70  0.260187233899E-10
              17       71  0.244632431357E-10
              17       72  0.232056459430E-10
              17       73  0.222602138844E-10
              17       74  0.216338978395E-10
              17       75  0.213279303300E-10
              17       76  0.213147915170E-10
              17       77  0.215125855695E-10
              17       78  0.218470841618E-10
              17       79  0.222589739329E-10
              17       80  0.227011697580E-10
              17       81  0.231366019615E-10
              17       82  0.235363930429E-10
              17       83  0.238783548742E-10
              17       84  0.241457498286E-10
              17       85  0.243262694787E-10
              17       86  0.244111927887E-10
              17       87  0.243946925014E-10
              17       88  0.242732639532E-10
              17       89  0.240452550860E-10
              18        1  0.171202974698E-03
              18        2  0.589537481961E-04
              18        3  0.889216865697E-04
              18        4  0.579359528918E-04
              18        5  0.861866175057E-05
              18        6  0.904020187725E-05
              18        7  0.319606236419E-04
              18        8  0.359779193267E-04
              18        9  0.239145553838E-04
              18       10  0.110062863268E-04
              18       11  0.499048534632E-05
              18       12  0.383687541342E-05
              18       13  0.276614657841E-05
              18       14  0.202714122135E-05
              18       15  0.144234080793E-05
              18       16  0.106627389470E-05
              18       17  0.774580120277E-06
              18       18  0.571792590336E-06
              18       19  0.370022095773E-06
              18       20  0.249106756997E-06
              18       21  0.179256806637E-06
              18       22  0.125374243388E-06
              18       23  0.849174271858E-07
              18       24  0.578662394615E-07
              18       25  0.391648707871E-07
              18       26  0.253023310087E-07
              18       27  0.162145793637E-07
              18       28  0.115327151882E-07
              18       29  0.902421797887E-08
              18       30  0.710698074814E-08
              18       31  0.551551323106E-08
              18       32  0.422636269839E-08
              18       33  0.321042228812E-08
              18       34  0.243709018225E-08
              18       35  0.187661506174E-08
              18       36  0.150083092080E-08
              18       37  0.126722535977E-08
              18       38  0.112342417325E-08
              18       39  0.103153792706E-08
              18       40  0.965343056816E-09
              18       41  0.906930963297E-09
              18       42  0.844311187045E-09
              18       43  0.769693362609E-09
              18       44  0.679130835379E-09
              18       45  0.578321194309E-09
              18       46  0.475432463722E-09
              18       47  0.376042686533E-09
              18       48  0.283812087777E-09
              18       49  0.201022844125E-09
              18       50  0.128974495514E-09
              18       51  0.682733818305E-10
              18       52  0.190441538182E-10
              18       53 -0.190363752119E-10
              18       54 -0.474164517304E-10
              18       55 -0.677964934302E-10
              18       56 -0.815771349420E-10
              18       57 -0.899110869138E-10
              18       58 -0.937485937459E-10
              18       59 -0.938741869299E-10
              18       60 -0.909364784517E-10
              18       61 -0.854723729508E-10
              18       62 -0.779267916269E-10
              18       63 -0.686726251338E-10
              18       64 -0.582565805818E-10
              18       65 -0.474627221875E-10
              18       66 -0.369141887890E-10
              18       67 -0.270753172322E-10
              18       68 -0.182852584486E-10
              18       69 -0.107847668570E-10
              18       70 -0.473755175227E-11
              18       71 -0.247291517360E-12
              18       72  0.262881510749E-11
              18       73  0.386926520550E-11
              18       74  0.347968116002E-11
              18       75  0.148636414229E-11
              18       76 -0.194955747519E-11
              18       77 -0.640548353300E-11
              18       78 -0.115006668811E-10
              18       79 -0.169310303058E-10
              18       80 -0.224553954415E-10
              18       81 -0.278841322519E-10
              18       82 -0.330697993275E-10
              18       83 -0.378994233506E-10
              18       84 -0.422881295484E-10
              18       85 -0.461738866575E-10
              18       86 -0.495131720743E-10
              18       87 -0.522773973201E-10
              18       88 -0.544499621219E-10
              18       89 -0.560238285074E-10
              19        1  0.979573916012E-03
              19        2  0.576213371696E-03
              19        3  0.258184309681E-03
              19        4  0.211367537571E-04
              19        5  0.382699031595E-05
              19        6  0.344691281370E-04
              19        7 -0.127109415951E-05
              19        8 -0.718555848590E-04
              19        9 -0.109570319693E-03
              19       10 -0.985765487931E-04
              19       11 -0.692017530068E-04
              19       12 -0.453205719028E-04
              19       13 -0.302068283210E-04
              19       14 -0.203645265994E-04
              19       15 -0.138839291103E-04
              19       16 -0.953597823453E-05
              19       17 -0.652197609964E-05
              19       18 -0.445899507823E-05
              19       19 -0.289320015554E-05
              19       20 -0.185437537623E-05
              19       21 -0.117252539461E-05
              19       22 -0.697368606760E-06
              19       23 -0.373432983023E-06
              19       24 -0.165382584095E-06
              19       25 -0.349084969870E-07
              19       26  0.452425407072E-07
              19       27  0.901336916701E-07
              19       28  0.110382084840E-06
              19       29  0.116160621170E-06
              19       30  0.114373687715E-06
              19       31  0.108381163284E-06
              19       32  0.100138724026E-06
              19       33  0.909168269547E-07
              19       34  0.815254156907E-07
              19       35  0.724656621217E-07
              19       36  0.640319164467E-07
              19       37  0.563553221471E-07
              19       38  0.494578901684E-07
              19       39  0.433230576197E-07
              19       40  0.379131363722E-07
              19       41  0.331789105927E-07
              19       42  0.290659168060E-07
              19       43  0.255184744148E-07
              19       44  0.224797298366E-07
              19       45  0.198743396416E-07
              19       46  0.176276679770E-07
              19       47  0.156790993964E-07
              19       48  0.139793061037E-07
              19       49  0.124879722984E-07
              19       50  0.111720091183E-07
              19       51  0.100041480752E-07
              19       52  0.896182785489E-08
              19       53  0.802682595181E-08
              19       54  0.718794024082E-08
              19       55  0.643702218742E-08
              19       56  0.576640003073E-08
              19       57  0.516890939361E-08
              19       58  0.463791284726E-08
              19       59  0.416729873645E-08
              19       60  0.375146625818E-08
              19       61  0.338530180646E-08
              19       62  0.306415014964E-08
              19       63  0.278376862834E-08
              19       64  0.253942876896E-08
              19       65  0.232568788658E-08
              19       66  0.213787347781E-08
              19       67  0.197207300251E-08
              19       68  0.182500351136E-08
              19       69  0.169390475257E-08
              19       70  0.157645133187E-08
              19       71  0.147068037119E-08
              19       72  0.137493180385E-08
              19       73  0.128779899608E-08
              19       74  0.120808782544E-08
              19       75  0.113478286679E-08
              19       76  0.106707548714E-08
              19       77  0.100440200291E-08
              19       78  0.946282534722E-09
              19       79  0.892289353655E-09
              19       80  0.842040531038E-09
              19       81  0.795194441286E-09
              19       82  0.751444993088E-09
              19       83  0.710517483812E-09
              19       84  0.672164988354E-09
              19       85  0.636165207299E-09
              19       86  0.602317710626E-09
              19       87  0.570441522774E-09
              19       88  0.540373002873E-09
              19       89  0.511963980715E-09
              20        1 -0.144417184993E-01
              20        2 -0.127142879583E-01
              20        3 -0.103459962220E-01
              20        4 -0.797196434879E-02
              20        5 -0.583916785994E-02
              20        6 -0.424817425906E-02
              20        7 -0.309533862185E-02
              20        8 -0.215219498443E-02
              20        9 -0.135935081996E-02
              20       10 -0.757497010948E-03
              20       11 -0.372922134566E-03
              20       12 -0.162930829422E-03
              20       13 -0.564517572039E-04
              20       14 -0.740164449483E-05
              20       15  0.120823698171E-04
              20       16  0.167386009529E-04
              20       17  0.148870062122E-04
              20       18  0.107171754321E-04
              20       19  0.640048217946E-05
              20       20  0.245617759937E-05
              20       21 -0.729080409481E-06
              20       22 -0.300426471290E-05
              20       23 -0.449994729030E-05
              20       24 -0.537684684752E-05
              20       25 -0.578515982145E-05
              20       26 -0.584927241160E-05
              20       27 -0.568547622119E-05
              20       28 -0.537870972349E-05
              20       29 -0.498804808179E-05
              20       30 -0.455478331073E-05
              20       31 -0.411271862547E-05
              20       32 -0.368390271387E-05
              20       33 -0.328091169391E-05
              20       34 -0.291021551235E-05
              20       35 -0.257440419640E-05
              20       36 -0.227364811410E-05
              20       37 -0.200633817905E-05
              20       38 -0.176980361971E-05
              20       39 -0.156120459483E-05
              20       40 -0.137773966756E-05
              20       41 -0.121674493101E-05
              20       42 -0.107574702541E-05
              20       43 -0.952486674096E-06
              20       44 -0.844899947345E-06
              20       45 -0.750930516408E-06
              20       46 -0.668694861999E-06
              20       47 -0.596591678672E-06
              20       48 -0.533257753786E-06
              20       49 -0.477529937038E-06
              20       50 -0.428413554447E-06
              20       51 -0.385056122271E-06
              20       52 -0.346725426559E-06
              20       53 -0.312789429411E-06
              20       54 -0.282689280784E-06
              20       55 -0.255938137915E-06
              20       56 -0.232117632912E-06
              20       57 -0.210867378608E-06
              20       58 -0.191876170111E-06
              20       59 -0.174874632950E-06
              20       60 -0.159629062339E-06
              20       61 -0.145936246209E-06
              20       62 -0.133619103151E-06
              20       63 -0.122522966031E-06
              20       64 -0.112510568184E-06
              20       65 -0.103458964454E-06
              20       66 -0.952605880282E-07
              20       67 -0.878213685913E-07
              20       68 -0.810588627987E-07
              20       69 -0.749006671366E-07
              20       70 -0.692830671295E-07
              20       71 -0.641498848892E-07
              20       72 -0.594514935437E-07
              20       73 -0.551439724300E-07
              20       74 -0.511883813155E-07
              20       75 -0.475501380301E-07
              20       76 -0.441993336005E-07
              20       77 -0.411112015734E-07
              20       78 -0.382635700585E-07
              20       79 -0.356362809341E-07
              20       80 -0.332109978293E-07
              20       81 -0.309710327072E-07
              20       82 -0.289011893222E-07
              20       83 -0.269876219583E-07
              20       84 -0.252177079801E-07
              20       85 -0.235799328571E-07
              20       86 -0.220637864363E-07
              20       87 -0.206596693547E-07
              20       88 -0.193588085841E-07
              20       89 -0.181531811988E-07
              21        1  0.642860526860E-01
              21        2  0.420297506200E-01
              21        3  0.300029924729E-01
              21        4  0.228759015444E-01
              21        5  0.183572834138E-01
              21        6  0.151789524740E-01
              21        7  0.127258804575E-01
              21        8  0.107358596447E-01
              21        9  0.900953816867E-02
              21       10  0.740982717200E-02
              21       11  0.590653370900E-02
              21       12  0.454713573137E-02
              21       13  0.338975371134E-02
              21       14  0.245071011365E-02
              21       15  0.171636503085E-02
              21       16  0.115819300179E-02
              21       17  0.744523264548E-03
              21       18  0.445208817960E-03
              21       19  0.234247894467E-03
              21       20  0.892861482969E-04
              21       21 -0.710902715611E-05
              21       22 -0.679825799334E-04
              21       23 -0.103810815772E-03
              21       24 -0.122230601683E-03
              21       25 -0.128987528678E-03
              21       26 -0.128118464620E-03
              21       27 -0.122556256406E-03
              21       28 -0.114295449745E-03
              21       29 -0.104719760338E-03
              21       30 -0.947296663917E-04
              21       31 -0.849141227495E-04
              21       32 -0.756222413263E-04
              21       33 -0.670388977797E-04
              21       34 -0.592448361626E-04
              21       35 -0.522561253980E-04
              21       36 -0.460497307842E-04
              21       37 -0.405720523021E-04
              21       38 -0.357519054894E-04
              21       39 -0.315196014185E-04
              21       40 -0.278098692712E-04
              21       41 -0.245628207966E-04
              21       42 -0.217242793995E-04
              21       43 -0.192457238974E-04
              21       44 -0.170835804895E-04
              21       45 -0.151955542484E-04
              21       46 -0.135433789053E-04
              21       47 -0.120946100244E-04
              21       48 -0.108216909007E-04
              21       49 -0.970115686365E-05
              21       50 -0.871297799562E-05
              21       51 -0.784001479048E-05
              21       52 -0.706756619410E-05
              21       53 -0.638296170756E-05
              21       54 -0.577503957188E-05
              21       55 -0.523409282451E-05
              21       56 -0.475177924308E-05
              21       57 -0.432091177259E-05
              21       58 -0.393528304364E-05
              21       59 -0.358951882143E-05
              21       60 -0.327895525501E-05
              21       61 -0.299953576772E-05
              21       62 -0.274772420592E-05
              21       63 -0.252043145861E-05
              21       64 -0.231495171181E-05
              21       65 -0.212890934725E-05
              21       66 -0.196021692029E-05
              21       67 -0.180703691438E-05
              21       68 -0.166774881521E-05
              21       69 -0.154092090698E-05
              21       70 -0.142528606014E-05
              21       71 -0.131972090087E-05
              21       72 -0.122322785237E-05
              21       73 -0.113491962051E-05
              21       74 -0.105400576453E-05
              21       75 -0.979781051932E-06
              21       76 -0.911615974791E-06
              21       77 -0.848948637062E-06
              21       78 -0.791275474518E-06
              21       79 -0.738144371876E-06
              21       80 -0.689148874048E-06
              21       81 -0.643923107236E-06
              21       82 -0.602137315828E-06
              21       83 -0.563493934403E-06
              21       84 -0.527724125488E-06
              21       85 -0.494584723384E-06
              21       86 -0.463855532566E-06
              21       87 -0.435336936170E-06
              21       88 -0.408847776089E-06
              21       89 -0.384223471308E-06
